Date,Open,High,Low,Close,Volume,Currency
2010-12-01,7.05,7.14,6.89,7.09,1189927,TRY
2010-12-02,7.12,7.19,7.05,7.14,2413094,TRY
2010-12-03,7.09,7.23,7.09,7.16,1810152,TRY
2010-12-06,7.18,7.23,7.16,7.21,1801382,TRY
2010-12-07,7.19,7.21,7.12,7.18,1474481,TRY
2010-12-08,7.12,7.19,7.09,7.16,1133806,TRY
2010-12-09,7.16,7.18,6.83,6.96,2329515,TRY
2010-12-10,6.96,6.96,6.73,6.73,1168992,TRY
2010-12-13,6.76,6.87,6.65,6.87,1104595,TRY
2010-12-14,6.87,6.87,6.67,6.8,1887151,TRY
2010-12-15,6.74,6.78,6.64,6.69,1334622,TRY
2010-12-16,6.67,6.71,6.58,6.65,1112161,TRY
2010-12-17,6.69,6.8,6.56,6.64,1462114,TRY
2010-12-20,6.64,6.73,6.47,6.69,729988,TRY
2010-12-21,6.67,6.87,6.67,6.87,1230237,TRY
2010-12-22,6.89,6.89,6.82,6.87,455919,TRY
2010-12-23,6.87,6.91,6.78,6.87,578017,TRY
2010-12-24,6.87,6.89,6.83,6.87,243446,TRY
2010-12-27,6.87,6.89,6.76,6.87,225155,TRY
2010-12-28,6.87,7.0,6.83,6.91,1556683,TRY
2010-12-29,6.96,6.98,6.87,6.92,811674,TRY
2010-12-30,6.91,7.05,6.91,7.0,1508492,TRY
2010-12-31,7.03,7.1,6.98,7.01,1211714,TRY
2011-01-03,7.07,7.21,7.05,7.19,1062897,TRY
2011-01-04,7.19,7.32,7.19,7.28,933412,TRY
2011-01-05,7.28,7.46,7.28,7.45,3108811,TRY
2011-01-06,7.48,7.63,7.48,7.61,3174903,TRY
2011-01-07,7.61,7.64,7.54,7.59,1187558,TRY
2011-01-10,7.57,7.61,7.45,7.48,1386157,TRY
2011-01-11,7.52,7.64,7.52,7.59,1326652,TRY
2011-01-12,7.59,7.79,7.55,7.77,1171110,TRY
2011-01-13,7.79,7.91,7.79,7.88,1013041,TRY
2011-01-14,7.88,7.98,7.86,7.98,1248575,TRY
2011-01-17,7.91,7.91,7.71,7.73,593052,TRY
2011-01-18,7.77,8.02,7.77,7.97,1829244,TRY
2011-01-19,8.02,8.13,7.88,7.91,2169384,TRY
2011-01-20,7.89,7.98,7.73,7.82,1772249,TRY
2011-01-21,7.82,7.88,7.57,7.88,2221062,TRY
2011-01-24,7.88,7.88,7.61,7.73,1271133,TRY
2011-01-25,7.73,7.77,7.61,7.63,895823,TRY
2011-01-26,7.66,7.7,7.61,7.64,658677,TRY
2011-01-27,7.7,7.77,7.63,7.64,1191876,TRY
2011-01-28,7.61,7.64,7.52,7.61,644922,TRY
2011-01-31,7.52,7.57,7.32,7.5,822976,TRY
2011-02-01,7.59,7.63,7.52,7.63,1100845,TRY
2011-02-02,7.68,7.68,7.52,7.55,986219,TRY
2011-02-03,7.55,7.57,7.27,7.36,1002620,TRY
2011-02-04,7.36,7.37,7.14,7.34,1074134,TRY
2011-02-07,7.45,7.45,7.16,7.19,898689,TRY
2011-02-08,7.19,7.34,7.16,7.34,1056951,TRY
2011-02-09,7.34,7.39,7.21,7.21,974698,TRY
2011-02-10,7.19,7.23,7.05,7.07,658758,TRY
2011-02-11,7.07,7.18,7.03,7.16,1001728,TRY
2011-02-14,7.19,7.25,7.14,7.14,752172,TRY
2011-02-15,7.14,7.3,7.1,7.25,853663,TRY
2011-02-16,7.27,7.36,7.27,7.28,1525038,TRY
2011-02-17,7.32,7.34,7.09,7.19,1600654,TRY
2011-02-18,7.23,7.28,6.85,6.87,6011356,TRY
2011-02-21,6.87,6.89,6.71,6.73,1016894,TRY
2011-02-22,6.69,6.69,6.55,6.62,4586465,TRY
2011-02-23,6.58,6.64,6.37,6.44,1982330,TRY
2011-02-24,6.29,6.47,6.26,6.47,2447047,TRY
2011-02-25,6.56,6.62,6.44,6.58,1325845,TRY
2011-02-28,6.6,6.69,6.47,6.67,3887177,TRY
2011-03-01,6.69,6.71,6.19,6.29,3251587,TRY
2011-03-02,6.29,6.29,6.01,6.15,1496251,TRY
2011-03-03,6.2,6.35,6.19,6.31,1785243,TRY
2011-03-04,6.33,6.33,6.22,6.26,1272352,TRY
2011-03-07,6.11,6.17,6.01,6.11,1354856,TRY
2011-03-08,6.17,6.17,5.99,6.04,2759484,TRY
2011-03-09,6.08,6.22,6.04,6.22,10137464,TRY
2011-03-10,6.17,6.44,6.17,6.35,12038937,TRY
2011-03-11,6.29,6.38,6.29,6.37,2838689,TRY
2011-03-14,6.38,6.55,6.37,6.49,4643015,TRY
2011-03-15,6.44,6.44,6.24,6.44,2779771,TRY
2011-03-16,6.51,6.6,6.37,6.42,3483079,TRY
2011-03-17,6.47,6.49,6.38,6.42,2370416,TRY
2011-03-18,6.47,6.49,6.29,6.4,2825808,TRY
2011-03-21,6.4,6.56,6.37,6.49,3225850,TRY
2011-03-22,6.49,6.55,6.47,6.49,1302925,TRY
2011-03-23,6.49,6.58,6.4,6.44,3689496,TRY
2011-03-24,6.42,6.56,6.4,6.56,3100517,TRY
2011-03-25,6.6,6.69,6.58,6.65,4240466,TRY
2011-03-28,6.69,6.8,6.65,6.8,3032263,TRY
2011-03-29,6.86,6.86,6.75,6.81,1671972,TRY
2011-03-30,6.83,6.9,6.83,6.85,1064232,TRY
2011-03-31,6.9,6.94,6.75,6.75,1876445,TRY
2011-04-01,6.86,6.9,6.81,6.9,1815969,TRY
2011-04-04,6.9,7.13,6.88,7.13,5738762,TRY
2011-04-05,7.17,7.22,7.05,7.13,2872706,TRY
2011-04-06,7.13,7.28,7.09,7.22,2315817,TRY
2011-04-07,7.22,7.41,7.17,7.41,1872984,TRY
2011-04-08,7.47,7.47,7.3,7.37,1076391,TRY
2011-04-11,7.37,7.53,7.24,7.39,1040638,TRY
2011-04-12,7.36,7.51,7.3,7.45,1124670,TRY
2011-04-13,7.43,7.47,7.37,7.43,758536,TRY
2011-04-14,7.45,7.49,7.39,7.45,494259,TRY
2011-04-15,7.47,7.47,7.32,7.37,1284820,TRY
2011-09-20,6.37,7.03,6.35,6.75,1723614,TRY
2011-09-21,6.73,6.98,6.69,6.79,1188083,TRY
2011-09-22,6.69,6.73,6.45,6.5,1135649,TRY
2011-09-23,6.49,6.58,6.15,6.32,1720476,TRY
2011-09-26,6.22,6.49,6.18,6.3,1193828,TRY
2011-09-27,6.41,6.56,6.41,6.49,812420,TRY
2011-09-28,6.47,6.81,6.47,6.81,1821507,TRY
2011-09-29,6.81,6.9,6.77,6.86,958723,TRY
2011-09-30,6.86,6.92,6.58,6.92,1228090,TRY
2011-10-03,6.86,6.98,6.62,6.85,2004561,TRY
2011-10-04,6.77,6.81,6.54,6.56,888360,TRY
2011-10-05,6.6,6.66,6.39,6.43,1770104,TRY
2011-10-06,6.49,6.54,6.33,6.37,1086546,TRY
2011-10-07,6.45,6.5,6.35,6.47,1391737,TRY
2011-10-10,6.52,6.58,6.45,6.56,1100287,TRY
2011-10-11,6.56,6.67,6.54,6.62,1420987,TRY
2011-10-12,6.64,6.79,6.64,6.71,1904705,TRY
2011-10-13,6.71,6.77,6.5,6.58,1439922,TRY
2011-10-14,6.62,6.64,6.52,6.58,906214,TRY
2011-10-17,6.62,6.67,6.39,6.5,1496719,TRY
2011-10-18,6.47,6.5,6.41,6.45,788138,TRY
2011-10-19,6.52,6.52,6.3,6.3,850816,TRY
2011-10-20,6.26,6.26,6.15,6.18,812194,TRY
2011-10-21,6.15,6.22,6.09,6.2,1220379,TRY
2011-10-24,6.24,6.3,6.03,6.3,1496113,TRY
2011-10-25,6.28,6.41,6.2,6.35,2039232,TRY
2011-10-26,6.35,6.52,6.28,6.5,2075374,TRY
2011-10-27,6.54,6.58,6.47,6.52,1530521,TRY
2011-10-28,6.56,6.56,6.37,6.52,355854,TRY
2011-10-31,6.5,6.52,6.41,6.43,949904,TRY
2011-11-01,6.35,6.41,6.09,6.2,699490,TRY
2011-11-02,6.26,6.28,6.11,6.22,770394,TRY
2011-11-03,6.15,6.33,6.11,6.32,595310,TRY
2011-11-04,6.35,6.47,6.32,6.45,821340,TRY
2011-11-10,6.18,6.3,6.16,6.22,1507351,TRY
2011-11-11,6.22,6.3,6.2,6.26,1049994,TRY
2011-11-14,6.28,6.33,6.18,6.18,1341169,TRY
2011-11-15,6.2,6.32,6.18,6.3,777902,TRY
2011-11-16,6.24,6.32,6.22,6.32,687517,TRY
2011-11-17,6.3,6.32,6.16,6.16,821120,TRY
2011-11-18,6.18,6.22,6.09,6.11,460488,TRY
2011-11-21,6.22,6.22,5.67,5.77,573290,TRY
2011-11-22,5.84,5.86,5.54,5.63,1189983,TRY
2011-11-23,5.58,5.63,5.39,5.43,1003375,TRY
2011-11-24,5.48,5.56,5.2,5.22,1397633,TRY
2011-11-25,5.29,5.46,5.11,5.46,1627878,TRY
2011-11-28,5.52,5.56,5.45,5.52,1794774,TRY
2011-11-29,5.48,5.58,5.48,5.54,3065185,TRY
2011-11-30,5.54,5.84,5.52,5.84,3107614,TRY
2011-12-01,5.84,5.96,5.71,5.71,2058980,TRY
2011-12-02,5.77,5.92,5.75,5.82,1602442,TRY
2011-12-05,5.86,5.94,5.84,5.88,628250,TRY
2011-12-06,5.84,5.9,5.71,5.75,1441888,TRY
2011-12-07,5.81,5.88,5.63,5.75,2400020,TRY
2011-12-08,5.75,5.79,5.52,5.54,1168258,TRY
2011-12-09,5.48,5.65,5.45,5.62,1068478,TRY
2011-12-12,5.58,5.62,5.43,5.45,921135,TRY
2011-12-13,5.45,5.54,5.41,5.48,1335045,TRY
2011-12-14,5.46,5.5,5.35,5.46,1169227,TRY
2011-12-15,5.46,5.6,5.41,5.54,910487,TRY
2011-12-16,5.58,5.63,5.5,5.5,1154031,TRY
2011-12-19,5.48,5.52,5.35,5.39,1210143,TRY
2011-12-20,5.43,5.6,5.35,5.5,1135692,TRY
2011-12-21,5.56,5.63,5.48,5.56,938915,TRY
2011-12-22,5.62,5.65,5.52,5.63,862826,TRY
2011-12-23,5.67,5.69,5.6,5.63,343615,TRY
2011-12-26,5.69,5.69,5.63,5.69,211751,TRY
2011-12-27,5.69,5.88,5.65,5.88,1228375,TRY
2011-12-28,5.86,5.96,5.77,5.82,1172358,TRY
2011-12-29,5.82,5.92,5.73,5.92,911334,TRY
2011-12-30,5.96,5.99,5.77,5.79,697065,TRY
2012-01-02,5.81,5.82,5.75,5.79,321048,TRY
2012-01-03,5.82,5.96,5.82,5.9,1659901,TRY
2012-01-04,5.94,6.26,5.94,6.16,4934739,TRY
2012-01-05,6.18,6.39,6.07,6.35,2767783,TRY
2012-01-06,6.32,6.39,6.18,6.28,1793682,TRY
2012-01-09,6.3,6.41,6.28,6.41,1125110,TRY
2012-01-10,6.45,6.64,6.39,6.6,1364694,TRY
2012-01-11,6.6,6.6,6.37,6.43,1342397,TRY
2012-01-12,6.43,6.66,6.43,6.6,1023158,TRY
2012-01-13,6.66,6.73,6.49,6.69,1603149,TRY
2012-01-16,6.64,6.77,6.56,6.73,529583,TRY
2012-01-17,6.77,6.88,6.73,6.79,854343,TRY
2012-01-18,6.79,7.0,6.79,6.9,1183649,TRY
2012-01-19,6.9,6.9,6.69,6.79,1267574,TRY
2012-01-20,6.81,6.81,6.69,6.73,597447,TRY
2012-01-23,6.71,6.9,6.71,6.9,651774,TRY
2012-01-24,6.9,6.92,6.64,6.66,831937,TRY
2012-01-25,6.73,6.88,6.71,6.88,1368644,TRY
2012-01-26,6.92,7.19,6.9,7.11,1582896,TRY
2012-01-27,7.07,7.15,7.03,7.13,504365,TRY
2012-01-30,7.05,7.83,7.02,7.83,887311,TRY
2012-01-31,7.75,7.75,7.22,7.28,1603777,TRY
2012-02-01,7.3,7.43,7.22,7.3,1689411,TRY
2012-02-02,7.34,7.39,7.22,7.32,1553584,TRY
2012-02-03,7.34,7.45,7.34,7.43,665890,TRY
2012-02-06,7.41,7.49,7.09,7.24,1596003,TRY
2012-02-07,7.28,7.32,7.22,7.28,942682,TRY
2012-02-08,7.34,7.39,7.32,7.37,1166019,TRY
2012-02-09,7.37,7.53,7.32,7.41,1694563,TRY
2012-02-10,7.37,7.37,7.28,7.37,671481,TRY
2012-02-13,7.37,7.47,7.36,7.39,1093122,TRY
2012-02-14,7.41,7.41,7.17,7.28,1026498,TRY
2012-02-15,7.28,7.37,7.19,7.22,820417,TRY
2012-02-16,7.24,7.26,7.05,7.15,1571041,TRY
2012-02-17,7.19,7.36,7.19,7.28,1152458,TRY
2012-02-20,7.34,7.37,7.26,7.3,706689,TRY
2012-02-21,7.3,7.32,7.2,7.3,628029,TRY
2012-02-22,7.26,7.45,7.26,7.39,1708025,TRY
2012-02-23,7.39,7.45,7.24,7.3,1229348,TRY
2012-02-24,7.37,7.43,7.26,7.41,847848,TRY
2012-02-27,7.37,7.41,7.24,7.26,439643,TRY
2012-02-28,7.34,7.49,7.28,7.45,1085685,TRY
2012-02-29,7.51,7.6,7.34,7.6,1301270,TRY
2012-03-01,7.47,7.51,7.37,7.39,710057,TRY
2012-03-02,7.41,7.47,7.32,7.32,549160,TRY
2012-03-05,6.73,6.78,6.69,6.74,506979,TRY
2012-03-06,6.76,6.76,6.67,6.69,535866,TRY
2012-03-07,6.69,6.73,6.67,6.69,403015,TRY
2012-03-08,6.73,6.8,6.71,6.74,688413,TRY
2012-03-09,6.74,6.76,6.59,6.64,950569,TRY
2012-03-12,6.69,6.69,6.55,6.6,569700,TRY
2012-03-13,6.67,6.73,6.55,6.71,912059,TRY
2012-03-14,6.73,6.95,6.73,6.92,1446704,TRY
2012-03-15,6.94,6.99,6.87,6.94,584867,TRY
2012-03-16,6.94,7.01,6.92,6.99,851929,TRY
2012-03-19,6.99,7.04,6.87,6.94,1144043,TRY
2012-03-20,6.92,6.92,6.8,6.92,812167,TRY
2012-03-21,6.92,6.94,6.87,6.9,543242,TRY
2012-03-22,6.88,6.95,6.85,6.85,941213,TRY
2012-03-23,6.85,6.95,6.83,6.95,1052171,TRY
2012-03-26,6.94,7.13,6.92,7.13,1299013,TRY
2012-03-27,7.15,7.18,7.06,7.11,703942,TRY
2012-03-28,7.08,7.09,6.95,7.01,778510,TRY
2012-03-29,6.97,7.01,6.78,6.81,1218511,TRY
2012-03-30,6.83,6.97,6.81,6.95,2173465,TRY
2012-04-02,6.99,7.02,6.9,7.02,683330,TRY
2012-04-03,7.04,7.23,7.02,7.18,1585732,TRY
2012-04-04,7.13,7.16,7.06,7.11,802602,TRY
2012-04-05,7.13,7.21,7.02,7.15,1227017,TRY
2012-04-06,7.15,7.23,7.15,7.21,645014,TRY
2012-04-09,7.17,7.26,7.15,7.24,339161,TRY
2012-04-10,7.24,7.34,7.11,7.13,1004726,TRY
2012-04-11,7.13,7.21,7.04,7.21,760701,TRY
2012-04-12,7.23,7.26,7.13,7.26,499940,TRY
2012-04-13,7.28,7.32,7.13,7.21,658960,TRY
2012-04-16,7.1,7.11,6.93,7.11,1080974,TRY
2012-04-17,7.13,7.17,6.99,7.02,592919,TRY
2012-04-18,7.06,7.1,6.89,6.93,362353,TRY
2012-04-19,6.93,6.95,6.84,6.86,463892,TRY
2012-04-20,6.84,6.86,6.76,6.78,456959,TRY
2012-04-24,6.84,6.89,6.38,6.8,594613,TRY
2012-04-25,6.8,6.97,6.8,6.89,789852,TRY
2012-04-26,6.87,7.02,6.86,6.95,789350,TRY
2012-04-27,6.99,7.1,6.95,7.04,350635,TRY
2012-04-30,7.04,7.15,6.95,7.11,726913,TRY
2012-05-02,7.1,7.21,7.1,7.13,928302,TRY
2012-05-03,7.15,7.39,7.15,7.3,674713,TRY
2012-05-04,7.3,7.78,7.3,7.61,2392502,TRY
2012-05-07,7.43,7.85,7.41,7.82,1392231,TRY
2012-05-08,7.82,7.85,7.54,7.78,1335404,TRY
2012-05-09,7.65,7.82,7.61,7.74,583080,TRY
2012-05-10,7.69,7.78,7.63,7.78,502684,TRY
2012-05-11,7.76,7.76,7.63,7.65,343719,TRY
2012-05-14,7.65,7.76,7.61,7.63,486520,TRY
2012-05-15,7.61,7.65,7.37,7.56,577629,TRY
2012-05-16,7.54,7.54,7.19,7.52,1416598,TRY
2012-05-17,7.47,7.47,7.32,7.43,693798,TRY
2012-05-18,7.37,7.37,7.15,7.26,671239,TRY
2012-05-21,7.32,7.35,7.1,7.15,651184,TRY
2012-05-22,7.24,7.28,7.13,7.17,550761,TRY
2012-05-23,7.15,7.17,7.0,7.15,948462,TRY
2012-05-24,7.21,7.21,7.04,7.11,647399,TRY
2012-05-25,7.02,7.11,6.95,7.04,793591,TRY
2012-05-28,7.04,7.11,7.0,7.1,381463,TRY
2012-05-29,7.08,7.17,7.08,7.13,942834,TRY
2012-05-30,7.08,7.15,6.99,7.11,651466,TRY
2012-05-31,7.21,7.35,7.02,7.23,3661570,TRY
2012-06-01,7.21,7.39,7.19,7.39,882789,TRY
2012-06-04,7.34,7.39,7.26,7.35,337769,TRY
2012-06-05,7.39,7.39,7.24,7.34,221196,TRY
2012-06-06,7.35,7.35,7.13,7.28,927856,TRY
2012-06-07,7.32,7.41,7.28,7.35,998258,TRY
2012-06-08,7.32,7.35,7.21,7.35,874997,TRY
2012-06-11,7.43,7.47,7.37,7.39,776648,TRY
2012-06-12,7.39,7.76,7.37,7.76,1879736,TRY
2012-06-13,7.76,7.95,7.69,7.91,963064,TRY
2012-06-14,7.95,7.96,7.82,7.95,677288,TRY
2012-06-15,7.96,8.17,7.85,7.91,1951839,TRY
2012-06-18,7.95,8.06,7.89,7.91,941829,TRY
2012-06-19,7.82,8.02,7.82,8.02,451794,TRY
2012-06-20,8.17,8.2,7.83,7.83,999231,TRY
2012-06-21,7.83,8.02,7.74,7.96,1124128,TRY
2012-06-22,7.87,8.15,7.87,8.11,787993,TRY
2012-06-25,7.96,8.17,7.96,8.08,291732,TRY
2012-06-26,8.11,8.32,8.04,8.32,404924,TRY
2012-06-27,8.3,8.46,8.22,8.44,840113,TRY
2012-06-28,8.44,8.65,8.32,8.43,879918,TRY
2012-06-29,8.37,8.46,8.22,8.44,1287983,TRY
2012-07-02,8.41,8.41,8.24,8.32,826597,TRY
2012-07-03,8.35,8.43,8.22,8.3,1085831,TRY
2012-07-04,8.33,8.33,7.59,8.06,655572,TRY
2012-07-05,8.08,8.11,7.95,8.0,339094,TRY
2012-07-06,8.0,8.04,7.89,7.95,626329,TRY
2012-07-09,7.95,8.02,7.8,7.85,861300,TRY
2012-07-10,7.89,8.15,7.87,8.04,1015210,TRY
2012-07-11,8.04,8.19,8.02,8.06,750087,TRY
2012-07-12,8.06,8.08,7.91,8.02,402959,TRY
2012-07-13,8.04,8.06,7.98,8.0,235643,TRY
2012-07-16,8.02,8.06,7.85,7.93,568573,TRY
2012-07-17,7.91,7.91,7.74,7.85,878958,TRY
2012-07-18,7.71,7.85,7.71,7.72,391006,TRY
2012-07-19,7.78,7.78,7.69,7.74,877103,TRY
2012-07-20,7.78,7.78,7.56,7.61,545489,TRY
2012-07-23,7.61,7.71,7.45,7.71,547130,TRY
2012-07-24,7.67,7.91,7.59,7.74,797522,TRY
2012-07-25,7.76,7.87,7.69,7.8,594066,TRY
2012-07-26,7.82,8.13,7.82,8.13,1112520,TRY
2012-07-27,8.11,8.26,8.06,8.26,881417,TRY
2012-07-30,8.26,8.35,8.19,8.33,612449,TRY
2012-07-31,8.52,8.52,8.22,8.22,1211312,TRY
2012-08-01,8.3,8.44,8.28,8.39,1006124,TRY
2012-08-02,8.39,8.39,7.98,8.02,1179353,TRY
2012-08-03,8.02,8.15,7.96,8.11,1078499,TRY
2012-08-06,8.2,8.28,8.15,8.2,781964,TRY
2012-08-07,8.22,8.43,8.2,8.37,998868,TRY
2012-08-08,8.33,8.52,8.33,8.5,1191101,TRY
2012-08-09,8.52,8.63,8.5,8.59,1049769,TRY
2012-08-10,8.57,8.74,8.56,8.74,626710,TRY
2012-08-13,8.67,8.8,8.67,8.8,379006,TRY
2012-08-14,8.72,8.72,8.54,8.65,634342,TRY
2012-08-15,8.65,8.8,8.52,8.8,734343,TRY
2012-08-16,8.78,9.05,8.78,9.05,660271,TRY
2012-08-17,9.07,9.13,8.94,9.09,439030,TRY
2012-08-22,9.09,9.39,9.02,9.24,1141662,TRY
2012-08-23,9.17,9.28,9.15,9.24,1381518,TRY
2012-08-24,9.33,9.33,9.13,9.2,826845,TRY
2012-08-27,9.28,9.28,9.11,9.18,215597,TRY
2012-08-28,9.07,9.28,8.98,9.0,575996,TRY
2012-08-29,9.02,9.05,8.96,8.98,638838,TRY
2012-08-31,8.96,9.31,8.8,9.29,1518588,TRY
2012-09-03,9.28,9.37,9.15,9.33,591403,TRY
2012-09-04,9.24,9.56,9.19,9.38,792978,TRY
2012-09-05,9.42,9.61,9.33,9.56,823634,TRY
2012-09-06,9.61,9.61,9.38,9.61,662902,TRY
2012-09-07,9.61,9.84,9.42,9.7,809740,TRY
2012-09-10,9.7,9.84,9.42,9.56,1116555,TRY
2012-09-11,9.56,9.7,9.42,9.42,472794,TRY
2012-09-12,9.52,9.56,9.24,9.24,467438,TRY
2012-09-13,9.29,9.61,9.29,9.52,854211,TRY
2012-09-14,9.66,10.07,9.56,9.98,1644184,TRY
2012-09-17,9.84,9.98,9.56,9.7,501210,TRY
2012-09-18,9.7,9.7,9.29,9.29,780654,TRY
2012-09-19,9.38,9.52,9.05,9.47,1062991,TRY
2012-09-20,9.38,9.47,9.24,9.38,430444,TRY
2012-09-21,9.47,9.56,9.29,9.38,1096392,TRY
2012-09-24,9.15,9.52,9.15,9.38,472260,TRY
2012-09-25,9.47,9.47,9.29,9.38,997552,TRY
2012-09-26,9.47,9.47,9.15,9.15,556446,TRY
2012-09-27,9.19,9.19,8.89,8.89,639925,TRY
2012-09-28,8.96,9.07,8.78,8.83,616944,TRY
2012-10-01,8.83,9.04,8.83,9.0,1138775,TRY
2012-10-02,9.0,9.11,8.93,8.94,712761,TRY
2012-10-03,8.94,8.94,8.81,8.91,431331,TRY
2012-10-04,8.85,8.96,8.69,8.76,652366,TRY
2012-10-05,8.78,8.93,8.57,8.72,524790,TRY
2012-10-08,8.69,8.7,8.57,8.65,910015,TRY
2012-10-09,8.65,8.8,8.65,8.8,751821,TRY
2012-10-10,8.8,9.17,8.76,9.17,1329871,TRY
2012-10-11,9.15,9.31,9.07,9.24,1273370,TRY
2012-10-12,9.24,9.33,9.18,9.28,506866,TRY
2012-10-15,9.24,9.47,9.24,9.24,686219,TRY
2012-10-16,9.42,9.79,9.29,9.75,944567,TRY
2012-10-17,9.75,9.93,9.47,9.75,565244,TRY
2012-10-18,9.84,9.93,9.75,9.89,616813,TRY
2012-10-19,9.98,10.21,9.7,10.07,978366,TRY
2012-10-22,10.12,10.16,9.98,10.16,396584,TRY
2012-10-23,10.16,10.35,10.02,10.21,590647,TRY
2012-10-24,10.21,10.35,10.07,10.26,253931,TRY
2012-10-30,10.26,10.81,10.26,10.81,1853935,TRY
2012-10-31,10.9,11.13,10.9,10.95,1877190,TRY
2012-11-01,10.9,11.09,10.49,10.72,2028798,TRY
2012-11-02,10.67,10.67,9.75,9.75,2654175,TRY
2012-11-05,9.93,10.12,9.61,9.75,2213012,TRY
2012-11-06,9.75,9.75,9.42,9.66,1843196,TRY
2012-11-07,9.7,9.98,9.61,9.7,1528842,TRY
2012-11-08,9.79,10.3,9.61,10.21,1509974,TRY
2012-11-09,10.07,10.49,10.02,10.39,2049166,TRY
2012-11-12,10.44,10.53,10.16,10.39,1095719,TRY
2012-11-13,10.35,10.44,10.26,10.39,719634,TRY
2012-11-14,10.39,10.44,10.02,10.07,1057036,TRY
2012-11-15,10.16,10.16,9.79,9.89,798398,TRY
2012-11-16,9.84,9.93,9.61,9.61,584768,TRY
2012-11-19,9.56,10.16,9.52,10.12,1183011,TRY
2012-11-20,10.12,10.44,10.07,10.26,703014,TRY
2012-11-21,10.3,10.3,9.93,10.07,740280,TRY
2012-11-22,10.12,10.12,9.7,9.75,748854,TRY
2012-11-23,9.79,9.98,9.7,9.98,612267,TRY
2012-11-26,9.93,10.02,9.84,9.98,401426,TRY
2012-11-27,10.02,10.26,9.98,9.98,928289,TRY
2012-11-28,10.02,10.12,9.66,9.79,968977,TRY
2012-11-29,9.84,10.02,9.84,9.93,637610,TRY
2012-11-30,9.98,10.16,9.84,10.02,1042683,TRY
2012-12-03,9.98,10.49,9.98,10.44,1126867,TRY
2012-12-04,10.35,10.58,10.26,10.53,801636,TRY
2012-12-05,10.53,10.67,10.35,10.39,941750,TRY
2012-12-06,10.35,10.49,10.12,10.16,947157,TRY
2012-12-07,10.16,10.16,9.98,10.07,1306920,TRY
2012-12-10,10.07,10.12,9.93,10.02,1365139,TRY
2012-12-11,10.02,10.39,10.02,10.26,2431420,TRY
2012-12-12,10.16,10.35,10.02,10.07,1693558,TRY
2012-12-13,10.07,10.21,10.02,10.12,1169538,TRY
2012-12-14,10.12,10.21,9.89,9.89,741210,TRY
2012-12-17,9.93,10.07,9.89,9.98,1303677,TRY
2012-12-18,10.07,10.26,10.07,10.12,2009474,TRY
2012-12-19,10.16,10.3,9.98,9.98,1552893,TRY
2012-12-20,9.98,10.16,9.98,9.98,685895,TRY
2012-12-21,9.98,10.3,9.98,10.21,1565678,TRY
2012-12-24,10.21,10.3,10.12,10.3,652685,TRY
2012-12-25,10.3,10.49,10.3,10.44,1726455,TRY
2012-12-26,10.53,10.58,10.44,10.44,868138,TRY
2012-12-27,10.44,10.76,10.44,10.72,1453016,TRY
2012-12-28,10.81,10.81,10.53,10.81,768744,TRY
2012-12-31,10.81,10.86,10.58,10.81,897237,TRY
2013-01-02,10.99,11.36,10.76,11.36,841156,TRY
2013-01-03,11.32,11.36,11.09,11.27,935117,TRY
2013-01-04,11.18,11.23,11.04,11.18,659341,TRY
2013-01-07,11.13,11.32,10.95,10.99,861174,TRY
2013-01-08,11.09,11.18,10.81,10.9,1206077,TRY
2013-01-09,11.09,11.18,10.9,11.18,1282912,TRY
2013-01-10,11.18,11.18,10.95,11.09,1077154,TRY
2013-01-11,11.09,11.09,10.95,10.99,1012173,TRY
2013-01-14,11.04,11.18,10.99,11.13,902103,TRY
2013-01-15,11.18,11.46,11.18,11.46,1668748,TRY
2013-01-16,11.46,11.6,11.27,11.6,1339568,TRY
2013-01-17,11.6,11.83,11.55,11.73,1520581,TRY
2013-01-18,11.73,11.83,11.46,11.64,1370724,TRY
2013-01-21,11.64,11.69,11.36,11.5,444340,TRY
2013-01-22,11.46,11.69,11.23,11.41,646844,TRY
2013-01-23,11.32,11.6,11.32,11.46,1070254,TRY
2013-01-24,11.5,11.64,11.32,11.41,1095354,TRY
2013-01-25,11.41,11.5,11.18,11.36,987894,TRY
2013-01-28,11.36,11.36,10.95,11.18,1046103,TRY
2013-01-29,11.13,11.27,10.72,11.27,757352,TRY
2013-01-30,11.36,11.36,10.76,10.76,875516,TRY
2013-01-31,10.76,11.09,10.39,10.63,1499497,TRY
2013-02-01,10.67,11.27,10.63,11.27,709895,TRY
2013-02-04,11.36,11.41,11.04,11.36,853389,TRY
2013-02-05,11.41,11.46,10.95,11.13,1721712,TRY
2013-02-06,10.99,11.13,10.95,10.99,1450082,TRY
2013-02-07,10.99,10.99,10.49,10.67,1255509,TRY
2013-02-08,10.49,10.63,10.26,10.39,1776273,TRY
2013-02-11,10.44,10.58,10.02,10.12,2282816,TRY
2013-02-12,10.12,10.21,9.79,9.89,2618741,TRY
2013-02-13,9.98,10.12,9.75,9.84,3405600,TRY
2013-02-14,9.84,9.98,9.56,9.98,2561889,TRY
2013-02-15,10.02,10.02,9.66,9.84,1469638,TRY
2013-02-18,9.93,9.98,9.75,9.79,937259,TRY
2013-02-19,9.79,9.93,9.7,9.84,1962994,TRY
2013-02-20,9.84,10.21,9.79,10.21,4084621,TRY
2013-02-21,10.12,10.26,9.93,9.98,1362369,TRY
2013-02-22,10.02,10.16,9.7,9.79,1344537,TRY
2013-02-25,9.75,9.98,9.52,9.93,1161840,TRY
2013-02-26,9.79,10.12,9.75,10.07,1512029,TRY
2013-02-27,10.16,10.35,10.02,10.21,2150100,TRY
2013-02-28,10.3,10.67,10.21,10.53,2636814,TRY
2013-03-01,10.53,10.53,10.16,10.3,2263050,TRY
2013-03-04,10.3,10.53,10.26,10.49,2055531,TRY
2013-03-05,10.53,10.99,10.53,10.95,1652621,TRY
2013-03-06,10.86,11.23,10.81,11.18,1883777,TRY
2013-03-07,10.95,11.23,10.76,10.9,1344768,TRY
2013-03-08,10.9,10.99,10.63,10.95,1565890,TRY
2013-03-11,10.86,11.09,10.72,10.72,1019629,TRY
2013-03-12,10.72,10.86,10.53,10.76,1553444,TRY
2013-03-13,10.72,10.95,10.67,10.76,1541118,TRY
2013-03-14,10.76,10.86,10.72,10.76,525898,TRY
2013-03-15,10.86,11.13,10.86,11.09,1772682,TRY
2013-03-18,10.99,11.09,10.9,10.95,888641,TRY
2013-03-19,10.95,10.95,10.58,10.63,1310957,TRY
2013-03-20,10.67,10.72,10.53,10.53,1053529,TRY
2013-03-21,10.58,10.76,10.58,10.72,1117841,TRY
2013-03-22,10.67,10.99,10.63,10.9,1991437,TRY
2013-03-25,10.99,11.23,10.99,11.18,1480992,TRY
2013-03-26,11.23,11.5,11.18,11.5,964863,TRY
2013-03-27,11.64,11.64,11.27,11.55,1163810,TRY
2013-03-28,11.69,11.83,11.5,11.83,1232662,TRY
2013-03-29,11.83,12.01,11.73,12.01,780075,TRY
2013-04-01,11.84,12.18,11.84,12.13,880539,TRY
2013-04-02,12.04,12.23,11.89,12.18,952006,TRY
2013-04-03,12.13,12.37,12.04,12.23,1006957,TRY
2013-04-04,12.23,12.28,11.94,12.04,865850,TRY
2013-04-05,12.28,12.28,11.75,11.75,650948,TRY
2013-04-08,11.84,12.13,11.7,12.13,1408248,TRY
2013-04-09,12.13,12.18,11.89,11.99,491676,TRY
2013-04-10,11.99,12.18,11.79,12.18,1234427,TRY
2013-04-11,12.23,12.32,11.75,12.13,3110338,TRY
2013-04-12,12.13,12.28,12.04,12.18,736805,TRY
2013-04-15,12.13,12.37,11.84,12.28,1263664,TRY
2013-04-16,12.28,12.66,12.04,12.28,1232304,TRY
2013-04-17,12.28,12.52,12.23,12.52,936481,TRY
2013-04-18,12.52,12.61,12.18,12.42,434419,TRY
2013-04-19,12.47,12.57,12.23,12.47,626304,TRY
2013-04-22,12.47,12.95,12.42,12.71,989097,TRY
2013-04-24,12.81,12.9,12.71,12.76,701559,TRY
2013-04-25,12.76,13.05,12.47,12.47,1017119,TRY
2013-04-26,12.52,12.71,12.42,12.61,538736,TRY
2013-04-29,12.66,12.81,12.57,12.81,243476,TRY
2013-04-30,12.81,13.43,12.71,13.43,1231468,TRY
2013-05-02,13.34,13.87,13.24,13.87,1353360,TRY
2013-05-03,13.67,13.91,13.19,13.29,2220040,TRY
2013-05-06,13.29,13.53,13.24,13.38,787171,TRY
2013-05-07,13.43,13.58,13.05,13.19,1096465,TRY
2013-05-08,13.19,13.24,12.9,13.14,1292769,TRY
2013-05-09,13.09,13.19,12.81,12.9,1185201,TRY
2013-05-10,13.09,13.14,12.76,13.0,579200,TRY
2013-05-13,12.85,13.19,12.85,13.05,577580,TRY
2013-05-14,13.09,13.38,13.05,13.38,1384701,TRY
2013-05-15,13.48,13.62,13.14,13.29,2008614,TRY
2013-05-16,13.29,13.34,13.09,13.14,974179,TRY
2013-05-17,13.29,13.29,12.9,13.09,2101691,TRY
2013-05-20,13.05,13.38,13.05,13.09,2200459,TRY
2013-05-21,13.34,13.58,13.14,13.48,1893544,TRY
2013-05-22,13.53,13.91,13.53,13.91,1289012,TRY
2013-05-23,13.48,13.77,13.38,13.58,1109816,TRY
2013-05-24,13.67,13.77,13.53,13.62,580682,TRY
2013-05-27,13.62,13.87,13.62,13.77,496654,TRY
2013-05-28,13.87,14.06,13.72,13.87,523067,TRY
2013-05-29,13.82,13.91,13.38,13.38,777726,TRY
2013-05-30,13.34,13.38,12.95,13.09,1398407,TRY
2013-05-31,13.14,13.67,12.81,13.67,1302154,TRY
2013-06-03,12.71,13.14,12.08,12.28,1563227,TRY
2013-06-04,12.76,12.76,12.23,12.52,2534521,TRY
2013-06-05,12.42,12.52,11.65,12.52,2911842,TRY
2013-06-06,12.42,12.47,11.12,11.75,3510236,TRY
2013-06-07,11.55,12.42,11.22,12.23,2427788,TRY
2013-06-10,12.13,12.42,11.55,11.79,1120641,TRY
2013-06-11,11.99,12.28,11.46,11.55,1515241,TRY
2013-06-12,11.75,11.84,11.31,11.46,1797205,TRY
2013-06-13,11.46,11.75,11.36,11.55,1815143,TRY
2013-06-14,11.75,12.08,11.7,11.99,1358562,TRY
2013-06-17,11.55,12.23,11.51,11.89,1505497,TRY
2013-06-18,11.75,12.28,11.75,11.89,2248766,TRY
2013-06-19,11.99,12.23,11.99,12.08,873757,TRY
2013-06-20,12.04,12.04,11.22,11.22,1751113,TRY
2013-06-21,11.36,11.84,11.02,11.02,1969650,TRY
2013-06-24,10.98,11.55,10.98,11.22,1185408,TRY
2013-06-25,11.36,11.65,11.36,11.46,1033424,TRY
2013-06-26,11.6,11.84,11.46,11.84,946724,TRY
2013-06-27,11.94,12.08,11.84,12.04,1144725,TRY
2013-06-28,12.13,12.37,11.89,12.28,2584347,TRY
2013-07-01,12.28,12.32,12.08,12.13,941076,TRY
2013-07-02,12.18,12.37,12.13,12.28,828671,TRY
2013-07-03,12.28,12.52,12.08,12.52,1600274,TRY
2013-07-04,12.52,12.76,12.37,12.66,1064670,TRY
2013-07-05,12.71,12.76,12.42,12.52,589982,TRY
2013-07-08,12.57,12.76,11.99,12.08,739833,TRY
2013-07-09,12.32,12.42,12.08,12.13,664760,TRY
2013-07-10,12.23,12.52,11.89,12.13,926467,TRY
2013-07-11,12.42,12.57,12.23,12.37,847817,TRY
2013-07-12,12.42,12.61,12.28,12.61,704706,TRY
2013-07-15,12.81,13.34,12.76,13.24,1462929,TRY
2013-07-16,13.48,13.48,13.05,13.09,455533,TRY
2013-07-17,13.09,13.29,13.0,13.24,509252,TRY
2013-07-18,13.24,13.24,12.9,12.9,520792,TRY
2013-07-19,12.95,13.43,12.95,13.43,615221,TRY
2013-07-22,13.43,13.48,13.24,13.34,943761,TRY
2013-07-23,13.43,13.48,13.0,13.0,874153,TRY
2013-07-24,13.05,13.38,12.71,12.81,919906,TRY
2013-07-25,12.76,12.76,12.13,12.32,983236,TRY
2013-07-26,12.42,12.42,11.6,11.7,1145909,TRY
2013-07-29,11.75,12.08,11.65,12.08,511830,TRY
2013-07-30,12.08,12.37,12.08,12.18,847197,TRY
2013-07-31,12.42,12.42,12.04,12.42,761289,TRY
2013-08-01,12.52,12.52,12.04,12.08,733075,TRY
2013-08-02,12.13,12.28,11.99,12.13,698155,TRY
2013-08-05,12.04,12.13,11.51,11.55,2747803,TRY
2013-08-06,11.6,11.7,11.07,11.22,2751463,TRY
2013-08-07,11.22,11.41,11.17,11.36,539045,TRY
2013-08-12,11.46,11.51,11.22,11.36,996071,TRY
2013-08-13,11.41,11.6,11.31,11.41,1589458,TRY
2013-08-14,11.51,11.55,11.31,11.36,1412093,TRY
2013-08-15,11.36,11.46,11.12,11.22,774885,TRY
2013-08-16,11.22,11.51,11.07,11.46,1228100,TRY
2013-08-19,11.41,11.55,11.02,11.27,1283128,TRY
2013-08-20,11.27,11.31,10.78,10.78,1582286,TRY
2013-08-21,10.83,10.88,10.06,10.21,2438422,TRY
2013-08-22,10.01,10.16,9.77,9.82,1968204,TRY
2013-08-23,9.87,9.92,9.48,9.63,2194555,TRY
2013-08-26,9.69,9.77,9.53,9.72,2162341,TRY
2013-08-27,9.58,9.58,8.99,8.99,2293577,TRY
2013-08-28,8.57,9.53,8.45,9.44,3820018,TRY
2013-08-29,9.44,10.35,9.44,9.92,3086311,TRY
2013-09-02,10.3,10.4,9.77,9.77,1640078,TRY
2013-09-03,9.87,9.97,9.29,9.34,1845030,TRY
2013-09-04,9.42,9.63,9.32,9.53,1070596,TRY
2013-09-05,9.53,9.69,9.46,9.63,1319351,TRY
2013-09-06,9.48,9.71,9.2,9.57,1657241,TRY
2013-09-09,9.67,9.99,9.62,9.85,2081088,TRY
2013-09-10,10.04,10.32,9.95,10.09,2587867,TRY
2013-09-11,10.13,10.27,9.99,10.13,1214106,TRY
2013-09-12,10.23,10.6,9.99,10.6,1608774,TRY
2013-09-13,10.46,10.64,9.95,10.04,2848565,TRY
2013-09-16,10.37,10.64,10.32,10.64,1503404,TRY
2013-09-17,10.6,10.83,10.46,10.69,1754245,TRY
2013-09-18,10.69,10.83,10.5,10.55,1445268,TRY
2013-09-19,10.92,11.57,10.92,11.53,2870970,TRY
2013-09-20,11.53,11.67,11.29,11.34,1107018,TRY
2013-09-23,11.34,11.39,11.11,11.34,943678,TRY
2013-09-24,11.29,11.48,11.06,11.06,1551495,TRY
2013-09-25,11.06,11.39,10.97,11.25,1368033,TRY
2013-09-26,11.16,11.29,11.11,11.11,570917,TRY
2013-09-27,11.11,11.2,10.88,10.97,671120,TRY
2013-09-30,10.97,11.11,10.83,10.92,689971,TRY
2013-10-01,10.97,11.48,10.97,11.34,1155915,TRY
2013-10-02,11.34,11.53,11.02,11.11,1159917,TRY
2013-10-03,11.25,11.39,11.2,11.34,765470,TRY
2013-10-04,11.29,11.34,11.06,11.11,1252473,TRY
2013-10-07,11.06,11.2,10.92,11.16,699529,TRY
2013-10-08,11.11,11.39,11.06,11.25,1851505,TRY
2013-10-09,11.2,11.25,11.02,11.16,947990,TRY
2013-10-10,11.25,11.43,11.16,11.2,1209863,TRY
2013-10-11,11.29,11.71,11.29,11.62,1582964,TRY
2013-10-14,11.62,11.95,11.57,11.95,643945,TRY
2013-10-21,12.08,12.69,12.08,12.5,1613712,TRY
2013-10-22,12.55,12.55,12.18,12.32,2338128,TRY
2013-10-23,12.32,12.32,11.9,11.95,1505695,TRY
2013-10-24,11.99,12.04,11.67,11.67,2552112,TRY
2013-10-25,11.67,11.85,11.43,11.67,2619845,TRY
2013-10-28,11.71,11.76,11.62,11.62,683172,TRY
2013-10-30,11.67,11.99,11.62,11.67,2701207,TRY
2013-10-31,11.62,11.9,11.53,11.85,2573719,TRY
2013-11-01,11.85,11.95,11.67,11.76,1978138,TRY
2013-11-04,11.81,11.81,11.62,11.62,1268348,TRY
2013-11-05,11.67,11.67,11.02,11.06,2631166,TRY
2013-11-06,11.16,11.48,11.06,11.39,2430947,TRY
2013-11-07,11.43,11.43,11.16,11.16,1687942,TRY
2013-11-08,11.16,11.29,10.78,11.2,2002591,TRY
2013-11-11,11.25,11.25,10.83,10.88,1145402,TRY
2013-11-12,10.92,10.92,10.55,10.69,1392791,TRY
2013-11-13,10.69,10.92,10.55,10.92,929811,TRY
2013-11-14,11.16,11.29,11.06,11.16,1225549,TRY
2013-11-15,11.29,11.39,11.11,11.11,1170020,TRY
2013-11-18,11.16,11.43,11.16,11.39,973325,TRY
2013-11-19,11.39,11.53,11.25,11.25,1079480,TRY
2013-11-20,11.25,11.53,11.16,11.53,685646,TRY
2013-11-21,11.34,11.53,11.25,11.34,1466457,TRY
2013-11-22,11.39,11.48,11.34,11.43,1349707,TRY
2013-11-25,11.53,11.76,11.53,11.67,1301207,TRY
2013-11-26,11.71,12.13,11.62,12.13,2491799,TRY
2013-11-27,12.08,12.36,11.95,12.18,2676439,TRY
2013-11-28,12.18,12.46,12.13,12.13,1005413,TRY
2013-11-29,12.08,12.64,11.95,12.64,1930956,TRY
2013-12-02,12.64,13.06,12.55,12.74,2291787,TRY
2013-12-03,12.74,12.74,12.08,12.27,2532418,TRY
2013-12-04,12.27,12.41,12.04,12.22,1765127,TRY
2013-12-05,12.18,12.27,11.71,11.71,3244491,TRY
2013-12-06,11.76,11.85,11.43,11.76,2227515,TRY
2013-12-09,11.81,12.41,11.76,12.41,2477997,TRY
2013-12-10,12.41,12.74,12.22,12.6,1507106,TRY
2013-12-11,12.55,12.55,11.99,11.99,2028782,TRY
2013-12-12,11.95,11.99,11.53,11.57,2837555,TRY
2013-12-13,11.71,12.08,11.62,11.99,1634796,TRY
2013-12-16,12.08,12.27,11.99,12.04,972143,TRY
2013-12-17,11.76,11.99,11.39,11.62,1556553,TRY
2013-12-18,11.48,11.62,11.06,11.43,3155796,TRY
2013-12-19,11.34,11.76,11.2,11.29,2598756,TRY
2013-12-20,11.39,11.43,10.74,10.78,5128501,TRY
2013-12-23,10.97,11.16,10.74,10.83,1613324,TRY
2013-12-24,10.83,11.2,10.83,11.16,838155,TRY
2013-12-25,11.25,11.29,10.41,10.6,1142554,TRY
2013-12-26,10.6,10.78,10.32,10.6,945696,TRY
2013-12-27,10.5,10.83,9.85,10.74,1416295,TRY
2013-12-30,10.88,11.53,10.64,11.48,1883047,TRY
2013-12-31,11.48,11.71,11.11,11.29,1031429,TRY
2014-01-02,11.2,11.62,11.06,11.62,1020316,TRY
2014-01-03,11.57,11.62,11.06,11.25,1562013,TRY
2014-01-06,11.29,11.53,11.11,11.48,1275811,TRY
2014-01-07,11.48,11.9,11.43,11.85,2750924,TRY
2014-01-08,11.76,11.95,11.43,11.62,1156252,TRY
2014-01-09,11.43,11.57,11.25,11.53,863037,TRY
2014-01-10,11.57,11.99,11.53,11.85,1786922,TRY
2014-01-13,11.95,12.04,11.76,11.99,1163797,TRY
2014-01-14,11.71,11.95,11.67,11.81,1247274,TRY
2014-01-15,11.85,12.04,11.76,11.95,900057,TRY
2014-01-16,11.76,11.9,11.67,11.71,833435,TRY
2014-01-17,11.71,11.81,11.48,11.76,1087051,TRY
2014-01-20,11.67,11.81,11.62,11.71,558544,TRY
2014-01-21,11.76,11.85,11.57,11.57,1128205,TRY
2014-01-22,11.67,11.81,11.57,11.81,1208440,TRY
2014-01-23,11.67,11.9,11.53,11.85,2621821,TRY
2014-01-24,11.76,11.85,11.11,11.53,2999895,TRY
2014-01-27,11.57,11.76,11.2,11.2,1705794,TRY
2014-01-28,11.29,11.48,10.97,11.34,2183151,TRY
2014-01-29,11.48,11.62,10.46,10.5,3454887,TRY
2014-01-30,10.55,10.69,10.27,10.41,2411804,TRY
2014-01-31,10.41,10.5,10.23,10.37,1864297,TRY
2014-02-03,10.46,10.55,10.13,10.18,1767753,TRY
2014-02-04,10.09,10.5,9.76,10.37,2871826,TRY
2014-02-05,10.5,10.55,10.32,10.37,1439400,TRY
2014-02-06,10.41,10.78,10.41,10.78,1596861,TRY
2014-02-07,10.69,10.74,10.5,10.6,1370956,TRY
2014-02-10,10.69,11.02,10.64,11.02,2176677,TRY
2014-02-11,11.11,11.48,10.97,11.11,2471986,TRY
2014-02-12,11.2,11.34,11.11,11.2,964523,TRY
2014-02-13,11.06,11.16,10.83,10.92,1178299,TRY
2014-02-14,11.02,11.25,10.97,11.16,898580,TRY
2014-02-17,11.25,11.43,11.25,11.29,685843,TRY
2014-02-18,11.34,11.53,11.16,11.25,1365328,TRY
2014-02-19,11.29,11.34,11.02,11.06,1301476,TRY
2014-02-20,10.97,11.16,10.92,11.02,1365150,TRY
2014-02-21,11.06,11.25,11.02,11.16,1031404,TRY
2014-02-24,11.16,11.2,11.06,11.11,536849,TRY
2014-02-25,10.88,11.02,10.69,10.88,1597050,TRY
2014-02-26,10.92,11.02,10.78,10.83,1504368,TRY
2014-02-27,10.78,10.83,10.55,10.69,1061688,TRY
2014-02-28,10.74,11.11,10.74,11.02,1599786,TRY
2014-03-03,10.92,10.92,10.69,10.74,1061298,TRY
2014-03-04,10.88,11.16,10.88,11.11,819116,TRY
2014-03-05,11.2,11.34,11.11,11.16,1855524,TRY
2014-03-06,11.25,11.34,10.88,11.25,2868031,TRY
2014-03-07,11.29,11.29,10.88,10.92,1682208,TRY
2014-03-10,10.88,10.97,10.6,10.74,763802,TRY
2014-03-11,10.83,10.83,10.64,10.74,1101663,TRY
2014-03-12,10.69,10.69,10.32,10.55,2240387,TRY
2014-03-13,10.6,10.74,10.5,10.6,1317891,TRY
2014-03-14,10.6,10.64,10.46,10.55,1542463,TRY
2014-03-17,10.6,10.88,10.6,10.74,1079464,TRY
2014-03-18,10.74,10.88,10.6,10.78,2830605,TRY
2014-03-19,10.78,10.92,10.69,10.69,1469531,TRY
2014-03-20,10.69,10.83,10.69,10.78,964973,TRY
2014-03-21,10.69,10.78,10.37,10.37,1921898,TRY
2014-03-24,10.41,10.5,9.95,10.09,3073615,TRY
2014-03-25,10.18,10.5,10.13,10.23,1526813,TRY
2014-03-26,10.37,10.74,10.32,10.74,2345784,TRY
2014-03-27,10.69,10.92,10.5,10.55,2652612,TRY
2014-03-28,10.64,10.92,10.6,10.92,1881678,TRY
2014-03-31,11.11,11.16,10.83,11.11,2394335,TRY
2014-04-01,11.39,11.54,11.15,11.39,1993924,TRY
2014-04-02,11.44,11.54,11.3,11.39,1463840,TRY
2014-04-03,11.44,11.88,11.39,11.83,2052847,TRY
2014-04-04,11.83,12.16,11.78,12.02,1434692,TRY
2014-04-07,12.07,12.26,11.92,11.92,1259355,TRY
2014-04-08,12.07,12.16,11.88,12.16,1471735,TRY
2014-04-09,12.16,12.16,11.83,11.88,891059,TRY
2014-04-10,11.97,12.07,11.88,12.07,872355,TRY
2014-04-11,11.88,12.02,11.73,12.02,818479,TRY
2014-04-14,11.92,12.07,11.54,11.92,2044959,TRY
2014-04-15,11.97,12.02,11.88,11.97,1223001,TRY
2014-04-16,12.02,12.07,11.78,11.83,1294504,TRY
2014-04-17,11.92,12.07,11.88,12.02,834221,TRY
2014-04-18,12.02,12.07,11.88,11.97,305461,TRY
2014-04-21,12.02,12.07,11.88,12.02,288220,TRY
2014-04-22,12.07,12.07,11.88,11.88,887924,TRY
2014-04-24,11.88,11.92,11.68,11.78,985696,TRY
2014-04-25,11.83,11.97,11.73,11.88,968219,TRY
2014-04-28,11.92,12.36,11.73,12.31,2381953,TRY
2014-04-29,12.31,12.7,12.16,12.6,2527515,TRY
2014-04-30,12.7,12.7,12.31,12.55,2158189,TRY
2014-05-02,12.6,13.03,12.5,12.94,2492547,TRY
2014-05-05,12.99,13.08,12.84,12.99,1143416,TRY
2014-05-06,13.03,13.18,12.89,12.94,968564,TRY
2014-05-07,12.84,13.13,12.6,13.03,2060050,TRY
2014-05-08,13.03,13.18,12.74,12.94,1234193,TRY
2014-05-09,12.99,12.99,12.65,12.65,1027119,TRY
2014-05-12,12.7,12.74,12.36,12.41,1013442,TRY
2014-05-13,12.45,12.65,12.36,12.41,1188294,TRY
2014-05-14,12.5,12.5,12.12,12.21,1219597,TRY
2014-05-15,12.21,12.26,11.97,12.07,2122910,TRY
2014-05-16,12.02,12.07,11.92,12.07,982769,TRY
2014-05-20,12.12,12.16,11.97,12.12,1643586,TRY
2014-05-21,12.16,12.45,12.12,12.41,1564828,TRY
2014-05-22,12.45,12.55,12.12,12.5,2397649,TRY
2014-05-23,12.5,12.6,12.26,12.41,1454701,TRY
2014-05-26,12.45,12.55,12.36,12.45,689475,TRY
2014-05-27,12.5,12.5,12.36,12.41,1037678,TRY
2014-05-28,12.41,12.7,12.41,12.55,2155387,TRY
2014-05-29,12.65,12.79,12.5,12.6,2605703,TRY
2014-05-30,12.6,12.89,12.55,12.74,3831450,TRY
2014-06-02,12.84,13.18,12.84,13.03,2244058,TRY
2014-06-03,13.03,13.13,12.94,12.94,1893774,TRY
2014-06-04,12.84,13.13,12.7,12.79,1892076,TRY
2014-06-05,12.84,12.89,12.45,12.6,3891057,TRY
2014-06-06,12.7,12.74,12.45,12.5,1891827,TRY
2014-06-09,12.55,12.7,12.45,12.45,1775000,TRY
2014-06-10,12.45,12.79,12.45,12.74,3536664,TRY
2014-06-11,12.74,12.74,12.16,12.31,2387996,TRY
2014-06-12,12.16,12.36,12.07,12.36,1704544,TRY
2014-06-13,12.36,12.41,12.07,12.12,1875728,TRY
2014-06-16,12.02,12.26,11.92,12.21,1266191,TRY
2014-06-17,12.31,12.55,12.26,12.26,1378721,TRY
2014-06-18,12.36,12.55,12.12,12.16,1512526,TRY
2014-06-19,12.36,12.5,12.21,12.5,1528602,TRY
2014-06-20,12.41,12.45,12.26,12.26,1177587,TRY
2014-06-23,12.36,12.55,12.26,12.55,1961502,TRY
2014-06-24,12.55,12.7,12.45,12.45,1529095,TRY
2014-06-25,12.31,12.5,12.26,12.36,2411887,TRY
2014-06-26,12.41,12.45,12.21,12.31,1369365,TRY
2014-06-27,12.36,12.5,12.36,12.45,1342874,TRY
2014-07-15,12.7,12.84,12.65,12.74,1399027,TRY
2014-07-16,12.84,12.99,12.79,12.99,1822985,TRY
2014-07-17,12.99,12.99,12.7,12.94,1128328,TRY
2014-07-18,12.7,12.99,12.7,12.99,1930283,TRY
2014-07-21,12.99,13.08,12.89,12.94,917794,TRY
2014-07-22,13.03,13.08,12.79,12.84,1676137,TRY
2014-07-23,12.84,12.89,12.65,12.74,1500133,TRY
2014-07-24,12.74,12.94,12.74,12.89,1154265,TRY
2014-07-25,12.89,13.03,12.84,13.03,1679703,TRY
2014-08-11,12.36,12.36,11.73,11.92,2087813,TRY
2014-08-12,11.83,12.12,11.83,12.12,985187,TRY
2014-08-13,12.31,12.65,12.21,12.5,2172329,TRY
2014-08-14,12.55,12.55,12.12,12.16,1815886,TRY
2014-08-15,12.21,12.31,11.78,11.88,2187339,TRY
2014-08-18,11.92,12.02,11.83,11.92,1744329,TRY
2014-08-19,11.97,12.31,11.92,12.21,2505835,TRY
2014-08-20,12.21,12.41,12.07,12.16,1916771,TRY
2014-08-21,12.12,12.31,12.07,12.12,1413142,TRY
2014-08-22,12.16,12.21,11.97,12.07,1139838,TRY
2014-08-26,12.26,12.45,12.21,12.41,1762718,TRY
2014-08-27,12.45,12.6,12.41,12.5,945659,TRY
2014-08-28,12.5,12.55,12.45,12.5,919179,TRY
2014-08-29,12.55,12.65,12.45,12.5,1259525,TRY
2014-09-01,12.55,12.65,12.45,12.65,368477,TRY
2014-09-02,12.65,12.79,12.45,12.45,1300146,TRY
2014-09-03,12.5,12.84,12.5,12.84,1273428,TRY
2014-09-04,12.79,12.89,12.65,12.74,1091962,TRY
2014-09-05,12.7,12.79,12.55,12.74,1313761,TRY
2014-09-08,12.79,12.94,12.74,12.84,1027334,TRY
2014-09-09,12.84,12.84,12.55,12.7,1394138,TRY
2014-09-10,12.7,12.79,12.6,12.7,1107908,TRY
2014-09-11,12.74,12.84,12.31,12.5,1834709,TRY
2014-09-12,12.45,12.55,12.16,12.31,1704923,TRY
2014-09-15,12.41,12.41,12.07,12.12,1102221,TRY
2014-09-16,12.16,12.31,12.12,12.21,643830,TRY
2014-09-17,12.31,12.36,12.12,12.16,1590807,TRY
2014-09-18,12.07,12.16,11.88,12.07,1478904,TRY
2014-09-19,12.07,12.21,11.88,11.88,1373332,TRY
2014-09-22,11.92,12.02,11.78,11.83,1872302,TRY
2014-09-23,11.92,12.07,11.73,11.73,1455034,TRY
2014-09-24,11.83,11.83,11.3,11.39,1544652,TRY
2014-09-25,11.39,11.54,11.34,11.54,1742814,TRY
2014-09-26,11.59,11.63,11.44,11.49,992935,TRY
2014-09-29,11.49,11.78,11.39,11.73,1324749,TRY
2014-09-30,11.78,11.83,11.63,11.73,1013737,TRY
2014-10-01,11.73,11.92,11.73,11.83,1057033,TRY
2014-10-02,11.83,11.92,11.49,11.73,2069333,TRY
2014-10-03,11.83,11.83,11.59,11.78,558419,TRY
2014-10-08,11.59,11.88,11.44,11.49,2590821,TRY
2014-10-09,11.63,12.02,11.63,11.97,1501843,TRY
2014-10-10,11.92,11.92,11.63,11.63,1244672,TRY
2014-10-13,11.73,12.02,11.68,11.88,1061522,TRY
2014-10-14,11.88,12.07,11.78,11.78,870373,TRY
2014-10-15,11.83,12.21,11.83,12.02,2162651,TRY
2014-10-16,12.07,12.21,11.88,12.07,2171413,TRY
2014-10-17,12.16,12.31,12.07,12.16,1137702,TRY
2014-10-20,12.21,12.41,12.16,12.31,1726202,TRY
2014-10-21,12.31,12.41,12.21,12.36,1220708,TRY
2014-10-22,12.41,12.55,12.26,12.45,1363112,TRY
2014-10-23,12.41,12.74,12.41,12.74,1640595,TRY
2014-10-24,12.74,12.94,12.65,12.94,1531868,TRY
2014-10-27,12.94,13.03,12.6,12.74,1038919,TRY
2014-10-28,12.79,12.94,12.79,12.94,647336,TRY
2014-10-30,12.94,13.23,12.89,13.03,1401652,TRY
2014-10-31,13.23,13.28,13.03,13.18,1291528,TRY
2014-11-03,13.18,13.23,13.03,13.23,1473239,TRY
2014-11-04,13.23,13.28,12.94,12.99,1607339,TRY
2014-11-05,12.99,13.08,12.74,12.74,1328159,TRY
2014-11-06,12.79,12.79,12.36,12.55,3012746,TRY
2014-11-07,12.55,12.74,12.55,12.7,750582,TRY
2014-11-10,12.74,12.79,12.45,12.55,997342,TRY
2014-11-11,12.55,12.74,12.45,12.7,806419,TRY
2014-11-12,12.74,12.84,12.55,12.65,1793382,TRY
2014-11-13,12.65,12.7,12.45,12.6,3199726,TRY
2014-11-14,12.6,12.7,12.5,12.55,1488487,TRY
2014-11-17,12.55,12.84,12.55,12.74,2643945,TRY
2014-11-18,12.79,12.99,12.74,12.89,1905771,TRY
2014-11-19,12.94,13.03,12.84,12.99,2416041,TRY
2014-11-20,12.94,13.18,12.94,13.13,1694303,TRY
2014-11-21,13.18,13.32,13.08,13.32,2051930,TRY
2014-11-24,13.28,13.61,13.23,13.56,1699539,TRY
2014-11-25,13.56,13.61,13.37,13.47,1008690,TRY
2014-11-26,13.47,13.66,13.42,13.42,1126985,TRY
2014-11-27,13.42,13.47,13.28,13.37,871160,TRY
2014-11-28,13.37,14.05,13.32,13.71,2326194,TRY
2014-12-01,13.71,14.24,13.71,14.1,1644768,TRY
2014-12-02,14.1,14.14,13.85,13.95,1108603,TRY
2014-12-03,14.05,14.68,14.05,14.53,1874992,TRY
2014-12-04,14.58,14.63,14.29,14.48,1608243,TRY
2014-12-05,14.48,14.72,14.39,14.48,1951104,TRY
2014-12-08,14.48,14.77,14.34,14.48,2107560,TRY
2014-12-09,14.48,14.87,14.39,14.48,1977318,TRY
2014-12-10,14.58,14.58,14.24,14.39,1334828,TRY
2014-12-11,14.39,14.82,14.39,14.63,1244135,TRY
2014-12-12,14.58,14.82,14.43,14.68,1388060,TRY
2014-12-15,14.58,14.58,14.39,14.43,671970,TRY
2014-12-16,14.43,14.53,14.05,14.14,1447554,TRY
2014-12-17,14.1,14.19,13.76,14.0,1228600,TRY
2014-12-18,14.05,14.53,14.05,14.48,1136838,TRY
2014-12-19,14.48,14.53,14.29,14.43,1352556,TRY
2014-12-22,14.48,14.68,14.39,14.63,1388249,TRY
2014-12-23,14.63,14.77,14.43,14.68,1761117,TRY
2014-12-24,14.58,14.87,14.58,14.82,591545,TRY
2014-12-25,14.82,15.06,14.82,15.01,197801,TRY
2014-12-26,15.06,15.06,14.92,15.01,125537,TRY
2014-12-29,14.96,15.01,14.53,14.68,1293988,TRY
2014-12-30,14.63,14.72,14.34,14.48,1819825,TRY
2014-12-31,14.48,14.53,14.39,14.48,1109964,TRY
2015-01-02,14.53,14.68,14.43,14.53,767512,TRY
2015-01-05,14.53,14.77,14.43,14.58,1637314,TRY
2015-01-06,14.68,14.72,14.48,14.68,1185782,TRY
2015-01-07,14.72,14.77,14.58,14.63,1310018,TRY
2015-01-08,14.68,14.87,14.63,14.82,1698011,TRY
2015-01-09,14.82,15.06,14.72,14.72,1563417,TRY
2015-01-12,14.72,14.96,14.68,14.82,1442018,TRY
2015-01-13,14.87,14.96,14.48,14.58,2007286,TRY
2015-01-14,14.48,14.96,14.48,14.92,1563487,TRY
2015-01-15,15.06,15.11,14.48,14.53,3007380,TRY
2015-01-16,14.53,14.53,14.19,14.29,2112944,TRY
2015-01-19,14.34,14.34,14.05,14.1,1263480,TRY
2015-01-20,14.1,14.29,14.1,14.19,1489401,TRY
2015-01-21,14.24,14.39,14.19,14.34,3471344,TRY
2015-01-22,14.43,14.72,14.34,14.72,1536919,TRY
2015-01-23,14.77,14.77,14.58,14.72,2619797,TRY
2015-01-26,14.63,14.87,14.58,14.82,1947946,TRY
2015-01-27,14.82,14.92,14.68,14.72,1677876,TRY
2015-01-28,14.72,15.01,14.72,14.82,2184018,TRY
2015-01-29,14.77,15.01,14.68,14.68,1481023,TRY
2015-01-30,14.72,15.21,14.72,15.06,1815068,TRY
2015-02-02,15.01,15.11,14.63,14.72,1336261,TRY
2015-02-03,14.77,14.96,14.53,14.63,1582350,TRY
2015-02-04,14.63,14.72,14.39,14.43,978364,TRY
2015-02-05,14.43,14.48,14.05,14.24,1689145,TRY
2015-02-06,14.24,14.48,14.05,14.1,1341558,TRY
2015-02-09,14.05,14.1,13.71,13.85,1800947,TRY
2015-02-10,13.9,13.95,13.66,13.66,1310149,TRY
2015-02-11,13.66,13.85,13.56,13.71,1471288,TRY
2015-02-12,13.71,14.39,13.71,14.39,1740678,TRY
2015-02-13,14.39,14.48,14.05,14.24,1591219,TRY
2015-02-16,14.24,14.53,14.24,14.39,1038135,TRY
2015-02-17,14.34,14.43,14.1,14.1,720375,TRY
2015-02-18,14.14,14.39,14.05,14.39,718397,TRY
2015-02-19,14.48,14.72,14.43,14.72,1056456,TRY
2015-02-20,14.72,14.72,14.48,14.58,687196,TRY
2015-02-23,14.58,14.87,14.48,14.82,1096321,TRY
2015-02-24,14.96,14.96,14.63,14.68,1047116,TRY
2015-02-25,14.77,15.01,14.68,14.77,982935,TRY
2015-02-26,14.68,14.87,14.53,14.58,927580,TRY
2015-02-27,14.63,14.77,13.95,14.63,2183309,TRY
2015-03-02,14.68,14.72,14.39,14.48,1139921,TRY
2015-03-03,14.48,14.63,14.29,14.48,777139,TRY
2015-03-04,14.39,14.63,14.14,14.53,1554955,TRY
2015-03-05,14.14,14.43,13.9,14.14,1398110,TRY
2015-03-06,14.14,14.29,13.81,13.9,1763653,TRY
2015-03-09,14.0,14.19,13.85,13.85,1778054,TRY
2015-03-10,13.9,14.05,13.32,13.52,1969920,TRY
2015-03-11,13.61,13.66,13.13,13.32,1736971,TRY
2015-03-12,13.52,13.76,13.23,13.66,2984164,TRY
2015-03-13,13.66,13.85,13.18,13.28,2291048,TRY
2015-03-16,13.42,13.9,13.37,13.81,1487460,TRY
2015-03-17,13.85,14.0,13.66,13.85,1283623,TRY
2015-03-18,13.81,14.14,13.56,14.1,1552901,TRY
2015-03-19,14.29,14.39,14.14,14.39,842121,TRY
2015-03-20,14.48,14.53,14.19,14.19,1742538,TRY
2015-03-23,14.24,14.58,14.24,14.58,1181810,TRY
2015-03-24,14.58,14.63,14.29,14.48,949111,TRY
2015-03-25,14.48,14.92,14.39,14.72,1396086,TRY
2015-03-26,14.53,14.58,14.19,14.48,914192,TRY
2015-03-27,14.43,14.48,14.19,14.43,827645,TRY
2015-03-30,14.58,14.68,14.39,14.48,1473530,TRY
2015-03-31,14.53,14.53,14.1,14.48,1210628,TRY
2015-04-01,14.55,14.6,14.3,14.6,1122723,TRY
2015-04-02,14.75,14.8,14.5,14.7,1660522,TRY
2015-04-03,14.7,14.95,14.65,14.85,416026,TRY
2015-04-06,14.85,15.05,14.85,15.0,422410,TRY
2015-04-07,15.0,15.15,14.9,15.0,740209,TRY
2015-04-08,15.0,15.1,14.85,14.95,705616,TRY
2015-04-09,14.9,15.4,14.9,15.3,1924085,TRY
2015-04-10,15.3,15.35,14.8,14.95,1330258,TRY
2015-04-13,14.9,15.0,14.5,14.85,1306822,TRY
2015-04-14,14.85,14.9,14.55,14.75,836770,TRY
2015-04-15,14.7,14.95,14.6,14.95,1608217,TRY
2015-04-16,15.0,15.2,14.85,15.15,2561986,TRY
2015-04-17,15.25,15.3,14.8,14.85,2717065,TRY
2015-04-20,14.95,15.05,14.8,14.9,872278,TRY
2015-04-21,14.85,15.3,14.85,15.3,1268221,TRY
2015-04-22,15.3,15.8,15.1,15.2,2160304,TRY
2015-04-24,15.05,15.1,14.85,15.05,2261174,TRY
2015-04-27,15.05,15.15,15.0,15.0,1472886,TRY
2015-04-28,15.1,15.1,14.6,14.6,3134841,TRY
2015-04-29,14.7,14.75,14.3,14.35,2429262,TRY
2015-04-30,14.45,14.6,14.35,14.4,3219468,TRY
2015-05-04,14.4,14.75,14.25,14.65,2029017,TRY
2015-05-05,14.65,14.8,14.35,14.35,1268801,TRY
2015-05-06,14.4,14.55,14.25,14.3,1358793,TRY
2015-05-07,14.35,14.4,14.05,14.15,1064611,TRY
2015-05-08,14.25,14.8,14.2,14.75,2032367,TRY
2015-05-11,14.75,14.85,14.6,14.6,1333454,TRY
2015-05-12,14.6,14.8,14.55,14.75,1605965,TRY
2015-05-13,14.8,14.9,14.7,14.8,890943,TRY
2015-05-14,14.85,15.1,14.8,15.0,1455002,TRY
2015-05-15,15.05,15.15,14.95,15.05,1545055,TRY
2015-05-18,15.05,15.1,14.9,14.95,1231596,TRY
2015-05-20,15.05,15.3,15.05,15.15,2083222,TRY
2015-05-21,15.2,15.2,14.6,14.7,2301925,TRY
2015-05-22,14.8,15.0,14.65,14.95,1241455,TRY
2015-05-25,14.29,14.29,14.0,14.05,670012,TRY
2015-05-26,13.96,14.15,13.81,13.86,973410,TRY
2015-05-27,13.91,14.1,13.72,14.05,1941675,TRY
2015-05-28,14.15,14.15,13.81,13.91,812937,TRY
2015-05-29,14.05,14.19,13.72,13.76,1365844,TRY
2015-06-01,13.81,13.81,13.38,13.48,1364987,TRY
2015-06-02,13.62,13.96,13.62,13.81,1539479,TRY
2015-06-03,13.96,14.05,13.72,13.91,1517582,TRY
2015-06-04,13.76,13.91,13.67,13.76,1076896,TRY
2015-06-05,13.72,13.91,13.48,13.53,1451530,TRY
2015-06-08,12.29,13.43,12.29,13.43,1458301,TRY
2015-06-09,13.62,13.62,13.19,13.24,1545450,TRY
2015-06-10,13.34,13.48,13.24,13.38,734194,TRY
2015-06-11,13.43,13.62,13.38,13.48,1004486,TRY
2015-06-12,13.48,13.53,13.29,13.34,1303872,TRY
2015-06-15,13.38,13.43,13.29,13.38,990569,TRY
2015-06-16,13.38,13.53,13.29,13.38,560926,TRY
2015-06-17,13.38,13.57,13.34,13.38,1392925,TRY
2015-06-18,13.53,13.57,13.43,13.53,1114505,TRY
2015-06-19,13.53,13.67,13.53,13.67,1323827,TRY
2015-06-22,13.72,13.86,13.57,13.57,1293636,TRY
2015-06-23,13.62,13.76,13.48,13.53,2092367,TRY
2015-06-24,13.57,13.72,13.53,13.62,1272899,TRY
2015-06-25,13.67,13.72,13.57,13.57,884703,TRY
2015-06-26,13.57,13.72,13.48,13.62,765427,TRY
2015-06-29,13.43,13.48,13.34,13.43,496947,TRY
2015-06-30,13.38,13.86,13.38,13.86,1578760,TRY
2015-07-01,13.86,13.96,13.72,13.76,1266502,TRY
2015-07-02,13.76,13.76,13.48,13.62,1193730,TRY
2015-07-03,13.67,13.72,13.48,13.48,948533,TRY
2015-07-06,13.48,13.57,13.43,13.57,1321849,TRY
2015-07-07,13.57,13.62,13.43,13.48,468243,TRY
2015-07-08,13.38,13.53,13.34,13.38,886319,TRY
2015-07-09,13.48,13.57,13.43,13.57,678235,TRY
2015-07-10,13.62,13.72,13.53,13.62,813822,TRY
2015-07-13,13.62,14.19,13.57,14.19,1650045,TRY
2015-07-14,14.19,14.24,13.86,13.91,1297290,TRY
2015-07-15,13.91,14.15,13.86,14.1,987696,TRY
2015-07-16,14.1,14.19,14.05,14.1,363077,TRY
2015-07-20,14.1,14.38,13.96,14.34,2609834,TRY
2015-07-21,14.38,14.48,14.05,14.15,2877959,TRY
2015-07-22,14.19,14.29,14.0,14.15,1279196,TRY
2015-07-23,14.15,14.15,13.81,13.86,1743590,TRY
2015-07-24,14.0,14.0,13.62,13.86,2276425,TRY
2015-07-27,14.0,14.29,13.81,13.91,4367371,TRY
2015-07-28,14.19,14.24,13.86,13.96,1466561,TRY
2015-07-29,14.05,14.05,13.76,13.91,2054651,TRY
2015-07-30,13.91,14.1,13.86,13.86,1636766,TRY
2015-07-31,13.91,13.96,13.76,13.91,2885348,TRY
2015-08-03,13.96,13.96,13.62,13.76,1808074,TRY
2015-08-04,13.81,13.86,13.67,13.81,678297,TRY
2015-08-05,13.81,14.0,13.67,13.86,871497,TRY
2015-08-06,13.91,14.34,13.91,14.24,1510793,TRY
2015-08-07,14.24,14.24,13.91,13.91,719555,TRY
2015-08-10,13.91,14.1,13.81,14.1,1274615,TRY
2015-08-11,14.15,14.43,14.15,14.34,4940184,TRY
2015-08-12,14.29,14.29,14.05,14.05,834346,TRY
2015-08-13,14.05,14.05,13.43,14.0,1472633,TRY
2015-08-14,13.81,13.96,13.72,13.86,914987,TRY
2015-08-17,13.81,13.96,13.43,13.48,1796213,TRY
2015-08-18,13.34,13.81,13.34,13.57,1259558,TRY
2015-08-19,13.62,13.76,13.48,13.57,1215309,TRY
2015-08-20,13.53,13.57,13.34,13.48,1160032,TRY
2015-08-21,13.38,13.48,13.05,13.15,1724951,TRY
2015-08-24,12.95,13.1,12.43,12.67,999419,TRY
2015-08-25,12.86,13.15,12.81,12.95,1604714,TRY
2015-08-26,12.91,13.15,12.72,12.91,2006633,TRY
2015-08-27,13.1,13.19,12.81,12.86,2102779,TRY
2015-08-28,12.91,12.95,12.67,12.86,1482590,TRY
2015-08-31,12.86,13.05,12.86,13.0,1475926,TRY
2015-09-01,13.05,13.05,12.48,12.62,2189758,TRY
2015-09-02,12.67,13.0,12.67,12.95,1291128,TRY
2015-09-03,13.15,13.24,13.0,13.19,629816,TRY
2015-09-04,13.19,13.19,12.95,13.05,715715,TRY
2015-09-07,13.1,13.1,12.72,12.81,874881,TRY
2015-09-08,12.95,12.95,12.72,12.81,848522,TRY
2015-09-09,12.95,13.19,12.91,12.95,1255688,TRY
2015-09-10,12.91,13.34,12.76,13.29,1602480,TRY
2015-09-11,13.29,13.48,13.0,13.29,1344543,TRY
2015-09-14,13.34,13.48,13.29,13.48,870865,TRY
2015-09-15,13.48,13.96,13.48,13.86,1780037,TRY
2015-09-16,13.91,14.24,13.81,14.19,1420441,TRY
2015-09-17,14.15,14.62,14.0,14.62,2463876,TRY
2015-09-18,14.62,14.62,14.34,14.53,3456329,TRY
2015-09-21,14.53,14.57,14.24,14.34,1024398,TRY
2015-09-22,14.38,14.38,13.91,14.15,1271556,TRY
2015-09-23,14.1,14.15,13.91,14.05,1476350,TRY
2015-09-28,14.19,14.19,13.72,13.86,2331048,TRY
2015-09-29,13.86,13.96,13.76,13.81,1452672,TRY
2015-09-30,13.86,14.1,13.76,14.05,2186080,TRY
2015-10-01,14.1,14.24,13.86,13.91,1020318,TRY
2015-10-02,13.91,14.15,13.86,13.96,1127300,TRY
2015-10-05,14.1,14.24,14.05,14.15,1542317,TRY
2015-10-06,14.19,14.34,14.05,14.29,930112,TRY
2015-10-07,14.34,14.57,14.24,14.53,1766495,TRY
2015-10-08,14.48,14.62,14.29,14.53,1470896,TRY
2015-10-09,14.62,14.76,14.53,14.67,915352,TRY
2015-10-12,14.67,15.24,14.62,15.24,3142196,TRY
2015-10-13,15.24,15.29,14.86,14.96,2305736,TRY
2015-10-14,14.96,15.15,14.91,15.05,1267208,TRY
2015-10-15,15.15,15.24,14.96,14.96,1826654,TRY
2015-10-16,15.0,15.05,14.38,14.38,1598046,TRY
2015-10-19,14.67,15.29,14.67,15.1,3944718,TRY
2015-10-20,15.1,15.38,14.96,15.05,2573572,TRY
2015-10-21,15.0,15.29,14.91,15.15,1625638,TRY
2015-10-22,15.19,15.48,15.1,15.15,2659380,TRY
2015-10-23,15.15,15.29,15.05,15.15,1296426,TRY
2015-10-26,15.15,15.38,15.0,15.24,1305143,TRY
2015-10-27,15.24,15.29,14.43,14.48,3363151,TRY
2015-10-28,14.53,14.57,14.29,14.48,1022878,TRY
2015-10-30,14.43,15.24,14.43,15.15,2859208,TRY
2015-11-02,15.72,16.38,15.38,15.57,3077219,TRY
2015-11-03,15.57,15.72,15.48,15.57,2042733,TRY
2015-11-04,15.62,15.62,15.38,15.48,1568057,TRY
2015-11-05,15.43,15.53,15.29,15.48,1293674,TRY
2015-11-06,15.57,15.57,15.29,15.43,968939,TRY
2015-11-09,15.43,15.62,15.38,15.48,1750144,TRY
2015-11-10,15.53,15.53,15.19,15.19,1130423,TRY
2015-11-11,15.29,15.57,15.29,15.53,1511343,TRY
2015-11-12,15.62,15.86,15.57,15.81,1357890,TRY
2015-11-13,15.96,15.96,15.38,15.48,1829073,TRY
2015-11-16,15.38,15.57,15.29,15.53,2944117,TRY
2015-11-17,15.57,16.05,15.57,15.86,2767491,TRY
2015-11-18,15.91,16.05,15.67,15.81,1440941,TRY
2015-11-19,15.86,15.96,15.72,15.91,1695589,TRY
2015-11-20,15.86,16.15,15.86,15.91,935059,TRY
2015-11-23,16.0,16.1,15.86,15.86,1402620,TRY
2015-11-24,15.86,15.86,15.05,15.1,3522672,TRY
2015-11-25,15.24,15.62,15.1,15.53,2060450,TRY
2015-11-26,15.53,15.62,15.05,15.1,1448593,TRY
2015-11-27,15.1,15.38,15.0,15.0,1690903,TRY
2015-11-30,15.05,15.38,14.96,15.05,1262698,TRY
2015-12-01,15.05,15.4,15.04,15.36,1015942,TRY
2015-12-02,15.43,15.84,15.43,15.48,1238912,TRY
2015-12-03,15.49,15.49,15.25,15.29,1136802,TRY
2015-12-04,15.3,15.37,14.72,14.93,1915756,TRY
2015-12-07,15.13,15.13,14.53,14.53,2076978,TRY
2015-12-08,14.5,14.56,14.2,14.39,924956,TRY
2015-12-09,14.59,14.68,14.29,14.61,864247,TRY
2015-12-10,14.63,14.65,14.1,14.11,2069622,TRY
2015-12-11,14.08,14.19,13.62,13.98,2264065,TRY
2015-12-14,14.21,14.27,13.47,13.5,911099,TRY
2015-12-15,13.53,14.05,13.34,13.82,2372948,TRY
2015-12-16,13.8,14.12,13.59,13.98,1282130,TRY
2015-12-17,14.1,14.31,13.88,14.05,2010036,TRY
2015-12-18,14.05,14.17,13.71,13.77,1536574,TRY
2015-12-21,13.99,14.01,13.8,13.82,1131290,TRY
2015-12-22,13.82,14.1,13.81,14.02,1701443,TRY
2015-12-23,14.06,14.52,14.02,14.11,1716371,TRY
2015-12-24,14.16,14.21,13.92,13.97,561640,TRY
2015-12-25,13.98,14.07,13.97,13.99,152664,TRY
2015-12-28,14.02,14.15,13.83,13.86,1425736,TRY
2015-12-29,13.89,13.96,13.65,13.71,1464012,TRY
2015-12-30,13.7,13.7,13.48,13.56,913655,TRY
2015-12-31,13.55,13.63,12.89,13.31,971351,TRY
2016-01-04,13.14,13.23,12.95,13.05,765138,TRY
2016-01-05,13.18,13.58,12.93,13.55,1658115,TRY
2016-01-06,13.57,13.86,13.16,13.85,3492338,TRY
2016-01-07,13.81,14.02,13.58,13.91,2003403,TRY
2016-01-08,13.97,14.3,13.77,13.86,1762298,TRY
2016-01-11,13.86,14.04,13.74,13.76,1722789,TRY
2016-01-12,13.78,13.96,13.62,13.81,1741368,TRY
2016-01-13,14.0,14.19,13.86,14.13,1965967,TRY
2016-01-14,14.24,14.28,13.92,14.13,1701726,TRY
2016-01-15,14.2,14.21,13.84,13.98,1275145,TRY
2016-01-18,14.02,14.08,13.79,13.79,710462,TRY
2016-01-19,13.96,14.16,13.93,14.1,1282368,TRY
2016-01-20,14.05,14.05,13.81,13.81,785199,TRY
2016-01-21,13.81,13.87,13.54,13.71,1187978,TRY
2016-01-22,13.86,13.99,13.73,13.91,1387464,TRY
2016-01-25,14.02,14.09,13.65,13.76,1576316,TRY
2016-01-26,13.7,14.04,13.62,14.0,963550,TRY
2016-01-27,14.04,14.21,14.01,14.18,2739310,TRY
2016-01-28,14.29,14.43,14.2,14.32,825361,TRY
2016-01-29,14.37,14.72,14.37,14.68,1525610,TRY
2016-02-01,14.71,14.72,14.49,14.65,543491,TRY
2016-02-02,14.65,14.69,14.44,14.53,1117320,TRY
2016-02-03,14.76,15.81,14.76,15.66,6346405,TRY
2016-02-04,15.81,16.82,15.81,16.55,4964541,TRY
2016-02-05,16.69,16.77,16.38,16.68,4310835,TRY
2016-02-08,16.8,16.81,16.37,16.46,3041604,TRY
2016-02-09,16.39,16.54,15.91,15.98,5695465,TRY
2016-02-10,16.1,16.36,15.83,16.22,3152486,TRY
2016-02-11,16.31,16.48,15.79,16.34,1700970,TRY
2016-02-12,16.41,16.83,16.38,16.66,1871749,TRY
2016-02-15,16.69,16.82,16.32,16.66,1731514,TRY
2016-02-16,16.67,16.9,16.5,16.62,1110271,TRY
2016-02-17,16.81,17.84,16.53,17.53,3715064,TRY
2016-02-18,17.63,18.1,17.41,17.98,3521080,TRY
2016-02-19,17.98,17.98,16.97,17.15,4741068,TRY
2016-02-22,17.28,17.62,17.07,17.62,4047582,TRY
2016-02-23,17.62,18.24,17.5,18.05,2452410,TRY
2016-02-24,18.06,18.13,17.55,17.72,1290281,TRY
2016-02-25,18.1,18.45,17.81,18.31,2291833,TRY
2016-02-26,18.52,18.52,17.46,17.55,1881115,TRY
2016-02-29,17.67,18.34,17.58,18.2,2094958,TRY
2016-03-01,18.2,18.24,18.0,18.23,709003,TRY
2016-03-02,18.34,18.34,17.37,17.52,2935081,TRY
2016-03-03,17.61,17.67,17.38,17.52,1748997,TRY
2016-03-04,17.57,17.57,16.98,17.17,4021501,TRY
2016-03-07,17.3,17.52,17.02,17.08,5452717,TRY
2016-03-08,17.08,17.24,16.96,17.05,2628812,TRY
2016-03-09,17.1,17.19,16.87,17.14,3317440,TRY
2016-03-10,17.15,17.22,17.04,17.15,6174468,TRY
2016-03-11,17.15,17.18,16.92,17.1,1404337,TRY
2016-03-14,16.97,17.24,16.97,17.21,2275082,TRY
2016-03-15,17.19,17.4,17.09,17.27,2753568,TRY
2016-03-16,17.37,17.46,17.21,17.39,1804338,TRY
2016-03-17,17.49,18.12,17.35,17.85,5602691,TRY
2016-03-18,17.93,18.03,17.83,18.03,3987219,TRY
2016-03-21,18.07,18.08,17.67,17.9,2734561,TRY
2016-03-22,17.91,17.91,17.75,17.91,2143611,TRY
2016-03-23,17.9,18.19,17.19,17.38,3970649,TRY
2016-03-24,17.55,17.97,17.37,17.8,3605926,TRY
2016-03-25,17.77,17.82,17.54,17.59,257477,TRY
2016-03-28,17.56,17.65,17.47,17.55,176159,TRY
2016-03-29,17.51,17.91,17.5,17.86,3630518,TRY
2016-03-30,17.93,18.28,17.89,18.25,2561075,TRY
2016-03-31,18.21,18.25,17.82,18.25,1784996,TRY
2016-04-01,18.22,18.32,18.04,18.27,1496260,TRY
2016-04-04,18.28,18.43,18.2,18.43,1621718,TRY
2016-04-05,18.39,18.43,18.0,18.19,1030240,TRY
2016-04-06,18.15,18.18,17.84,17.97,686136,TRY
2016-04-07,17.98,18.06,17.74,17.9,699552,TRY
2016-04-08,17.9,18.63,17.79,18.63,1346247,TRY
2016-04-11,18.55,18.75,18.35,18.69,1258786,TRY
2016-04-12,18.64,18.69,18.37,18.5,710763,TRY
2016-04-13,18.59,19.83,18.5,19.6,1964585,TRY
2016-04-14,19.58,19.58,18.67,19.25,1545896,TRY
2016-04-15,19.25,19.44,18.86,19.24,917220,TRY
2016-04-18,19.2,20.05,19.18,19.38,1018704,TRY
2016-04-19,19.44,19.5,18.77,18.81,1657022,TRY
2016-04-20,18.74,18.84,18.24,18.34,3078297,TRY
2016-04-21,18.42,18.89,18.42,18.55,1927197,TRY
2016-04-22,18.62,18.9,18.56,18.69,2686167,TRY
2016-04-25,18.57,18.6,18.15,18.24,1754517,TRY
2016-04-26,18.36,18.38,18.17,18.31,765942,TRY
2016-04-27,18.37,18.39,18.03,18.12,1122297,TRY
2016-04-28,18.12,18.33,18.09,18.33,1139649,TRY
2016-04-29,18.38,18.47,18.05,18.27,1163449,TRY
2016-05-02,18.21,18.21,17.91,18.13,590045,TRY
2016-05-03,18.18,18.24,17.95,18.09,1913042,TRY
2016-05-04,18.14,18.15,17.43,17.75,2707014,TRY
2016-05-05,17.31,17.7,17.26,17.51,2033436,TRY
2016-05-06,17.51,18.15,17.27,18.08,2950929,TRY
2016-05-09,18.31,18.49,18.15,18.22,938945,TRY
2016-05-10,18.26,18.68,18.23,18.67,1146654,TRY
2016-05-11,18.68,18.84,18.39,18.81,1526101,TRY
2016-05-12,18.82,18.82,18.55,18.58,1057910,TRY
2016-05-13,18.53,19.1,18.49,18.73,1861560,TRY
2016-05-16,18.72,19.07,18.23,18.48,1148057,TRY
2016-05-17,18.6,18.69,18.31,18.62,1223104,TRY
2016-05-18,18.61,18.87,18.38,18.87,1403830,TRY
2016-05-20,18.96,19.35,18.69,18.77,2625034,TRY
2016-05-23,18.82,18.82,18.42,18.58,776395,TRY
2016-05-24,18.68,19.79,18.61,19.7,2011772,TRY
2016-05-25,19.83,19.93,19.5,19.66,1031362,TRY
2016-05-26,19.76,19.76,19.43,19.66,671760,TRY
2016-05-27,19.54,19.6,19.17,19.2,644177,TRY
2016-05-30,19.25,19.52,19.2,19.42,328693,TRY
2016-05-31,19.46,19.5,18.99,19.07,1343209,TRY
2016-06-01,19.13,19.27,18.86,19.19,1018101,TRY
2016-06-02,19.21,19.39,18.76,18.76,1069597,TRY
2016-06-03,18.86,19.89,18.76,19.72,1711618,TRY
2016-06-06,19.7,19.89,19.31,19.46,561914,TRY
2016-06-07,19.72,19.93,19.5,19.78,854388,TRY
2016-06-08,19.79,20.32,19.76,20.24,1028773,TRY
2016-06-09,20.24,20.32,20.05,20.11,1048581,TRY
2016-06-10,20.07,20.26,19.56,19.62,564412,TRY
2016-06-13,19.54,19.72,19.27,19.6,677358,TRY
2016-06-14,19.64,19.64,18.9,18.9,1984560,TRY
2016-06-15,19.04,19.2,18.76,18.79,1690358,TRY
2016-06-16,18.95,19.09,18.66,18.7,982026,TRY
2016-06-17,18.76,19.3,18.73,19.21,1225185,TRY
2016-06-20,19.33,19.79,19.33,19.79,923867,TRY
2016-06-21,19.7,19.78,19.21,19.27,1414394,TRY
2016-06-22,19.37,19.43,19.03,19.08,779524,TRY
2016-06-23,19.25,19.29,18.92,19.29,935505,TRY
2016-06-24,18.42,18.77,18.04,18.27,2748399,TRY
2016-06-27,18.33,18.37,17.91,18.0,1378593,TRY
2016-06-28,18.18,18.67,18.16,18.63,1327311,TRY
2016-06-29,18.57,18.6,18.32,18.32,841174,TRY
2016-06-30,18.38,18.52,18.31,18.4,1236416,TRY
2016-07-01,18.81,19.72,18.78,19.72,2486908,TRY
2016-07-04,20.11,20.4,19.72,20.09,568132,TRY
2016-07-08,19.99,20.49,19.83,19.87,1556311,TRY
2016-07-11,20.03,20.18,19.48,19.7,1146080,TRY
2016-07-12,19.78,20.3,19.76,20.22,1322111,TRY
2016-07-13,20.22,20.26,19.87,20.05,1092174,TRY
2016-07-14,20.14,20.3,20.07,20.28,875784,TRY
2016-07-15,20.28,20.42,20.05,20.28,920242,TRY
2016-07-18,19.85,20.42,19.35,19.76,1910358,TRY
2016-07-19,19.41,19.93,19.2,19.3,1152454,TRY
2016-07-20,19.38,19.72,18.84,19.32,1078154,TRY
2016-07-21,19.13,19.15,18.48,18.77,1491437,TRY
2016-07-22,18.89,18.99,18.29,18.56,1543012,TRY
2016-07-25,18.58,18.9,18.4,18.9,1401709,TRY
2016-07-26,18.99,19.24,18.96,19.17,888228,TRY
2016-07-27,19.21,19.5,19.08,19.48,943083,TRY
2016-07-28,19.58,19.68,19.41,19.52,724737,TRY
2016-07-29,19.58,19.85,19.16,19.85,1142592,TRY
2016-08-01,20.2,20.59,20.11,20.46,1298226,TRY
2016-08-02,20.44,20.49,20.22,20.28,664796,TRY
2016-08-03,20.46,20.51,20.11,20.48,712393,TRY
2016-08-04,20.59,20.94,20.22,20.84,674748,TRY
2016-08-05,20.92,20.92,20.4,20.69,570643,TRY
2016-08-08,20.83,20.86,20.18,20.57,665279,TRY
2016-08-09,20.57,20.94,20.42,20.88,902403,TRY
2016-08-10,20.88,20.88,20.46,20.79,988930,TRY
2016-08-11,20.94,21.47,20.63,21.45,1594149,TRY
2016-08-12,21.54,21.6,21.14,21.31,785155,TRY
2016-08-15,21.41,21.58,21.02,21.16,534461,TRY
2016-08-16,21.31,21.54,21.19,21.37,526500,TRY
2016-08-17,21.37,21.86,21.27,21.64,918919,TRY
2016-08-18,21.82,21.89,21.21,21.54,1534980,TRY
2016-08-19,21.58,21.62,21.18,21.62,566796,TRY
2016-08-22,21.39,21.62,21.37,21.56,472142,TRY
2016-08-23,21.56,21.64,21.04,21.08,632105,TRY
2016-08-24,20.88,21.02,20.59,20.86,454930,TRY
2016-08-25,20.9,21.1,20.79,21.06,482635,TRY
2016-08-26,21.08,21.14,20.79,21.08,491815,TRY
2016-08-29,20.9,21.14,20.75,21.08,451809,TRY
2016-08-31,21.08,21.08,20.57,20.57,1877132,TRY
2016-09-01,20.57,20.77,20.38,20.71,582542,TRY
2016-09-02,20.75,21.04,20.65,21.04,610185,TRY
2016-09-05,21.04,21.08,20.83,20.94,411105,TRY
2016-09-06,20.94,21.14,20.92,21.1,361629,TRY
2016-09-07,21.1,21.19,21.0,21.1,396987,TRY
2016-09-08,21.1,21.27,20.61,20.65,567958,TRY
2016-09-09,20.73,20.73,20.24,20.24,577411,TRY
2016-09-16,20.26,20.34,19.54,19.54,1585215,TRY
2016-09-19,19.58,20.16,19.58,20.05,724574,TRY
2016-09-20,20.03,20.42,19.83,20.13,1049200,TRY
2016-09-21,20.13,20.38,19.95,20.13,492563,TRY
2016-09-22,20.4,21.0,20.38,21.0,779816,TRY
2016-09-23,20.98,21.1,20.79,21.02,567010,TRY
2016-09-26,20.38,20.88,20.38,20.48,889942,TRY
2016-09-27,20.53,20.71,20.3,20.32,490124,TRY
2016-09-28,20.32,20.55,20.32,20.55,596864,TRY
2016-09-29,20.51,20.61,20.36,20.61,575868,TRY
2016-09-30,20.46,20.81,20.32,20.53,1003842,TRY
2016-10-03,20.75,20.79,20.48,20.49,470570,TRY
2016-10-04,20.49,20.77,20.36,20.59,969793,TRY
2016-10-05,20.48,20.75,20.42,20.75,538714,TRY
2016-10-06,20.77,20.92,20.69,20.73,442980,TRY
2016-10-07,20.81,21.25,20.63,20.98,763727,TRY
2016-10-10,21.14,21.14,20.69,20.88,552687,TRY
2016-10-11,20.94,20.98,20.61,20.9,522059,TRY
2016-10-12,20.96,20.98,20.53,20.57,484256,TRY
2016-10-13,20.55,20.92,20.48,20.92,718901,TRY
2016-10-14,20.94,20.94,20.71,20.71,485365,TRY
2016-10-17,20.73,20.79,20.51,20.63,559268,TRY
2016-10-18,20.63,20.77,20.49,20.49,768302,TRY
2016-10-19,20.55,20.73,20.53,20.67,592980,TRY
2016-10-20,20.71,20.77,20.42,20.42,960629,TRY
2016-10-21,20.42,20.59,20.28,20.32,666039,TRY
2016-10-24,20.53,20.61,20.3,20.42,977065,TRY
2016-10-25,20.38,20.48,20.13,20.22,922023,TRY
2016-10-26,20.22,20.24,19.85,20.18,898154,TRY
2016-10-27,20.24,20.24,19.79,19.79,660233,TRY
2016-10-28,19.79,19.81,19.36,19.54,476948,TRY
2016-10-31,19.58,19.97,19.54,19.87,858694,TRY
2016-11-01,19.83,19.95,19.62,19.62,1870984,TRY
2016-11-02,19.62,19.78,19.58,19.68,929400,TRY
2016-11-03,19.68,19.7,19.42,19.6,1246574,TRY
2016-11-04,19.41,19.58,19.17,19.39,1308078,TRY
2016-11-07,19.42,19.64,19.41,19.43,708596,TRY
2016-11-08,19.41,19.93,19.13,19.89,1003690,TRY
2016-11-09,19.25,19.83,19.25,19.78,736243,TRY
2016-11-10,19.99,20.03,19.58,19.58,700249,TRY
2016-11-11,19.54,19.74,19.38,19.54,1155617,TRY
2016-11-14,19.58,19.72,19.39,19.62,738418,TRY
2016-11-15,19.62,19.66,19.43,19.44,878666,TRY
2016-11-16,19.48,19.62,19.33,19.54,599514,TRY
2016-11-17,19.62,20.03,19.44,19.58,1655616,TRY
2016-11-18,19.5,19.87,19.43,19.7,978759,TRY
2016-11-21,19.72,19.83,19.44,19.76,562535,TRY
2016-11-22,19.72,19.78,19.5,19.56,732167,TRY
2016-11-23,19.66,19.66,19.4,19.42,731506,TRY
2016-11-24,19.4,19.76,19.21,19.33,661302,TRY
2016-11-25,19.33,19.54,19.07,19.44,797021,TRY
2016-11-28,19.6,19.64,19.35,19.44,714682,TRY
2016-11-29,19.36,19.52,19.27,19.27,991325,TRY
2016-11-30,19.44,19.6,19.39,19.48,1105708,TRY
2016-12-01,19.52,19.56,19.09,19.19,1067016,TRY
2016-12-02,19.19,19.54,18.91,19.35,1189409,TRY
2016-12-05,19.3,19.46,19.11,19.13,2409871,TRY
2016-12-06,19.26,19.7,19.26,19.66,1653125,TRY
2016-12-07,19.66,20.14,19.5,20.05,1994050,TRY
2016-12-08,20.11,20.2,19.58,20.01,987441,TRY
2016-12-09,20.01,20.05,19.89,20.01,776383,TRY
2016-12-12,19.83,20.18,19.64,20.13,942094,TRY
2016-12-13,20.2,20.38,20.05,20.34,1307461,TRY
2016-12-14,20.28,20.36,20.09,20.36,725949,TRY
2016-12-15,20.28,20.32,19.97,20.18,892275,TRY
2016-12-16,20.22,20.26,20.05,20.09,795248,TRY
2016-12-19,20.09,20.18,19.85,19.93,497740,TRY
2016-12-20,19.93,20.32,19.78,20.3,764799,TRY
2016-12-21,20.24,20.26,20.05,20.05,561603,TRY
2016-12-22,20.09,20.14,19.97,20.09,355897,TRY
2016-12-23,20.05,20.42,20.03,20.36,678105,TRY
2016-12-26,20.38,20.53,20.38,20.49,92209,TRY
2016-12-27,20.49,20.53,20.24,20.24,210311,TRY
2016-12-28,20.24,20.57,20.18,20.57,379157,TRY
2016-12-29,20.51,20.57,20.3,20.32,581569,TRY
2016-12-30,20.34,20.61,20.28,20.61,436219,TRY
2017-01-02,20.51,20.51,20.18,20.18,611774,TRY
2017-01-03,20.18,20.18,19.7,19.74,1169524,TRY
2017-01-04,19.78,19.89,19.4,19.46,817296,TRY
2017-01-05,19.64,19.72,19.11,19.44,1301384,TRY
2017-01-06,19.44,19.58,19.37,19.58,768285,TRY
2017-01-09,19.52,19.52,19.29,19.44,912291,TRY
2017-01-10,19.35,19.68,19.27,19.56,1640451,TRY
2017-01-11,19.46,19.64,19.25,19.39,1581801,TRY
2017-01-12,19.44,19.76,19.44,19.74,3798488,TRY
2017-01-13,19.78,19.93,19.74,19.89,2316649,TRY
2017-01-16,19.93,20.18,19.89,20.18,1523201,TRY
2017-01-17,20.22,20.4,20.16,20.18,1675012,TRY
2017-01-18,20.18,21.18,20.18,21.0,3289675,TRY
2017-01-19,21.0,21.19,20.83,21.14,2131732,TRY
2017-01-20,21.02,21.35,20.63,21.35,1251004,TRY
2017-01-23,21.51,22.11,21.39,21.86,1641871,TRY
2017-01-24,21.95,22.01,21.53,21.6,1528340,TRY
2017-01-25,21.66,21.99,21.56,21.68,923194,TRY
2017-01-26,21.78,22.26,21.76,21.99,998259,TRY
2017-01-27,21.99,22.17,21.68,22.11,745598,TRY
2017-01-30,22.11,23.14,22.11,22.38,1426315,TRY
2017-01-31,22.36,22.56,22.23,22.23,1243988,TRY
2017-02-01,22.3,23.02,22.24,22.91,1665868,TRY
2017-02-02,22.93,23.3,22.42,22.42,1054349,TRY
2017-02-03,23.14,23.31,23.0,23.14,1470226,TRY
2017-02-06,23.33,23.43,22.71,22.85,1050960,TRY
2017-02-07,22.54,22.54,21.16,21.33,3760953,TRY
2017-02-08,21.39,21.53,20.73,21.35,3669192,TRY
2017-02-09,21.39,21.66,21.21,21.56,1778551,TRY
2017-02-10,21.66,21.68,20.84,20.84,2446705,TRY
2017-02-13,20.94,21.19,20.86,20.98,1193876,TRY
2017-02-14,21.04,21.14,20.83,20.83,1449827,TRY
2017-02-15,20.92,21.02,20.61,20.67,1189828,TRY
2017-02-16,20.77,20.9,20.69,20.73,882701,TRY
2017-02-17,20.71,20.79,20.49,20.53,1193600,TRY
2017-02-20,20.63,20.81,20.59,20.65,1054638,TRY
2017-02-21,20.65,20.79,20.61,20.71,1559396,TRY
2017-02-22,20.71,21.14,20.71,21.04,1817602,TRY
2017-02-23,21.18,21.29,21.08,21.21,1893099,TRY
2017-02-24,21.23,21.31,20.83,20.96,902063,TRY
2017-02-27,20.96,20.96,20.57,20.65,805333,TRY
2017-02-28,20.65,20.71,20.3,20.3,1698976,TRY
2017-03-01,20.44,21.0,20.34,21.0,2338071,TRY
2017-03-02,20.9,21.1,20.9,21.04,1196021,TRY
2017-03-03,21.04,21.04,20.71,20.75,1467789,TRY
2017-03-06,20.83,21.35,20.83,21.19,1799098,TRY
2017-03-07,21.25,21.33,20.96,21.1,1913634,TRY
2017-03-08,21.1,21.18,20.71,20.81,1559095,TRY
2017-03-09,20.44,21.04,20.44,20.9,1717928,TRY
2017-03-10,20.92,21.06,20.83,20.88,870834,TRY
2017-03-13,20.88,20.9,20.63,20.86,797940,TRY
2017-03-14,20.86,20.9,20.71,20.88,731219,TRY
2017-03-15,20.96,21.02,20.73,20.73,1507408,TRY
2017-03-16,20.9,20.98,20.79,20.98,2778505,TRY
2017-03-17,21.1,21.33,21.02,21.31,2876334,TRY
2017-03-20,21.29,21.8,21.23,21.8,2635051,TRY
2017-03-21,21.88,22.26,21.88,22.26,2809228,TRY
2017-03-22,22.13,22.17,21.68,22.11,1756386,TRY
2017-03-23,22.23,22.32,22.01,22.19,1137341,TRY
2017-03-24,22.21,22.32,21.93,22.11,1288584,TRY
2017-03-27,22.09,22.32,21.97,22.07,897443,TRY
2017-03-28,22.24,22.26,21.95,21.95,652177,TRY
2017-03-29,21.97,21.97,21.58,21.62,931003,TRY
2017-03-30,21.66,21.82,21.6,21.6,925297,TRY
2017-03-31,21.7,22.19,21.7,22.03,2311716,TRY
2017-04-03,22.18,22.48,21.86,22.16,1362154,TRY
2017-04-04,22.12,22.38,22.06,22.22,727573,TRY
2017-04-05,22.32,22.58,22.1,22.58,1698671,TRY
2017-04-06,22.5,22.7,22.32,22.46,1631796,TRY
2017-04-07,22.3,22.46,22.24,22.3,780926,TRY
2017-04-10,22.32,23.1,22.2,23.1,2402764,TRY
2017-04-11,23.1,23.16,22.72,22.82,1445736,TRY
2017-04-12,22.82,22.94,22.62,22.68,1198532,TRY
2017-04-13,22.72,22.82,22.38,22.4,1256549,TRY
2017-04-14,22.32,22.4,22.02,22.02,735401,TRY
2017-04-17,22.26,22.58,22.24,22.24,947629,TRY
2017-04-18,22.26,22.66,22.24,22.58,1279110,TRY
2017-04-19,22.7,22.78,22.48,22.6,1379288,TRY
2017-04-20,22.64,23.08,22.5,23.08,1934479,TRY
2017-04-21,23.34,23.52,23.1,23.52,1398779,TRY
2017-04-24,23.58,23.64,23.22,23.6,1333055,TRY
2017-04-25,23.92,24.1,23.38,23.66,2082558,TRY
2017-04-26,23.66,23.78,23.52,23.74,1630849,TRY
2017-04-27,23.82,24.0,23.68,23.92,1084632,TRY
2017-04-28,24.0,24.02,23.58,23.7,2002021,TRY
2017-05-02,23.68,23.86,23.56,23.56,1050986,TRY
2017-05-03,23.56,23.74,23.06,23.16,1289805,TRY
2017-05-04,23.18,23.32,23.06,23.2,990625,TRY
2017-05-05,23.08,23.38,23.04,23.24,943990,TRY
2017-05-08,23.4,23.54,23.12,23.24,1108535,TRY
2017-05-09,23.18,23.64,22.96,23.56,1661643,TRY
2017-05-10,23.46,23.66,23.4,23.52,1234645,TRY
2017-05-11,23.54,23.64,23.3,23.36,1477750,TRY
2017-05-12,23.36,23.66,23.32,23.52,1119486,TRY
2017-05-15,23.66,23.86,23.6,23.76,1639139,TRY
2017-05-16,23.82,24.0,23.38,23.46,1901271,TRY
2017-05-17,23.5,23.72,23.16,23.16,2536515,TRY
2017-05-18,23.16,23.36,22.6,23.24,2221638,TRY
2017-05-22,23.48,24.3,23.44,24.28,3396780,TRY
2017-05-23,24.32,25.0,24.32,25.0,3654392,TRY
2017-05-24,25.0,25.34,24.5,25.28,4079680,TRY
2017-05-25,25.0,25.14,24.62,24.92,3933637,TRY
2017-05-26,24.74,25.0,24.5,24.52,1231406,TRY
2017-05-29,24.5,24.94,24.46,24.76,583572,TRY
2017-05-30,24.7,24.76,24.42,24.48,1360564,TRY
2017-05-31,24.74,24.84,24.42,24.42,2299358,TRY
2017-06-01,24.56,24.78,24.46,24.78,1285338,TRY
2017-06-02,24.88,26.32,24.86,26.26,4939461,TRY
2017-06-05,26.38,26.4,26.02,26.22,1337282,TRY
2017-06-06,26.22,26.22,25.92,26.06,703143,TRY
2017-06-07,26.06,26.12,25.7,25.84,1092328,TRY
2017-06-08,25.82,26.26,25.72,26.1,776122,TRY
2017-06-09,26.16,26.84,26.16,26.3,2147486,TRY
2017-06-12,26.3,26.8,25.8,25.88,1442299,TRY
2017-06-13,25.9,26.16,25.8,25.86,837185,TRY
2017-06-14,25.88,25.98,25.42,25.62,1261019,TRY
2017-06-15,25.7,25.9,25.46,25.7,2176240,TRY
2017-06-16,25.58,26.04,25.52,25.96,1601864,TRY
2017-06-19,26.18,26.4,26.0,26.1,1033842,TRY
2017-06-20,26.5,26.5,25.74,25.74,1058787,TRY
2017-06-21,25.74,26.04,25.72,25.72,584127,TRY
2017-06-22,25.84,26.06,25.66,26.06,617018,TRY
2017-06-23,26.06,26.1,25.8,25.92,729500,TRY
2017-06-28,25.8,26.44,25.76,26.42,1237287,TRY
2017-06-29,26.5,26.5,25.76,25.84,1119894,TRY
2017-06-30,25.78,26.2,25.7,26.06,935487,TRY
2017-07-03,26.06,26.1,25.76,25.8,603451,TRY
2017-07-04,25.74,25.88,25.72,25.86,445012,TRY
2017-07-05,25.86,25.9,25.46,25.46,537797,TRY
2017-07-06,25.52,25.56,25.2,25.2,902557,TRY
2017-07-07,25.3,25.32,24.84,24.84,1529141,TRY
2017-07-10,24.96,25.66,24.96,25.58,1023375,TRY
2017-07-11,25.42,25.86,25.14,25.78,1428694,TRY
2017-07-12,25.78,25.94,25.6,25.84,1126787,TRY
2017-07-13,25.94,26.7,25.88,26.56,2632274,TRY
2017-07-14,26.58,27.0,26.5,27.0,1065210,TRY
2017-07-17,27.14,27.14,26.86,27.12,1285295,TRY
2017-07-18,27.12,27.36,26.92,27.1,1382011,TRY
2017-07-19,27.14,27.46,27.02,27.22,1611071,TRY
2017-07-20,27.34,27.4,26.86,27.0,1578008,TRY
2017-07-21,26.86,27.12,26.62,26.66,897859,TRY
2017-07-24,26.76,26.92,26.4,26.52,1062034,TRY
2017-07-25,26.5,26.96,26.44,26.68,916883,TRY
2017-07-26,26.66,26.68,26.48,26.6,973069,TRY
2017-07-27,26.74,26.78,26.52,26.52,955710,TRY
2017-07-28,26.5,26.58,25.9,26.28,942142,TRY
2017-07-31,26.28,26.3,25.82,26.0,1213743,TRY
2017-08-01,25.8,25.8,25.12,25.28,2466545,TRY
2017-08-02,25.38,25.72,25.2,25.56,1348638,TRY
2017-08-03,25.48,25.48,25.26,25.34,1916661,TRY
2017-08-04,25.36,25.6,25.26,25.3,2347550,TRY
2017-08-07,25.32,25.68,25.32,25.54,1293851,TRY
2017-08-08,25.54,25.74,25.36,25.42,836096,TRY
2017-08-09,25.32,25.32,24.84,24.86,994538,TRY
2017-08-10,24.82,25.0,24.36,24.36,1431500,TRY
2017-08-11,24.4,24.72,23.9,24.44,1799347,TRY
2017-08-14,24.62,25.14,24.52,25.04,1168788,TRY
2017-08-15,25.1,25.1,24.2,24.38,1354832,TRY
2017-08-16,24.38,24.6,23.88,24.6,1940760,TRY
2017-08-17,24.7,24.7,24.3,24.56,864553,TRY
2017-08-18,24.3,24.58,24.22,24.32,874762,TRY
2017-08-21,24.16,24.46,23.86,24.0,1190098,TRY
2017-08-22,24.04,24.18,23.88,23.88,1158732,TRY
2017-08-23,23.86,24.14,23.64,24.04,1425337,TRY
2017-08-24,24.06,24.72,24.06,24.3,2276111,TRY
2017-08-25,24.36,24.72,24.36,24.5,1531687,TRY
2017-08-28,24.58,24.76,24.36,24.62,1189984,TRY
2017-08-29,24.48,24.58,24.24,24.52,1127923,TRY
2017-08-31,24.26,24.46,24.0,24.0,1493345,TRY
2017-09-05,24.04,24.48,24.04,24.1,1827299,TRY
2017-09-06,24.12,24.18,23.5,23.66,2062049,TRY
2017-09-07,23.72,23.8,23.6,23.6,1493462,TRY
2017-09-08,23.62,23.86,23.4,23.5,2274591,TRY
2017-09-11,23.6,23.7,23.34,23.4,1646792,TRY
2017-09-12,23.38,23.42,22.9,23.12,2873918,TRY
2017-09-13,23.18,23.4,22.96,23.18,3360835,TRY
2017-09-14,23.2,23.3,22.9,23.04,2268633,TRY
2017-09-15,23.14,23.7,23.04,23.3,4350581,TRY
2017-09-18,23.46,23.56,23.04,23.16,1775705,TRY
2017-09-19,23.16,23.32,22.68,22.68,1890450,TRY
2017-09-20,22.7,22.92,22.3,22.54,1880052,TRY
2017-09-21,22.4,22.98,22.32,22.92,2397849,TRY
2017-09-22,22.92,23.08,22.56,22.76,1358748,TRY
2017-09-25,22.7,22.7,22.1,22.28,1021394,TRY
2017-09-26,22.32,23.02,22.32,22.94,1322140,TRY
2017-09-27,22.96,23.0,22.44,22.58,1460247,TRY
2017-09-28,22.52,22.76,22.3,22.62,1726099,TRY
2017-09-29,22.6,22.94,22.44,22.72,1898194,TRY
2017-10-02,22.72,22.9,22.68,22.88,759840,TRY
2017-10-03,22.9,23.0,22.5,22.66,1165999,TRY
2017-10-04,22.7,22.84,22.62,22.66,788923,TRY
2017-10-05,22.74,23.12,22.74,22.76,1618269,TRY
2017-10-06,22.86,22.98,22.64,22.64,1473909,TRY
2017-10-09,21.36,22.2,21.0,21.76,2142118,TRY
2017-10-10,21.9,22.12,21.9,22.04,2051319,TRY
2017-10-11,22.02,22.36,21.92,21.96,1820746,TRY
2017-10-12,22.26,22.66,22.24,22.6,2250320,TRY
2017-10-13,22.64,23.14,22.62,22.74,2112859,TRY
2017-10-16,22.92,22.92,22.48,22.58,1756244,TRY
2017-10-17,22.58,22.7,22.5,22.62,1905592,TRY
2017-10-18,22.64,22.78,22.46,22.46,2253531,TRY
2017-10-19,22.52,23.14,22.52,23.1,3020014,TRY
2017-10-20,23.26,23.4,23.18,23.36,2207265,TRY
2017-10-23,23.08,23.08,21.76,21.8,8705207,TRY
2017-10-24,21.86,21.92,21.08,21.08,5608632,TRY
2017-10-25,21.12,21.26,20.64,20.64,9970232,TRY
2017-10-26,20.68,20.9,20.54,20.54,5853436,TRY
2017-10-27,20.46,20.66,19.99,20.48,5561038,TRY
2017-10-30,20.68,20.8,20.56,20.62,2823531,TRY
2017-10-31,20.64,20.92,20.62,20.72,4438501,TRY
2017-11-01,20.74,21.42,20.74,21.26,6911875,TRY
2017-11-02,21.5,21.56,20.94,21.24,4833969,TRY
2017-11-03,21.28,21.28,20.7,20.9,2454598,TRY
2017-11-06,20.96,21.2,20.76,21.2,2220763,TRY
2017-11-07,21.28,21.28,20.74,20.78,1690906,TRY
2017-11-08,20.8,20.92,20.68,20.8,1810344,TRY
2017-11-09,20.94,21.08,20.42,20.56,2501159,TRY
2017-11-10,20.6,20.64,19.95,20.34,2007172,TRY
2017-11-13,20.4,20.46,20.1,20.2,1309048,TRY
2017-11-14,20.14,20.46,20.04,20.28,1259523,TRY
2017-11-15,20.32,20.94,20.28,20.6,3532106,TRY
2017-11-16,20.7,20.8,20.3,20.38,3192163,TRY
2017-11-17,20.44,20.52,19.61,19.62,4179875,TRY
2017-11-20,19.62,19.96,19.36,19.57,2923643,TRY
2017-11-21,19.17,19.69,19.14,19.64,2971116,TRY
2017-11-22,19.65,19.66,19.15,19.4,2516136,TRY
2017-11-23,19.46,19.59,19.27,19.4,1275961,TRY
2017-11-24,19.42,19.44,19.16,19.28,1385218,TRY
2017-11-27,19.32,19.77,19.14,19.71,3247463,TRY
2017-11-28,19.75,19.96,19.36,19.36,2824702,TRY
2017-11-29,19.38,19.67,19.29,19.29,3531222,TRY
2017-11-30,19.29,19.81,19.29,19.81,4418054,TRY
2017-12-01,19.8,20.42,19.6,20.28,4809133,TRY
2017-12-04,20.32,20.54,20.24,20.36,2934946,TRY
2017-12-05,20.46,20.68,20.14,20.36,2237125,TRY
2017-12-06,20.34,20.4,20.16,20.32,1562152,TRY
2017-12-07,20.3,20.46,20.18,20.3,1404271,TRY
2017-12-08,20.32,20.66,20.3,20.5,1600062,TRY
2017-12-11,20.66,20.86,20.64,20.74,1180595,TRY
2017-12-12,20.86,20.86,20.5,20.5,811251,TRY
2017-12-13,20.58,20.6,20.26,20.4,1472595,TRY
2017-12-14,20.44,20.74,20.42,20.58,1288248,TRY
2017-12-15,20.6,20.64,20.42,20.62,1252693,TRY
2017-12-18,20.62,20.8,20.58,20.62,1190199,TRY
2017-12-19,20.7,20.92,20.5,20.5,1394119,TRY
2017-12-20,20.5,20.6,20.4,20.5,1492885,TRY
2017-12-21,20.56,20.82,20.52,20.58,1658048,TRY
2017-12-22,20.66,20.74,20.48,20.48,1070046,TRY
2017-12-25,20.62,20.62,20.5,20.54,232418,TRY
2017-12-26,20.6,20.62,20.5,20.54,342708,TRY
2017-12-27,20.56,20.56,20.38,20.48,759207,TRY
2017-12-28,20.5,21.08,20.44,21.06,2254667,TRY
2017-12-29,21.14,21.52,21.06,21.52,2197137,TRY
2018-01-02,21.56,21.76,21.44,21.72,3394182,TRY
2018-01-03,21.78,21.86,21.56,21.68,2851693,TRY
2018-01-04,21.66,21.96,21.48,21.58,2611409,TRY
2018-01-05,21.66,21.84,21.6,21.8,3367173,TRY
2018-01-08,21.84,22.02,21.32,21.46,2857504,TRY
2018-01-09,21.5,21.52,20.92,21.28,2550242,TRY
2018-01-10,21.2,21.2,20.56,20.66,3905609,TRY
2018-01-11,20.82,20.86,20.38,20.6,3266952,TRY
2018-01-12,20.66,20.7,20.42,20.44,2382863,TRY
2018-01-15,20.44,20.62,20.1,20.14,2386387,TRY
2018-01-16,20.02,20.12,19.77,20.04,3837528,TRY
2018-01-17,20.16,20.66,20.02,20.58,3092428,TRY
2018-01-18,20.58,20.78,20.26,20.34,2196842,TRY
2018-01-19,20.4,20.46,19.98,20.08,1825349,TRY
2018-01-22,20.08,20.24,19.96,20.18,2977056,TRY
2018-01-23,20.14,20.56,20.12,20.42,2655913,TRY
2018-01-24,20.42,20.42,20.1,20.12,2967694,TRY
2018-01-25,20.14,20.18,19.76,19.84,2645768,TRY
2018-01-26,19.9,20.08,19.85,19.87,1950282,TRY
2018-01-29,19.88,20.2,19.85,20.14,2122282,TRY
2018-01-30,20.16,20.22,19.87,19.87,2167093,TRY
2018-01-31,19.5,19.5,18.86,19.06,11343475,TRY
2018-02-01,19.09,19.55,19.08,19.42,5651113,TRY
2018-02-02,19.46,19.48,19.27,19.4,3563418,TRY
2018-02-05,19.39,19.84,19.31,19.4,2750728,TRY
2018-02-06,19.2,19.3,18.91,19.07,2462411,TRY
2018-02-07,19.17,19.2,18.92,18.97,2367461,TRY
2018-02-08,18.98,19.04,18.76,18.86,2242333,TRY
2018-02-09,18.8,18.81,18.5,18.62,2116759,TRY
2018-02-12,18.67,18.91,18.67,18.8,1229404,TRY
2018-02-13,18.82,19.0,18.53,18.66,1905597,TRY
2018-02-14,18.66,18.93,18.66,18.86,1962935,TRY
2018-02-15,18.92,19.15,18.91,19.1,1887917,TRY
2018-02-16,19.18,19.21,19.05,19.08,1250487,TRY
2018-02-19,19.15,19.28,18.84,19.0,1356795,TRY
2018-02-20,19.06,19.1,18.44,18.44,1288114,TRY
2018-02-21,18.62,18.78,18.47,18.71,1615199,TRY
2018-02-22,18.69,18.87,18.64,18.79,1370898,TRY
2018-02-23,18.88,19.14,18.6,18.97,1511465,TRY
2018-02-26,19.03,19.09,18.88,18.9,1102708,TRY
2018-02-27,18.99,19.03,18.88,18.98,1452289,TRY
2018-02-28,18.9,19.05,18.84,18.95,2883699,TRY
2018-03-01,18.9,18.98,18.58,18.59,1942031,TRY
2018-03-02,18.6,18.64,18.27,18.37,2380271,TRY
2018-03-05,18.39,18.7,18.3,18.55,2023010,TRY
2018-03-06,18.6,19.07,18.6,18.94,3028033,TRY
2018-03-07,18.94,18.94,18.7,18.75,1401664,TRY
2018-03-08,18.75,18.97,18.75,18.86,1473679,TRY
2018-03-09,18.86,19.1,18.84,19.01,2078156,TRY
2018-03-12,19.15,19.27,19.0,19.02,1462076,TRY
2018-03-13,18.39,18.39,18.24,18.29,1001113,TRY
2018-03-14,18.29,18.37,18.09,18.11,951842,TRY
2018-03-15,18.13,18.2,18.0,18.01,1060457,TRY
2018-03-16,18.09,18.21,18.0,18.09,1449454,TRY
2018-03-19,18.15,18.21,17.69,17.79,1939269,TRY
2018-03-20,17.83,17.87,17.67,17.77,1540448,TRY
2018-03-21,17.83,18.04,17.75,17.98,1251208,TRY
2018-03-22,18.02,18.16,17.96,18.0,1330076,TRY
2018-03-23,17.77,17.9,17.76,17.87,1542293,TRY
2018-03-26,17.93,18.48,17.9,18.22,2289283,TRY
2018-03-27,18.29,18.37,18.09,18.1,1156479,TRY
2018-03-28,18.08,18.13,17.84,17.94,1520140,TRY
2018-03-29,17.98,18.13,17.85,17.88,1965502,TRY
2018-03-30,17.95,17.99,17.85,17.85,875569,TRY
2018-04-02,17.93,17.98,17.78,17.78,632180,TRY
2018-04-03,17.8,18.17,17.8,18.07,2443039,TRY
2018-04-04,18.13,18.41,18.12,18.3,2402528,TRY
2018-04-05,18.31,18.44,18.03,18.09,2230059,TRY
2018-04-06,18.09,18.37,18.02,18.12,2064430,TRY
2018-04-09,18.18,18.23,17.9,17.96,1756754,TRY
2018-04-10,17.96,18.04,17.27,17.58,2030581,TRY
2018-04-11,17.58,17.58,16.72,16.95,3785894,TRY
2018-04-12,16.95,17.06,16.53,16.83,3562817,TRY
2018-04-13,16.83,16.91,16.65,16.77,1284055,TRY
2018-04-16,16.77,17.11,16.76,16.81,1232633,TRY
2018-04-17,16.9,17.04,16.41,16.5,2771879,TRY
2018-04-18,16.5,17.0,16.3,17.0,2545863,TRY
2018-04-19,17.0,17.32,16.83,17.3,2919728,TRY
2018-04-20,17.28,17.28,17.07,17.11,1622858,TRY
2018-04-24,17.06,17.09,16.81,16.9,2727487,TRY
2018-04-25,16.88,16.89,16.4,16.68,1930300,TRY
2018-04-26,16.63,16.72,16.36,16.67,1329190,TRY
2018-04-27,16.77,18.12,16.75,18.0,6973398,TRY
2018-04-30,18.0,18.41,17.81,18.08,3772673,TRY
2018-05-02,18.08,18.85,18.06,18.32,6811530,TRY
2018-05-03,18.32,18.32,17.74,17.88,2521806,TRY
2018-05-04,17.88,17.98,17.29,17.33,1695703,TRY
2018-05-07,17.33,17.43,16.99,17.06,1259505,TRY
2018-05-08,17.12,17.2,16.5,16.6,1742034,TRY
2018-05-09,16.58,17.25,16.26,17.04,3180950,TRY
2018-05-10,17.04,17.2,16.58,17.15,1167161,TRY
2018-05-11,17.2,17.66,17.0,17.17,1727175,TRY
2018-05-14,17.19,17.59,17.19,17.49,939103,TRY
2018-05-15,17.3,17.3,16.94,17.26,1629759,TRY
2018-05-16,17.21,17.29,16.58,16.79,2801221,TRY
2018-05-17,16.77,16.97,16.6,16.67,917672,TRY
2018-05-18,16.68,16.95,16.65,16.85,997971,TRY
2018-05-21,16.65,17.06,16.65,16.91,790457,TRY
2018-05-22,16.98,17.07,16.82,16.92,940206,TRY
2018-05-23,16.92,16.95,16.35,16.43,3950612,TRY
2018-05-24,16.64,16.67,16.22,16.35,1888679,TRY
2018-05-25,16.31,16.84,16.19,16.55,1939066,TRY
2018-05-28,16.77,17.36,16.77,17.36,1881934,TRY
2018-05-29,17.4,17.5,17.05,17.16,1791096,TRY
2018-05-30,17.17,17.17,16.84,16.86,1880563,TRY
2018-05-31,16.86,17.15,16.55,16.62,2916660,TRY
2018-06-01,16.62,16.62,16.22,16.35,2765930,TRY
2018-06-04,16.4,16.59,15.92,15.92,1930774,TRY
2018-06-05,16.0,16.05,15.5,15.56,1537839,TRY
2018-06-06,15.8,15.8,14.84,15.01,2450749,TRY
2018-06-07,15.05,15.49,15.02,15.41,3492739,TRY
2018-06-08,15.34,15.42,15.0,15.18,1595142,TRY
2018-06-11,15.17,15.92,14.83,15.75,2944641,TRY
2018-06-12,15.8,16.0,15.36,15.66,1728288,TRY
2018-06-13,15.61,15.95,15.37,15.46,1595023,TRY
2018-06-14,15.41,15.58,14.99,15.56,1830058,TRY
2018-06-18,15.49,15.77,15.26,15.49,2149033,TRY
2018-06-19,15.43,15.58,15.13,15.55,3218309,TRY
2018-06-20,15.53,15.72,15.38,15.72,2449612,TRY
2018-06-21,15.8,16.1,15.56,16.05,2340071,TRY
2018-06-22,16.5,16.5,15.91,16.22,1930733,TRY
2018-06-25,16.5,16.54,15.39,15.5,3026514,TRY
2018-06-26,15.56,15.81,15.16,15.21,2897414,TRY
2018-06-27,15.23,15.6,15.21,15.47,3210314,TRY
2018-06-28,15.46,15.47,15.27,15.27,3784833,TRY
2018-06-29,15.4,15.46,15.17,15.25,5462229,TRY
2018-07-02,15.24,15.63,15.17,15.47,3459429,TRY
2018-07-03,15.47,15.5,15.26,15.27,1747193,TRY
2018-07-04,15.29,15.35,15.02,15.07,2729101,TRY
2018-07-05,15.14,15.27,15.09,15.16,5297045,TRY
2018-07-06,15.21,15.26,15.02,15.03,2265801,TRY
2018-07-09,15.11,15.38,15.03,15.08,4622508,TRY
2018-07-10,14.9,14.9,14.27,14.43,5008081,TRY
2018-07-11,14.38,14.38,13.78,13.82,4111563,TRY
2018-07-12,13.84,13.92,12.61,13.03,9448865,TRY
2018-07-13,13.06,13.11,12.31,12.33,12324604,TRY
2018-07-16,12.39,12.5,11.83,11.83,8719587,TRY
2018-07-17,11.86,12.36,11.85,12.14,8804089,TRY
2018-07-18,12.24,12.36,11.88,12.09,6065634,TRY
2018-07-19,12.13,12.62,12.13,12.39,9260279,TRY
2018-07-20,12.45,12.59,12.27,12.4,5593366,TRY
2018-07-23,12.5,12.78,12.45,12.66,6109854,TRY
2018-07-24,12.71,12.71,11.85,11.89,11469979,TRY
2018-07-25,11.99,12.37,11.9,12.34,8010261,TRY
2018-07-26,12.38,12.88,12.37,12.67,9167551,TRY
2018-07-27,12.65,12.77,12.4,12.59,4144734,TRY
2018-07-30,12.55,12.72,12.42,12.61,3765017,TRY
2018-07-31,12.61,12.73,12.48,12.61,4503512,TRY
2018-08-01,12.62,12.66,12.39,12.4,4420280,TRY
2018-08-02,12.2,12.2,11.89,12.05,6990345,TRY
2018-08-03,12.02,12.42,12.0,12.3,3147801,TRY
2018-08-06,12.28,12.3,12.02,12.09,2711364,TRY
2018-08-07,12.12,12.36,12.07,12.3,3729102,TRY
2018-08-08,12.3,12.62,12.28,12.4,4512629,TRY
2018-08-09,12.25,12.53,12.13,12.28,7554381,TRY
2018-08-10,12.08,12.46,11.39,12.04,9169383,TRY
2018-08-13,11.95,12.5,11.66,12.5,8965424,TRY
2018-08-14,12.72,13.43,12.6,13.25,10465054,TRY
2018-08-15,13.34,13.49,12.56,12.72,7512402,TRY
2018-08-16,12.88,13.16,12.55,12.55,7710387,TRY
2018-08-17,12.55,12.81,12.05,12.81,4846260,TRY
2018-08-20,12.81,13.17,12.76,12.93,1937584,TRY
2018-08-27,13.0,13.32,12.7,13.23,6027230,TRY
2018-08-28,13.25,13.61,13.23,13.61,3927437,TRY
2018-08-29,13.55,13.82,13.43,13.55,2881998,TRY
2018-08-31,13.55,13.6,13.23,13.27,3823224,TRY
2018-09-03,13.14,13.63,13.14,13.33,2911780,TRY
2018-09-04,13.34,13.49,13.15,13.22,2257067,TRY
2018-09-05,13.2,13.33,12.94,13.23,2760434,TRY
2018-09-06,13.25,13.35,13.0,13.0,2130457,TRY
2018-09-07,13.06,13.22,12.84,13.15,4346520,TRY
2018-09-10,13.2,13.2,12.68,12.68,2590519,TRY
2018-09-11,12.68,12.73,12.43,12.53,2265056,TRY
2018-09-12,12.55,12.8,12.3,12.48,3074356,TRY
2018-09-13,12.51,12.98,12.26,12.9,4940185,TRY
2018-09-14,12.99,13.72,12.99,13.6,7234145,TRY
2018-09-17,13.59,13.79,13.3,13.39,3965712,TRY
2018-09-18,13.42,13.63,13.34,13.52,2452070,TRY
2018-09-19,13.6,13.88,13.41,13.88,3712715,TRY
2018-09-20,13.89,14.45,13.75,14.25,9583255,TRY
2018-09-21,14.36,14.93,14.22,14.44,9511146,TRY
2018-09-24,14.5,14.54,14.15,14.25,3609989,TRY
2018-09-25,14.3,14.38,14.1,14.28,3415022,TRY
2018-09-26,14.32,14.45,14.03,14.03,3457261,TRY
2018-09-27,14.06,14.17,13.93,13.99,3483178,TRY
2018-09-28,14.0,14.19,13.85,13.85,3501058,TRY
2018-10-01,13.89,14.08,13.8,13.81,2535200,TRY
2018-10-02,13.82,13.87,13.56,13.59,2108973,TRY
2018-10-03,13.6,13.65,12.95,12.95,7020787,TRY
2018-10-04,12.93,12.93,12.03,12.08,5567759,TRY
2018-10-05,12.1,12.4,11.89,12.22,4863161,TRY
2018-10-08,12.2,12.42,12.14,12.32,3592536,TRY
2018-10-09,12.41,12.58,12.29,12.5,4168221,TRY
2018-10-10,12.55,12.7,12.16,12.25,3392458,TRY
2018-10-11,12.16,12.9,12.0,12.7,5388473,TRY
2018-10-12,12.87,13.38,12.65,13.1,5477056,TRY
2018-10-15,13.38,13.7,13.28,13.52,4893522,TRY
2018-10-16,13.53,13.86,13.51,13.71,5613817,TRY
2018-10-17,13.91,14.35,13.86,14.3,8517973,TRY
2018-10-18,14.3,14.65,14.09,14.16,5296663,TRY
2018-10-19,14.2,14.33,13.82,14.07,6274668,TRY
2018-10-22,14.2,14.54,14.2,14.37,4795296,TRY
2018-10-23,14.25,14.3,13.63,14.29,4928038,TRY
2018-10-24,14.35,14.6,14.02,14.11,3597995,TRY
2018-10-25,13.99,14.48,13.84,14.44,2564819,TRY
2018-10-26,14.7,14.75,14.31,14.45,4197208,TRY
2018-10-30,14.56,15.5,14.15,15.45,8135355,TRY
2018-10-31,15.45,16.6,15.15,15.53,9240774,TRY
2018-11-01,15.63,16.29,15.33,15.45,5468469,TRY
2018-11-02,15.6,15.89,15.37,15.8,3515613,TRY
2018-11-05,15.8,16.15,15.61,16.13,2417120,TRY
2018-11-06,16.13,16.74,16.09,16.58,6596431,TRY
2018-11-07,16.58,16.79,16.15,16.25,8610591,TRY
2018-11-08,16.25,16.44,15.86,16.16,2575835,TRY
2018-11-09,16.16,16.31,15.93,16.2,2368050,TRY
2018-11-12,16.24,16.32,15.57,15.65,2337965,TRY
2018-11-13,15.66,16.05,15.66,15.89,2623942,TRY
2018-11-14,15.88,16.23,15.7,15.94,3910806,TRY
2018-11-15,15.94,16.08,15.83,15.95,1986256,TRY
2018-11-16,16.02,16.14,15.81,15.9,1393699,TRY
2018-11-19,15.9,15.96,15.39,15.39,2255760,TRY
2018-11-20,15.46,15.67,15.02,15.11,2726057,TRY
2018-11-21,15.17,15.52,15.05,15.4,1773862,TRY
2018-11-22,15.4,15.48,15.13,15.13,1554306,TRY
2018-11-23,15.15,15.42,15.0,15.19,1864457,TRY
2018-11-26,15.48,15.77,15.24,15.75,3274239,TRY
2018-11-27,15.75,15.92,15.43,15.59,3031539,TRY
2018-11-28,15.7,15.72,15.34,15.35,1846442,TRY
2018-11-29,15.46,15.82,15.28,15.78,3526922,TRY
2018-11-30,16.1,16.15,15.64,15.64,5436657,TRY
2018-12-03,15.74,15.91,15.45,15.5,1754578,TRY
2018-12-04,15.5,15.85,15.5,15.62,1921047,TRY
2018-12-05,15.6,15.71,15.45,15.57,1390012,TRY
2018-12-06,15.57,15.71,15.36,15.51,1205672,TRY
2018-12-07,15.56,15.66,15.36,15.47,992948,TRY
2018-12-10,15.49,15.54,15.12,15.2,899010,TRY
2018-12-11,15.22,15.6,15.22,15.4,2312416,TRY
2018-12-12,15.45,15.6,15.09,15.19,2176042,TRY
2018-12-13,15.33,15.65,15.23,15.65,1612935,TRY
2018-12-14,15.65,15.66,15.39,15.66,1258857,TRY
2018-12-17,15.55,15.65,15.25,15.25,1122806,TRY
2018-12-18,15.3,15.46,15.17,15.25,1703834,TRY
2018-12-19,15.28,15.61,15.23,15.6,1820555,TRY
2018-12-20,15.5,15.81,15.36,15.77,1285083,TRY
2018-12-21,15.77,15.92,15.37,15.5,2071456,TRY
2018-12-24,15.56,15.78,15.42,15.46,1268871,TRY
2018-12-25,15.4,15.46,15.33,15.41,206638,TRY
2018-12-26,15.41,15.5,15.35,15.5,769671,TRY
2018-12-27,15.42,15.92,15.42,15.48,1872867,TRY
2018-12-28,15.67,15.8,15.48,15.5,1618069,TRY
2018-12-31,15.6,15.9,15.52,15.79,905600,TRY
2019-01-02,15.8,15.94,15.11,15.24,1553543,TRY
2019-01-03,15.09,15.19,14.55,14.55,2198656,TRY
2019-01-04,14.55,14.76,14.49,14.49,1298779,TRY
2019-01-07,14.55,14.8,14.52,14.8,1524997,TRY
2019-01-08,15.07,15.2,14.74,15.09,1859601,TRY
2019-01-09,15.14,15.6,15.05,15.57,1984323,TRY
2019-01-10,15.55,15.86,15.46,15.78,1576218,TRY
2019-01-11,15.78,16.14,15.63,16.11,1694800,TRY
2019-01-14,15.96,16.15,15.76,16.15,1474489,TRY
2019-01-15,16.22,17.22,16.15,17.08,2796403,TRY
2019-01-16,17.08,17.89,16.95,17.6,5416951,TRY
2019-01-17,17.6,17.68,17.03,17.65,1931338,TRY
2019-01-18,17.65,18.04,17.32,18.02,2820642,TRY
2019-01-21,18.05,18.17,17.8,18.09,2483486,TRY
2019-01-22,18.02,18.16,17.72,18.0,1497831,TRY
2019-01-23,17.92,18.55,17.84,18.55,3064316,TRY
2019-01-24,18.55,18.78,18.1,18.2,2896408,TRY
2019-01-25,18.03,18.17,17.84,17.95,2321276,TRY
2019-01-28,17.95,18.59,17.94,18.51,2795073,TRY
2019-01-29,18.48,18.59,18.2,18.52,3285763,TRY
2019-01-30,18.59,18.72,18.15,18.3,3668858,TRY
2019-01-31,18.35,18.75,18.07,18.52,6196127,TRY
2019-02-01,18.52,18.63,18.2,18.25,1927452,TRY
2019-02-04,18.3,18.91,18.29,18.91,2591638,TRY
2019-02-05,18.96,19.46,18.93,19.46,3479784,TRY
2019-02-06,19.53,19.8,19.23,19.73,2302324,TRY
2019-02-07,19.55,20.0,19.55,19.87,2475140,TRY
2019-02-08,19.85,20.1,19.69,19.87,1573216,TRY
2019-02-11,19.95,20.2,19.84,19.96,2726460,TRY
2019-02-12,19.97,20.08,19.51,19.51,2509250,TRY
2019-02-13,19.6,19.88,19.54,19.65,5187555,TRY
2019-02-14,19.57,20.34,19.57,20.04,2456773,TRY
2019-02-15,20.02,20.42,19.88,20.4,1718281,TRY
2019-02-18,20.1,20.38,19.77,19.86,1769895,TRY
2019-02-19,19.8,19.89,19.57,19.69,1470063,TRY
2019-02-20,19.74,20.3,19.72,20.1,1188977,TRY
2019-02-21,20.1,20.28,19.55,19.73,2008171,TRY
2019-02-22,19.6,20.62,19.51,20.36,3563558,TRY
2019-02-25,20.6,21.0,20.48,20.88,1862300,TRY
2019-02-26,20.7,21.24,20.68,21.18,1271960,TRY
2019-02-27,21.16,21.16,20.66,20.86,1573480,TRY
2019-02-28,20.82,20.94,20.64,20.82,1527873,TRY
2019-03-01,20.84,21.2,20.64,20.74,1349176,TRY
2019-03-04,20.8,20.84,20.42,20.62,1320961,TRY
2019-03-05,20.56,20.94,20.38,20.6,1467731,TRY
2019-03-06,20.66,20.76,20.46,20.66,1116774,TRY
2019-03-07,20.48,20.54,19.85,20.1,1913944,TRY
2019-03-08,20.06,20.84,19.96,20.48,2837881,TRY
2019-03-11,20.56,20.76,20.04,20.1,1411022,TRY
2019-03-12,20.16,20.22,19.72,19.85,1660842,TRY
2019-03-13,19.82,19.84,19.09,19.13,3580442,TRY
2019-03-14,19.12,19.8,19.04,19.8,2473263,TRY
2019-03-15,19.9,19.95,19.12,19.4,4881272,TRY
2019-03-18,19.6,19.6,19.06,19.12,3325777,TRY
2019-03-19,19.2,19.28,18.63,19.06,4533766,TRY
2019-03-20,19.06,19.24,18.51,18.55,2389888,TRY
2019-03-21,18.74,18.9,18.17,18.48,3693562,TRY
2019-03-22,18.55,18.91,17.91,18.58,5931453,TRY
2019-03-25,18.58,19.08,18.58,18.92,2976426,TRY
2019-03-26,19.1,19.26,18.13,18.13,2467828,TRY
2019-03-27,18.3,18.49,16.36,16.59,5225064,TRY
2019-03-28,16.65,17.03,16.45,16.66,5089965,TRY
2019-03-29,16.79,17.16,16.59,16.9,3342860,TRY
2019-04-01,16.92,18.6,16.59,17.36,4422066,TRY
2019-04-02,17.39,18.25,17.24,18.01,3132696,TRY
2019-04-03,18.2,18.23,17.81,18.0,1087482,TRY
2019-04-04,18.03,18.5,17.86,18.47,2187967,TRY
2019-04-05,18.61,18.89,18.22,18.28,1731313,TRY
2019-04-08,18.3,18.42,17.8,18.07,1015432,TRY
2019-04-09,18.12,18.71,18.12,18.65,1139290,TRY
2019-04-10,18.76,18.78,18.09,18.49,1362355,TRY
2019-04-11,18.54,18.56,18.15,18.2,950217,TRY
2019-04-12,18.1,18.14,17.79,18.06,653069,TRY
2019-04-15,17.84,18.35,17.82,17.99,1622479,TRY
2019-04-16,18.1,18.27,17.86,18.1,1371539,TRY
2019-04-17,18.13,18.7,18.13,18.55,1175008,TRY
2019-04-18,18.56,18.7,18.21,18.5,1095901,TRY
2019-04-19,18.4,19.38,18.3,19.38,858895,TRY
2019-04-22,19.35,19.35,18.71,18.71,782629,TRY
2019-04-24,18.71,18.75,17.93,17.93,2673637,TRY
2019-04-25,17.96,18.07,16.97,17.24,3192444,TRY
2019-04-26,17.46,17.46,16.87,17.31,2880727,TRY
2019-04-29,17.51,17.53,17.12,17.5,1180202,TRY
2019-04-30,17.75,18.45,17.75,18.34,3643599,TRY
2019-05-02,18.3,18.47,17.99,18.03,1344526,TRY
2019-05-03,18.4,18.4,16.94,17.78,2480320,TRY
2019-05-06,17.74,17.74,17.24,17.47,774957,TRY
2019-05-07,17.1,17.27,16.6,16.76,2819409,TRY
2019-05-08,16.79,16.92,16.41,16.8,1517614,TRY
2019-05-09,16.9,16.98,16.15,16.34,1762083,TRY
2019-05-10,16.42,16.74,16.33,16.71,2884526,TRY
2019-05-13,16.73,16.78,15.98,16.17,1437383,TRY
2019-05-14,16.14,16.48,16.06,16.4,1345168,TRY
2019-05-15,16.4,16.4,16.0,16.03,1150322,TRY
2019-05-16,16.15,16.24,15.73,15.91,1703934,TRY
2019-05-17,15.9,15.99,15.6,15.6,993175,TRY
2019-05-20,15.68,15.85,15.6,15.75,720143,TRY
2019-05-21,15.75,16.09,15.34,15.36,2289031,TRY
2019-05-22,15.4,15.48,15.1,15.1,984942,TRY
2019-05-23,15.08,15.94,15.02,15.75,1795494,TRY
2019-05-24,15.76,16.42,15.76,16.24,2437901,TRY
2019-05-27,16.15,16.59,16.13,16.13,1676449,TRY
2019-05-28,16.18,16.68,16.18,16.28,1904663,TRY
2019-05-29,16.36,16.89,16.36,16.86,2207604,TRY
2019-05-30,17.08,17.35,16.96,17.18,1974392,TRY
2019-05-31,17.18,17.44,16.96,17.42,1448681,TRY
2019-06-03,17.25,17.57,16.98,17.11,646316,TRY
2019-06-07,17.19,17.89,17.1,17.88,1920147,TRY
2019-06-10,17.65,17.84,17.37,17.47,1623547,TRY
2019-06-11,17.53,17.75,17.24,17.26,1875724,TRY
2019-06-12,17.3,18.18,17.3,18.02,2446225,TRY
2019-06-13,18.0,18.29,17.34,17.45,1517700,TRY
2019-06-14,17.51,17.7,17.19,17.65,1314607,TRY
2019-06-17,17.47,17.78,17.26,17.71,1739223,TRY
2019-06-18,17.72,18.49,17.63,18.31,2126665,TRY
2019-06-19,18.31,18.83,18.07,18.73,2138362,TRY
2019-06-20,18.79,19.35,18.79,19.29,2089027,TRY
2019-06-21,19.4,19.4,18.93,19.37,2052984,TRY
2019-06-24,19.6,19.95,19.42,19.54,1407602,TRY
2019-06-25,19.57,19.82,19.39,19.46,1204624,TRY
2019-06-26,19.56,19.65,18.87,19.15,1327395,TRY
2019-06-27,19.16,19.56,19.16,19.3,1387604,TRY
2019-06-28,19.36,19.5,19.22,19.45,1195704,TRY
2019-07-01,20.08,20.1,18.83,18.83,1958444,TRY
2019-07-02,18.87,19.46,18.81,19.46,2032533,TRY
2019-07-03,19.45,19.78,19.4,19.65,1035091,TRY
2019-07-04,19.67,19.74,19.34,19.55,1064749,TRY
2019-07-05,19.55,19.84,19.25,19.43,1249112,TRY
2019-07-08,19.2,19.51,19.11,19.17,868386,TRY
2019-07-09,19.25,19.28,18.76,18.8,989348,TRY
2019-07-10,18.95,19.73,18.7,19.59,2244617,TRY
2019-07-11,19.78,20.1,19.72,20.04,1491388,TRY
2019-07-12,20.14,20.32,19.59,19.77,1854718,TRY
2019-07-16,19.77,20.26,19.58,20.14,1484591,TRY
2019-07-17,20.18,20.56,20.12,20.16,1387413,TRY
2019-07-18,20.16,20.3,19.75,20.12,1737014,TRY
2019-07-19,20.28,20.54,20.1,20.12,863890,TRY
2019-07-22,20.08,20.52,20.04,20.12,782444,TRY
2019-07-23,20.46,20.48,20.12,20.32,974501,TRY
2019-07-24,20.36,20.9,20.26,20.82,963424,TRY
2019-07-25,20.92,21.08,20.36,20.88,1091999,TRY
2019-07-26,21.06,21.1,20.56,21.0,1744534,TRY
2019-07-29,21.1,21.1,20.5,20.9,907278,TRY
2019-07-30,19.49,19.94,18.25,18.3,13924751,TRY
2019-07-31,18.33,18.37,17.19,17.45,12501086,TRY
2019-08-01,17.3,17.85,17.28,17.69,6440588,TRY
2019-08-02,17.7,17.78,17.19,17.19,3981370,TRY
2019-08-05,17.19,17.22,16.67,16.75,3447310,TRY
2019-08-06,16.75,17.13,16.73,16.81,3879142,TRY
2019-08-07,16.93,17.14,16.49,16.52,4430257,TRY
2019-08-08,16.69,17.19,16.34,17.19,4220604,TRY
2019-08-09,17.22,17.27,16.79,16.79,2165613,TRY
2019-08-15,16.77,16.77,16.17,16.65,3559817,TRY
2019-08-16,16.74,17.12,16.58,16.7,2848766,TRY
2019-08-19,16.84,17.34,16.78,17.14,2959492,TRY
2019-08-20,17.2,17.57,17.09,17.57,2516718,TRY
2019-08-21,17.6,17.71,17.2,17.44,2944194,TRY
2019-08-22,17.52,17.52,16.9,17.19,2867911,TRY
2019-08-23,17.19,17.23,16.96,17.1,1612027,TRY
2019-08-26,16.93,17.01,16.83,16.88,1613345,TRY
2019-08-27,16.93,16.96,16.43,16.43,3236201,TRY
2019-08-28,16.55,16.91,16.41,16.76,2606488,TRY
2019-08-29,16.78,17.47,16.68,17.09,3089895,TRY
2019-09-02,17.15,17.38,17.12,17.21,1991682,TRY
2019-09-03,17.22,17.67,17.16,17.55,3023221,TRY
2019-09-04,17.65,17.67,17.34,17.38,1968953,TRY
2019-09-05,17.47,17.53,17.25,17.3,2248507,TRY
2019-09-06,17.33,18.1,17.28,17.93,5612710,TRY
2019-09-09,18.06,18.2,17.92,18.1,2820468,TRY
2019-09-10,18.12,18.28,17.98,18.25,2587339,TRY
2019-09-11,18.26,18.49,18.19,18.21,2759456,TRY
2019-09-12,18.21,18.42,17.97,18.06,2389391,TRY
2019-09-13,18.17,18.32,18.05,18.05,1397547,TRY
2019-09-16,18.0,18.19,17.87,18.01,2065675,TRY
2019-09-17,18.01,18.65,17.99,18.65,4885970,TRY
2019-09-18,18.71,18.75,18.25,18.51,2183096,TRY
2019-09-19,18.55,18.77,18.09,18.15,3801859,TRY
2019-09-20,18.25,18.62,18.16,18.52,4574976,TRY
2019-09-23,18.58,18.94,18.35,18.4,2932941,TRY
2019-09-24,18.57,18.68,18.44,18.51,2026291,TRY
2019-09-25,18.47,18.48,18.1,18.42,2298906,TRY
2019-09-26,18.52,18.68,18.34,18.37,2703281,TRY
2019-09-27,18.42,18.93,18.42,18.92,3085982,TRY
2019-09-30,18.99,19.17,18.93,19.04,2508759,TRY
2019-10-01,19.15,19.15,18.67,18.93,1806763,TRY
2019-10-02,18.93,19.05,18.65,18.74,1882883,TRY
2019-10-03,18.75,19.11,18.6,18.8,1803730,TRY
2019-10-04,18.8,18.92,18.66,18.81,1425896,TRY
2019-10-07,18.79,19.0,18.59,18.65,1735020,TRY
2019-10-08,18.5,18.53,17.87,18.31,2794651,TRY
2019-10-09,18.24,18.47,17.97,18.02,1736908,TRY
2019-10-10,18.05,18.33,17.5,17.97,2788877,TRY
2019-10-11,17.99,18.15,17.85,17.95,1197547,TRY
2019-10-14,17.88,17.88,17.09,17.51,4215513,TRY
2019-10-15,17.68,18.09,17.57,17.98,1527535,TRY
2019-10-16,17.95,17.95,17.08,17.2,2923473,TRY
2019-10-17,17.2,17.57,17.0,17.13,2586385,TRY
2019-10-18,17.53,18.17,17.53,18.1,2369553,TRY
2019-10-21,18.0,18.21,17.79,18.06,1381588,TRY
2019-10-22,18.06,18.25,17.95,18.11,1463420,TRY
2019-10-23,18.25,18.77,18.16,18.63,2207469,TRY
2019-10-24,18.8,18.89,18.36,18.54,1857977,TRY
2019-10-25,18.54,18.56,18.33,18.38,1014008,TRY
2019-10-28,18.41,18.49,18.1,18.1,668245,TRY
2019-10-30,18.0,18.46,17.88,18.29,2212096,TRY
2019-10-31,18.34,18.34,17.7,17.72,3409408,TRY
2019-11-01,17.74,17.83,17.55,17.66,1473514,TRY
2019-11-04,17.7,18.02,17.7,17.95,1794086,TRY
2019-11-05,17.96,18.25,17.89,18.2,2225749,TRY
2019-11-06,18.2,18.44,18.08,18.36,2466167,TRY
2019-11-07,18.42,18.62,18.33,18.55,1620047,TRY
2019-11-08,18.56,18.68,18.43,18.46,1182219,TRY
2019-11-11,18.46,18.62,18.3,18.45,1234621,TRY
2019-11-12,18.47,18.85,18.47,18.64,1682925,TRY
2019-11-13,18.65,18.79,18.45,18.74,1769468,TRY
2019-11-14,18.68,18.87,18.5,18.71,1810509,TRY
2019-11-15,18.88,19.74,18.88,19.74,3881363,TRY
2019-11-18,19.82,20.7,19.82,20.18,4387406,TRY
2019-11-19,20.34,20.44,19.88,20.1,2196027,TRY
2019-11-20,20.1,20.74,19.98,20.54,3411708,TRY
2019-11-21,20.54,20.74,20.38,20.66,2134585,TRY
2019-11-22,20.7,20.88,20.22,20.46,2509043,TRY
2019-11-25,20.66,20.68,20.04,20.08,2012460,TRY
2019-11-26,20.16,20.28,19.76,20.18,2747865,TRY
2019-11-27,20.18,20.36,19.91,19.93,1846497,TRY
2019-11-28,19.98,20.28,19.93,20.06,1980496,TRY
2019-11-29,20.16,20.26,19.99,20.12,1549258,TRY
2019-12-02,20.18,20.48,20.12,20.42,2210714,TRY
2019-12-03,20.42,20.66,20.2,20.4,3278696,TRY
2019-12-04,20.4,20.54,20.02,20.22,1786009,TRY
2019-12-05,20.34,20.54,20.18,20.42,1891611,TRY
2019-12-06,20.52,20.54,20.04,20.12,1679110,TRY
2019-12-09,20.12,20.14,19.77,19.88,2127200,TRY
2019-12-10,19.87,19.97,19.07,19.2,5122552,TRY
2019-12-11,19.24,19.44,19.08,19.35,2308760,TRY
2019-12-12,19.38,19.75,19.38,19.75,3090488,TRY
2019-12-13,20.0,20.34,19.89,20.18,3963990,TRY
2019-12-16,20.18,20.2,19.67,19.97,3284478,TRY
2019-12-17,20.04,20.16,19.89,19.91,2107877,TRY
2019-12-18,19.84,19.89,19.47,19.6,1884009,TRY
2019-12-19,19.6,19.67,19.32,19.32,1880772,TRY
2019-12-20,19.34,19.74,19.34,19.74,2665232,TRY
2019-12-23,19.76,20.1,19.63,20.04,2285783,TRY
2019-12-24,20.24,20.26,19.97,20.1,1483850,TRY
2019-12-25,20.22,20.24,20.04,20.06,901877,TRY
2019-12-26,20.1,20.32,19.96,20.04,1915149,TRY
2019-12-27,20.12,20.22,20.02,20.18,1752154,TRY
2019-12-30,20.3,20.84,20.28,20.8,4093690,TRY
2019-12-31,20.84,20.94,20.56,20.84,2209807,TRY
