Date,Open,High,Low,Close,Volume,Currency
2011-12-27,3.8,3.83,3.73,3.8,1288884,TRY
2011-12-28,3.79,3.81,3.75,3.77,773941,TRY
2011-12-29,3.76,3.82,3.73,3.77,1468704,TRY
2011-12-30,3.78,3.8,3.75,3.78,806669,TRY
2012-01-02,3.78,3.79,3.75,3.76,370834,TRY
2012-01-03,3.77,3.83,3.76,3.82,1027144,TRY
2012-01-04,3.83,3.83,3.75,3.78,941103,TRY
2012-01-05,3.78,3.83,3.73,3.79,1657586,TRY
2012-01-06,3.8,3.83,3.76,3.77,1031049,TRY
2012-01-09,3.76,3.78,3.66,3.72,583805,TRY
2012-01-10,3.73,3.77,3.72,3.73,610769,TRY
2012-01-11,3.74,3.79,3.73,3.75,1246072,TRY
2012-01-12,3.77,3.83,3.75,3.8,1868604,TRY
2012-01-13,3.82,3.83,3.75,3.78,732185,TRY
2012-01-16,3.76,3.98,3.75,3.96,5479167,TRY
2012-01-17,3.97,4.07,3.95,4.07,2964383,TRY
2012-01-18,4.06,4.11,3.98,4.06,1795992,TRY
2012-01-19,4.11,4.11,4.04,4.08,1660315,TRY
2012-01-20,4.11,4.14,4.07,4.08,542143,TRY
2012-01-23,4.08,4.18,4.07,4.15,1795865,TRY
2012-01-24,4.15,4.16,4.09,4.11,736517,TRY
2012-01-25,4.12,4.16,4.07,4.16,964485,TRY
2012-01-26,4.18,4.19,4.13,4.14,847820,TRY
2012-01-27,4.14,4.16,4.11,4.13,380108,TRY
2012-01-30,4.13,4.19,4.1,4.16,983227,TRY
2012-01-31,4.18,4.22,4.1,4.12,1909646,TRY
2012-02-01,4.12,4.15,4.11,4.13,407376,TRY
2012-02-02,4.14,4.2,4.14,4.18,1812219,TRY
2012-02-03,4.18,4.18,4.14,4.15,544896,TRY
2012-02-06,4.14,4.17,4.1,4.14,767481,TRY
2012-02-07,4.15,4.16,4.11,4.14,640428,TRY
2012-02-08,4.15,4.29,4.14,4.27,3673679,TRY
2012-02-09,4.28,4.32,4.19,4.26,2017167,TRY
2012-02-10,4.26,4.34,4.25,4.33,2335234,TRY
2012-02-13,4.35,4.41,4.34,4.41,2002959,TRY
2012-07-30,5.66,5.66,5.54,5.59,312353,TRY
2012-07-31,5.59,5.8,5.56,5.77,1277302,TRY
2012-08-01,5.77,5.8,5.52,5.54,825811,TRY
2012-08-02,5.56,5.66,5.54,5.63,969151,TRY
2012-08-03,5.68,5.73,5.59,5.68,849945,TRY
2012-08-07,6.05,6.05,5.91,5.95,821793,TRY
2012-08-08,5.95,5.95,5.8,5.89,860713,TRY
2012-08-09,5.91,5.93,5.76,5.8,627300,TRY
2012-08-10,5.8,5.83,5.78,5.82,455310,TRY
2012-08-13,5.82,5.85,5.78,5.83,364540,TRY
2012-08-14,5.83,5.83,5.7,5.72,635708,TRY
2012-08-15,5.72,5.74,5.66,5.7,247895,TRY
2012-08-16,5.7,5.8,5.68,5.74,393038,TRY
2012-08-17,5.78,5.8,5.7,5.8,737658,TRY
2012-08-22,5.82,5.91,5.8,5.91,1089032,TRY
2013-10-14,8.91,8.93,8.85,8.91,183231,TRY
2013-10-21,9.07,9.19,9.07,9.17,1150170,TRY
2013-10-22,9.29,9.42,9.23,9.32,906946,TRY
2013-10-23,9.34,9.36,9.23,9.27,498270,TRY
2013-10-24,9.27,9.34,9.25,9.32,314338,TRY
2013-10-25,9.36,9.46,9.27,9.44,736973,TRY
2013-10-28,9.46,9.56,9.46,9.54,266910,TRY
2013-10-30,9.56,9.72,9.56,9.6,962152,TRY
2013-10-31,9.58,9.58,9.29,9.31,910051,TRY
2013-11-01,9.31,9.4,9.27,9.31,525180,TRY
2013-11-04,9.27,9.32,9.09,9.09,568820,TRY
2013-11-05,9.11,9.36,8.95,8.97,1697703,TRY
2013-11-06,9.01,9.13,8.87,8.99,978467,TRY
2013-11-07,9.03,9.09,8.97,9.03,656262,TRY
2014-04-16,9.0,9.03,8.87,8.93,380442,TRY
2014-04-17,8.97,9.04,8.94,9.0,537166,TRY
2014-04-18,9.01,9.22,9.01,9.19,1359851,TRY
2014-04-21,9.19,9.25,9.12,9.13,587578,TRY
2014-04-22,9.15,9.17,9.11,9.13,383609,TRY
2014-04-24,9.16,9.31,9.1,9.22,695189,TRY
2014-04-25,9.23,9.26,9.1,9.16,613794,TRY
2014-04-28,9.15,9.19,9.1,9.18,378123,TRY
2014-04-29,4.6,4.61,4.56,4.56,786548,TRY
2014-04-30,4.57,4.62,4.55,4.62,1425870,TRY
2014-05-02,4.61,4.65,4.6,4.62,2055594,TRY
2014-05-05,4.62,4.68,4.62,4.65,1208358,TRY
2014-05-06,4.66,4.72,4.64,4.69,1288152,TRY
2014-05-07,4.69,4.69,4.62,4.63,830030,TRY
2014-05-08,4.65,4.7,4.65,4.66,721032,TRY
2014-05-09,4.67,4.68,4.6,4.61,1630226,TRY
2014-05-12,4.62,4.64,4.53,4.54,1184808,TRY
2014-05-13,4.55,4.57,4.47,4.47,1875030,TRY
2014-05-14,4.47,4.54,4.47,4.53,1000046,TRY
2014-05-15,4.54,4.6,4.53,4.57,1462118,TRY
2014-05-16,4.57,4.58,4.52,4.53,1164002,TRY
2014-05-20,4.53,4.53,4.49,4.49,579404,TRY
2014-05-21,4.51,4.57,4.51,4.57,1389600,TRY
2014-05-22,4.58,4.63,4.57,4.61,1021720,TRY
2014-05-23,4.61,4.63,4.56,4.57,971948,TRY
2014-05-26,4.59,4.62,4.58,4.6,723640,TRY
2014-05-27,4.61,4.66,4.61,4.62,1784458,TRY
2014-05-28,4.64,4.67,4.61,4.63,1275056,TRY
2014-05-29,4.63,4.66,4.62,4.63,1013356,TRY
2014-05-30,4.65,4.66,4.63,4.65,680402,TRY
2014-06-02,4.64,4.7,4.64,4.65,2387176,TRY
2014-06-03,4.66,4.7,4.65,4.68,1169802,TRY
2014-06-04,4.68,4.68,4.63,4.67,952820,TRY
2014-06-05,4.65,4.68,4.64,4.67,826672,TRY
2014-06-06,4.67,4.69,4.67,4.68,670836,TRY
2014-06-09,4.69,4.71,4.66,4.67,1591388,TRY
2014-06-10,4.67,4.69,4.66,4.68,896104,TRY
2014-06-11,4.69,4.75,4.52,4.58,2714142,TRY
2014-06-12,4.46,4.64,4.46,4.61,2008312,TRY
2014-06-13,4.6,4.69,4.58,4.63,1513656,TRY
2014-06-16,4.63,4.63,4.56,4.59,713832,TRY
2014-06-17,4.59,4.61,4.57,4.57,785620,TRY
2014-06-18,4.59,4.6,4.57,4.6,460550,TRY
2014-06-19,4.66,4.66,4.63,4.65,677728,TRY
2014-06-20,4.63,4.65,4.61,4.63,290636,TRY
2014-06-23,4.64,4.65,4.59,4.6,400120,TRY
2014-06-24,4.6,4.64,4.59,4.6,524956,TRY
2014-06-25,4.6,4.62,4.57,4.61,418002,TRY
2014-06-26,4.61,4.63,4.58,4.59,278506,TRY
2014-06-27,4.59,4.64,4.58,4.61,514198,TRY
2014-06-30,4.62,4.66,4.61,4.65,947952,TRY
2014-07-01,4.66,4.68,4.62,4.63,843192,TRY
2014-07-02,4.66,4.66,4.55,4.57,590376,TRY
2014-07-03,4.57,4.61,4.54,4.61,611784,TRY
2014-07-04,4.61,4.61,4.57,4.58,349452,TRY
2014-07-07,4.6,4.6,4.56,4.59,401648,TRY
2014-07-08,4.59,4.62,4.59,4.59,389466,TRY
2014-07-09,4.62,4.7,4.62,4.69,2055502,TRY
2014-07-10,4.7,4.74,4.66,4.68,1319360,TRY
2014-07-11,4.69,4.7,4.65,4.68,726428,TRY
2014-07-14,4.7,4.7,4.66,4.68,1181440,TRY
2014-07-15,4.69,4.73,4.68,4.68,975382,TRY
2014-07-16,4.69,4.69,4.67,4.67,528662,TRY
2014-07-17,4.68,4.69,4.64,4.64,828462,TRY
2014-07-18,4.62,4.68,4.62,4.67,497922,TRY
2014-07-21,4.68,4.7,4.67,4.67,420664,TRY
2014-07-22,4.67,4.68,4.65,4.66,456528,TRY
2014-07-23,4.66,4.69,4.65,4.65,1723640,TRY
2014-07-24,4.65,4.67,4.55,4.55,2071488,TRY
2014-07-25,4.59,4.69,4.59,4.69,2351002,TRY
2014-07-31,4.66,4.69,4.62,4.65,801360,TRY
2014-08-01,4.66,4.66,4.6,4.65,703168,TRY
2014-08-04,4.66,4.67,4.62,4.64,325692,TRY
2014-08-05,4.64,4.65,4.59,4.59,462506,TRY
2014-08-06,4.59,4.63,4.46,4.55,945432,TRY
2014-08-07,4.54,4.58,4.52,4.56,333576,TRY
2014-08-08,4.54,4.65,4.5,4.6,468590,TRY
2014-08-11,4.66,4.66,4.51,4.51,614198,TRY
2014-08-12,4.52,4.53,4.45,4.49,580230,TRY
2014-08-13,4.49,4.58,4.49,4.56,579438,TRY
2014-08-14,4.57,4.64,4.53,4.64,666960,TRY
2014-08-15,4.63,4.67,4.56,4.58,849384,TRY
2014-08-18,4.58,4.6,4.54,4.59,419284,TRY
2014-08-19,4.57,4.64,4.57,4.6,636296,TRY
2014-08-20,4.67,4.78,4.65,4.74,3974956,TRY
2014-08-21,4.73,4.76,4.7,4.7,732046,TRY
2014-08-22,4.71,4.74,4.67,4.7,636500,TRY
2014-08-25,4.71,4.73,4.7,4.73,404186,TRY
2014-08-26,4.73,4.82,4.72,4.77,1573070,TRY
2014-08-27,4.77,4.79,4.7,4.73,995958,TRY
2014-08-28,4.7,4.78,4.69,4.76,868088,TRY
2014-08-29,4.76,4.78,4.75,4.78,817584,TRY
2014-09-01,4.81,4.85,4.78,4.84,1123988,TRY
2014-09-02,4.84,4.94,4.84,4.87,3619846,TRY
2014-09-03,4.88,4.91,4.87,4.9,943544,TRY
2014-09-04,4.92,4.95,4.91,4.92,1221744,TRY
2014-09-05,4.92,4.92,4.88,4.89,754834,TRY
2014-12-05,5.52,5.55,5.4,5.5,1166424,TRY
2014-12-08,5.5,5.57,5.43,5.43,910358,TRY
2014-12-09,5.43,5.5,5.43,5.43,745682,TRY
2014-12-10,5.43,5.52,5.43,5.48,1367852,TRY
2014-12-11,5.5,5.55,5.45,5.45,1435766,TRY
2014-12-12,5.45,5.55,5.45,5.5,1387714,TRY
2014-12-15,5.5,5.52,5.38,5.45,1445948,TRY
2014-12-16,5.43,5.45,5.08,5.15,1910810,TRY
2014-12-17,5.18,5.38,5.13,5.35,1336154,TRY
2014-12-18,5.45,5.5,5.38,5.4,1100016,TRY
2014-12-19,5.45,5.45,5.3,5.43,811286,TRY
2014-12-22,5.45,5.57,5.43,5.57,2392460,TRY
2014-12-23,5.57,5.6,5.5,5.55,1831616,TRY
2014-12-24,5.57,5.67,5.55,5.65,2385920,TRY
2014-12-25,5.65,5.82,5.65,5.8,2869450,TRY
2014-12-26,5.85,6.05,5.85,6.0,4291588,TRY
2014-12-29,6.0,6.12,5.87,5.87,3499844,TRY
2014-12-30,5.87,5.9,5.75,5.82,2260898,TRY
2014-12-31,5.85,6.02,5.77,5.95,3422640,TRY
2015-01-02,5.95,6.0,5.87,5.95,1069098,TRY
2015-01-05,5.95,6.05,5.92,6.0,3015098,TRY
2015-01-06,6.0,6.09,5.87,6.07,2850240,TRY
2015-01-07,6.09,6.17,5.97,6.07,2734878,TRY
2015-01-08,6.07,6.12,5.92,5.95,3136116,TRY
2015-01-09,5.97,6.0,5.92,5.92,985618,TRY
2015-01-12,5.95,6.0,5.9,5.95,1350988,TRY
2015-01-13,5.95,5.97,5.8,5.85,3415592,TRY
2015-01-14,5.82,5.82,5.7,5.72,1987760,TRY
2015-01-15,5.75,5.85,5.67,5.67,2385074,TRY
2015-01-16,5.67,5.8,5.65,5.8,1123502,TRY
2015-01-19,5.85,5.9,5.72,5.8,1883934,TRY
2015-01-20,5.87,5.9,5.75,5.75,1644232,TRY
2015-01-21,5.85,5.85,5.8,5.8,1006232,TRY
2015-01-22,5.82,5.92,5.82,5.87,2869782,TRY
2015-01-23,5.9,6.02,5.87,6.02,3147720,TRY
2015-01-26,6.05,6.12,6.0,6.05,2900472,TRY
2015-01-27,6.07,6.12,6.02,6.02,2630350,TRY
2015-01-28,6.05,6.12,6.02,6.05,2099738,TRY
2015-01-29,6.02,6.05,5.92,5.95,1166208,TRY
2015-01-30,6.02,6.02,5.85,5.9,1538528,TRY
2015-02-02,5.92,5.97,5.87,5.9,984116,TRY
2015-02-03,5.92,5.92,5.77,5.82,1781470,TRY
2015-02-04,5.82,5.85,5.65,5.67,1195990,TRY
2015-02-05,5.65,5.8,5.65,5.7,2594578,TRY
2015-02-06,5.72,5.72,5.62,5.62,1086314,TRY
2015-02-09,5.62,5.62,5.45,5.55,1118872,TRY
2015-02-10,5.57,5.7,5.52,5.55,1039568,TRY
2015-02-11,5.57,5.67,5.55,5.62,905744,TRY
2015-02-12,5.62,5.72,5.6,5.67,837406,TRY
2015-02-13,5.72,5.75,5.67,5.7,817196,TRY
2015-02-16,5.72,5.8,5.72,5.77,1196352,TRY
2015-02-17,5.72,5.77,5.65,5.67,1209634,TRY
2015-02-18,5.7,5.77,5.62,5.77,1152320,TRY
2015-02-19,5.8,5.82,5.65,5.72,1680938,TRY
2015-02-20,5.72,5.75,5.67,5.7,588762,TRY
2015-02-23,5.75,5.85,5.72,5.85,1171028,TRY
2015-02-24,5.85,5.92,5.82,5.92,1555642,TRY
2015-02-25,5.92,5.97,5.85,5.85,1782684,TRY
2015-02-26,5.87,5.9,5.77,5.85,1417926,TRY
2015-02-27,5.87,5.97,5.85,5.95,3167388,TRY
2015-03-02,5.97,6.05,5.95,6.0,949842,TRY
2015-03-03,6.02,6.02,5.87,5.92,931896,TRY
2015-03-04,5.92,5.95,5.85,5.85,937798,TRY
2015-03-05,5.85,5.87,5.72,5.75,992578,TRY
2015-03-06,5.75,5.95,5.72,5.9,1073330,TRY
2015-03-09,5.87,5.92,5.85,5.9,858590,TRY
2015-03-10,5.92,5.92,5.75,5.87,705330,TRY
2015-03-11,5.87,5.9,5.77,5.82,459948,TRY
2015-03-12,5.9,5.9,5.8,5.87,313184,TRY
2015-03-13,5.9,6.0,5.82,5.82,724802,TRY
2015-03-16,5.9,6.07,5.87,6.02,1612398,TRY
2015-03-17,6.05,6.07,5.97,6.0,1108540,TRY
2015-03-18,6.0,6.02,5.85,5.95,776528,TRY
2015-03-19,6.0,6.02,5.85,5.97,1675766,TRY
2015-03-20,6.0,6.17,5.97,6.09,1895066,TRY
2015-03-23,6.09,6.22,6.05,6.17,2682722,TRY
2015-03-24,6.14,6.24,6.07,6.07,3159980,TRY
2015-03-25,6.09,6.24,6.07,6.22,2170092,TRY
2015-03-26,6.12,6.24,6.09,6.14,993880,TRY
2015-03-27,6.14,6.19,6.09,6.12,694864,TRY
2015-03-30,6.09,6.19,6.07,6.12,773244,TRY
2015-03-31,6.12,6.17,6.07,6.09,694600,TRY
2015-04-01,6.09,6.17,6.09,6.14,452410,TRY
2015-04-02,6.17,6.24,6.12,6.22,1743138,TRY
2015-04-03,6.24,6.24,6.14,6.17,716518,TRY
2015-04-06,6.17,6.29,6.17,6.29,909688,TRY
2015-04-07,6.29,6.49,6.24,6.49,3646920,TRY
2015-04-08,6.52,6.76,6.44,6.74,5429286,TRY
2015-04-09,6.76,6.89,6.74,6.81,1550204,TRY
2015-04-10,6.81,6.84,6.57,6.76,2335330,TRY
2015-04-13,6.76,6.99,6.74,6.84,1955482,TRY
2015-04-14,6.74,6.79,6.61,6.71,2044972,TRY
2015-04-15,6.69,6.96,6.64,6.86,1608298,TRY
2015-04-16,6.91,7.04,6.84,6.89,816872,TRY
2015-04-17,6.94,6.96,6.79,6.79,738652,TRY
2015-04-20,6.86,6.89,6.76,6.79,762414,TRY
2015-04-21,6.79,6.89,6.79,6.84,964876,TRY
2015-04-22,6.84,6.96,6.81,6.86,1698622,TRY
2015-04-24,6.86,7.01,6.86,7.01,1365596,TRY
2015-04-27,7.01,7.11,6.96,7.06,1592196,TRY
2015-04-28,7.09,7.09,6.96,6.96,795496,TRY
2015-04-29,6.96,7.09,6.96,6.96,672706,TRY
2015-04-30,6.99,7.01,6.86,6.91,887758,TRY
2015-05-04,6.94,7.31,6.91,7.26,2882566,TRY
2015-05-05,7.28,7.95,7.28,7.58,10989852,TRY
2015-05-06,7.63,7.8,7.48,7.53,3796188,TRY
2015-05-07,7.56,7.56,7.31,7.31,2629944,TRY
2015-05-08,7.33,7.46,7.11,7.41,3153968,TRY
2015-05-11,7.41,7.68,7.36,7.53,2666886,TRY
2015-05-12,7.41,7.51,6.91,7.43,2614756,TRY
2015-05-13,7.43,7.58,7.41,7.41,2585558,TRY
2015-05-14,7.43,7.48,7.26,7.31,1291578,TRY
2015-05-15,7.33,7.38,7.23,7.28,1336736,TRY
2015-05-18,7.28,7.51,7.28,7.43,1225004,TRY
2015-05-20,7.43,7.61,7.43,7.48,1109350,TRY
2015-05-21,7.48,7.63,7.43,7.48,1354182,TRY
2015-05-22,7.48,7.51,7.43,7.43,784040,TRY
2015-05-25,7.43,7.48,7.21,7.23,697948,TRY
2015-05-26,7.28,7.51,7.21,7.33,1173864,TRY
2015-05-27,7.48,7.48,7.23,7.38,1242186,TRY
2015-05-28,7.32,7.37,7.12,7.12,1580450,TRY
2015-05-29,7.21,7.21,6.94,6.94,1677310,TRY
2015-06-01,6.94,7.06,6.76,6.76,1491506,TRY
2015-06-02,6.84,6.94,6.79,6.84,927682,TRY
2015-06-03,6.86,6.91,6.76,6.84,1309382,TRY
2015-06-04,6.84,6.99,6.79,6.84,1040136,TRY
2015-06-05,6.84,6.94,6.79,6.84,1182704,TRY
2015-06-08,6.22,6.32,5.87,6.27,2847268,TRY
2015-06-09,6.27,6.57,6.17,6.44,3409348,TRY
2015-06-10,6.44,6.61,6.42,6.57,1237596,TRY
2015-06-11,6.59,6.71,6.54,6.66,745968,TRY
2015-06-12,6.69,6.74,6.59,6.66,1092698,TRY
2015-06-15,6.61,6.69,6.39,6.39,1634752,TRY
2015-06-16,6.42,6.52,6.32,6.34,2949192,TRY
2015-06-17,6.37,6.42,6.34,6.42,1562620,TRY
2015-06-18,6.47,6.52,6.44,6.49,905278,TRY
2015-06-19,6.52,6.64,6.49,6.61,1219708,TRY
2015-06-22,6.69,6.89,6.69,6.79,2317604,TRY
2015-06-23,6.79,6.89,6.74,6.89,1715010,TRY
2015-06-24,6.89,7.44,6.89,7.24,4892736,TRY
2015-06-25,7.26,7.31,7.06,7.09,1637042,TRY
2015-06-26,7.06,7.09,7.01,7.01,872322,TRY
2015-06-29,6.96,7.16,6.91,6.94,1913988,TRY
2015-06-30,6.94,6.96,6.84,6.91,1589966,TRY
2015-07-01,6.96,7.06,6.89,7.06,1583786,TRY
2015-07-02,7.06,7.16,7.01,7.16,1381738,TRY
2015-07-03,7.16,7.16,7.01,7.04,457712,TRY
2015-07-06,7.01,7.16,6.99,7.11,955908,TRY
2015-07-07,7.16,7.41,7.14,7.41,1495508,TRY
2015-07-08,7.39,7.41,7.21,7.29,1022250,TRY
2015-07-09,7.36,7.53,7.31,7.46,1138002,TRY
2015-07-10,7.51,7.66,7.46,7.63,1710484,TRY
2015-07-13,7.66,8.03,7.66,7.78,2428612,TRY
2015-07-14,7.81,7.88,7.53,7.56,1341662,TRY
2015-07-15,7.61,7.71,7.49,7.61,1358360,TRY
2015-07-16,7.61,7.86,7.56,7.83,794736,TRY
2015-07-20,7.83,7.91,7.61,7.63,1294832,TRY
2015-07-21,7.71,7.76,7.58,7.61,861656,TRY
2015-07-22,7.63,7.66,7.41,7.46,1353972,TRY
2015-07-23,7.51,7.66,7.21,7.31,1403746,TRY
2015-07-24,7.34,7.61,7.26,7.49,1377202,TRY
2015-07-27,7.39,7.44,7.21,7.29,1200174,TRY
2015-07-28,7.34,7.81,7.29,7.76,7015182,TRY
2015-07-29,7.73,7.76,7.53,7.61,4843226,TRY
2015-07-30,7.58,7.61,7.49,7.49,1316144,TRY
2015-07-31,7.49,7.53,7.39,7.46,2138328,TRY
2015-08-03,7.46,7.46,7.31,7.31,760338,TRY
2015-08-04,7.36,7.41,7.26,7.26,874042,TRY
2015-08-05,7.26,7.36,7.24,7.24,683840,TRY
2015-08-06,7.26,7.41,7.24,7.34,1391698,TRY
2015-08-07,7.36,7.36,7.21,7.24,738002,TRY
2015-08-10,7.26,7.26,7.01,7.01,1052086,TRY
2015-08-11,7.39,7.39,7.14,7.24,1062958,TRY
2015-08-12,7.16,7.19,7.06,7.09,848298,TRY
2015-08-13,7.11,7.19,7.01,7.19,607212,TRY
2015-08-14,7.19,7.29,7.09,7.26,630214,TRY
2015-08-17,7.26,7.26,7.06,7.09,521140,TRY
2015-08-18,7.01,7.19,7.01,7.11,579846,TRY
2015-08-19,7.14,7.19,7.06,7.09,426810,TRY
2015-08-20,7.06,7.24,6.99,7.01,775784,TRY
2015-08-21,7.04,7.16,7.01,7.01,739210,TRY
2015-08-24,7.01,7.01,6.79,6.84,673162,TRY
2015-08-25,6.86,7.09,6.86,7.06,1219358,TRY
2015-08-26,7.09,7.11,6.99,7.06,783614,TRY
2015-08-27,7.11,7.16,7.01,7.01,1080640,TRY
2015-08-28,7.04,7.09,7.01,7.04,558842,TRY
2015-08-31,7.06,7.11,7.04,7.09,269544,TRY
2015-09-01,7.06,7.06,6.94,7.01,449982,TRY
2015-09-02,7.04,7.09,6.96,6.96,336326,TRY
2015-09-03,7.04,7.06,6.91,6.96,412336,TRY
2015-09-04,6.94,6.94,6.76,6.76,563222,TRY
2015-09-07,6.71,6.74,6.61,6.66,478538,TRY
2015-09-08,6.71,6.74,6.54,6.54,632964,TRY
2015-09-09,6.61,6.64,6.52,6.54,1297160,TRY
2015-09-10,6.49,6.64,6.47,6.52,1383230,TRY
2015-09-11,6.57,6.59,6.47,6.47,834506,TRY
2015-09-14,6.47,6.61,6.47,6.57,969008,TRY
2015-09-15,6.61,6.94,6.61,6.89,1836238,TRY
2015-09-16,6.89,7.04,6.81,6.89,655208,TRY
2015-09-17,6.89,7.01,6.89,6.99,307240,TRY
2015-09-18,7.04,7.04,6.81,6.94,846546,TRY
2015-09-21,6.94,7.09,6.94,7.04,1265382,TRY
2015-09-22,7.06,7.09,6.91,7.01,429758,TRY
2015-09-23,6.96,7.01,6.94,6.99,111906,TRY
2015-09-28,6.99,7.06,6.81,6.84,1085886,TRY
2015-09-29,6.84,6.96,6.57,6.96,1922768,TRY
2015-09-30,7.01,7.04,6.84,6.84,1011308,TRY
2015-10-01,6.91,6.99,6.86,6.96,1069772,TRY
2015-10-02,6.96,6.96,6.86,6.96,263820,TRY
2015-10-05,7.04,7.11,6.96,7.09,1336560,TRY
2015-10-06,7.06,7.29,7.04,7.24,2627356,TRY
2015-10-07,7.29,7.53,7.29,7.49,2996658,TRY
2015-10-08,7.44,7.46,7.31,7.39,2794918,TRY
2015-10-09,7.44,7.46,7.39,7.41,4037456,TRY
2015-10-12,7.31,7.41,7.31,7.39,884526,TRY
2015-10-13,7.34,7.39,7.29,7.31,945284,TRY
2015-10-14,7.31,7.39,7.31,7.36,873142,TRY
2015-10-15,7.46,7.46,7.36,7.41,1416222,TRY
2015-10-16,7.44,7.44,7.11,7.11,1062976,TRY
2015-10-19,7.26,7.34,7.19,7.31,637548,TRY
2015-10-20,7.31,7.34,7.26,7.31,665120,TRY
2015-10-21,7.34,7.39,7.26,7.31,534230,TRY
2015-10-22,7.34,7.34,7.24,7.29,638152,TRY
2015-10-23,7.34,7.39,7.29,7.29,753900,TRY
2015-10-26,7.29,7.34,7.19,7.24,875062,TRY
2015-10-27,7.24,7.26,7.06,7.09,606550,TRY
2015-10-28,7.09,7.09,6.99,7.01,479120,TRY
2015-10-30,6.99,7.01,6.89,6.94,1453356,TRY
2015-11-02,7.58,7.58,7.26,7.36,2570112,TRY
2015-11-03,7.36,7.41,7.26,7.31,1548024,TRY
2015-11-04,7.34,7.36,7.31,7.34,1025238,TRY
2015-11-05,7.31,7.34,7.24,7.26,679860,TRY
2015-11-06,7.29,7.29,7.14,7.19,1457974,TRY
2015-11-09,7.11,7.36,7.04,7.31,2386218,TRY
2015-11-10,7.34,7.36,7.24,7.24,970852,TRY
2015-11-11,7.29,7.31,7.21,7.24,574132,TRY
2015-11-12,7.29,7.39,7.26,7.34,1590864,TRY
2015-11-13,7.34,7.49,7.34,7.46,2889556,TRY
2015-11-16,7.81,8.11,7.66,8.11,10248088,TRY
2015-11-17,8.13,8.26,7.83,7.88,5473226,TRY
2015-11-18,7.91,8.08,7.68,7.76,2542022,TRY
2015-11-19,7.83,8.01,7.76,7.78,2276504,TRY
2015-11-20,7.81,7.88,7.76,7.83,1840372,TRY
2015-11-23,7.88,8.18,7.88,8.03,4677488,TRY
2015-11-24,8.03,8.18,7.73,7.88,3943482,TRY
2015-11-25,7.96,8.21,7.91,8.21,2932398,TRY
2015-11-26,8.21,8.26,7.96,8.03,1754764,TRY
2015-11-27,8.03,8.16,7.98,8.01,1381434,TRY
2015-11-30,8.01,8.46,7.99,8.26,4068188,TRY
2015-12-01,8.29,8.45,8.27,8.35,2023530,TRY
2015-12-02,8.38,8.52,8.26,8.26,1868822,TRY
2015-12-03,8.28,8.41,8.04,8.06,1281948,TRY
2015-12-04,8.11,8.15,7.96,8.13,828210,TRY
2015-12-07,8.15,8.36,8.09,8.11,1138880,TRY
2015-12-08,8.16,8.23,8.07,8.08,1001174,TRY
2015-12-09,8.1,8.15,7.46,8.04,930740,TRY
2015-12-10,8.04,8.11,7.68,7.81,883710,TRY
2015-12-11,7.82,7.88,7.53,7.64,1593180,TRY
2015-12-14,7.66,7.93,7.63,7.7,1430946,TRY
2015-12-15,7.71,7.95,7.71,7.9,908162,TRY
2015-12-16,7.91,8.1,7.85,8.09,1542884,TRY
2015-12-17,8.15,8.62,8.12,8.47,3463154,TRY
2015-12-18,8.48,8.55,8.31,8.36,1246958,TRY
2015-12-21,8.36,8.65,8.36,8.51,1124324,TRY
2015-12-22,8.52,8.56,8.41,8.53,732134,TRY
2015-12-23,8.53,8.63,8.51,8.51,642518,TRY
2015-12-24,8.54,8.58,8.42,8.42,650140,TRY
2015-12-25,8.42,8.59,8.32,8.49,790258,TRY
2015-12-28,8.5,8.62,8.43,8.47,1207412,TRY
2015-12-29,8.47,8.54,8.45,8.48,459736,TRY
2015-12-30,8.48,8.52,8.33,8.4,756414,TRY
2015-12-31,8.43,8.47,8.33,8.39,638184,TRY
2016-01-04,8.39,8.61,8.28,8.51,1045428,TRY
2016-01-05,8.46,8.71,8.46,8.62,2916092,TRY
2016-01-06,8.63,8.74,8.61,8.69,1242554,TRY
2016-01-07,8.69,8.72,8.56,8.7,1195084,TRY
2016-01-08,8.7,8.89,8.7,8.85,1058532,TRY
2016-01-11,8.85,9.06,8.83,9.03,1139992,TRY
2016-01-12,9.03,9.35,9.03,9.33,1775400,TRY
2016-01-13,9.36,9.49,9.17,9.2,2504828,TRY
2016-01-14,9.23,9.33,9.03,9.07,1102442,TRY
2016-01-15,9.08,9.17,8.9,9.01,895682,TRY
2016-01-18,9.03,9.14,8.9,8.92,693336,TRY
2016-01-19,8.94,9.2,8.94,9.12,947822,TRY
2016-01-20,9.06,9.07,8.9,8.92,1270338,TRY
2016-01-21,8.94,8.96,8.54,8.65,1173738,TRY
2016-01-22,8.77,8.89,8.71,8.89,825986,TRY
2016-01-25,8.91,9.32,8.91,9.32,1251438,TRY
2016-01-26,9.3,9.31,9.18,9.23,1288206,TRY
2016-01-27,9.23,9.27,9.12,9.12,1113568,TRY
2016-01-28,9.17,9.19,8.99,8.99,1126838,TRY
2016-01-29,9.03,9.1,9.0,9.0,933070,TRY
2016-02-01,9.03,9.03,8.85,8.94,1117622,TRY
2016-02-02,8.95,9.12,8.92,8.98,630892,TRY
2016-02-03,8.98,9.08,8.92,9.0,1245592,TRY
2016-02-04,9.08,9.1,8.9,8.9,538114,TRY
2016-02-05,8.91,8.97,8.87,8.9,583824,TRY
2016-02-08,8.9,8.93,8.7,8.71,833924,TRY
2016-02-09,8.7,8.75,8.43,8.63,959382,TRY
2016-02-10,8.64,8.79,8.63,8.7,492120,TRY
2016-02-11,8.69,8.69,8.48,8.59,539794,TRY
2016-02-12,8.59,8.6,8.52,8.52,356724,TRY
2016-02-15,8.55,8.59,8.39,8.41,1175192,TRY
2016-02-16,8.43,8.51,8.33,8.33,677006,TRY
2016-02-17,8.33,8.55,8.21,8.55,882812,TRY
2016-02-18,8.48,8.64,8.45,8.61,890206,TRY
2016-02-19,8.59,8.61,8.42,8.55,608334,TRY
2016-02-22,8.67,8.73,8.6,8.66,1376480,TRY
2016-02-23,8.73,8.82,8.67,8.74,1519962,TRY
2016-02-24,8.8,8.8,8.73,8.73,933814,TRY
2016-02-25,8.73,8.89,8.73,8.8,629972,TRY
2016-02-26,8.81,8.85,8.73,8.73,569566,TRY
2016-02-29,8.74,8.79,8.7,8.77,515804,TRY
2016-03-01,8.79,8.95,8.77,8.95,1166612,TRY
2016-03-02,9.0,9.18,9.0,9.08,1449802,TRY
2016-03-03,9.09,9.5,9.05,9.05,3391906,TRY
2016-03-04,9.06,9.07,8.83,9.01,884644,TRY
2016-03-07,9.07,9.13,8.95,9.01,689366,TRY
2016-03-08,9.0,9.0,8.41,8.53,5542690,TRY
2016-03-09,8.58,8.6,8.39,8.53,2480938,TRY
2016-03-10,8.55,8.6,8.5,8.52,1998738,TRY
2016-03-11,8.55,8.63,8.54,8.56,1804046,TRY
2016-03-14,8.55,8.59,8.53,8.55,1052782,TRY
2016-03-15,8.57,8.61,8.53,8.53,1398194,TRY
2016-03-16,8.56,8.61,8.53,8.55,965194,TRY
2016-03-17,8.6,8.65,8.58,8.63,1346214,TRY
2016-03-18,8.63,8.8,8.6,8.8,2415880,TRY
2016-03-21,8.8,9.02,8.73,8.98,1906908,TRY
2016-03-22,8.97,8.98,8.78,8.91,1396774,TRY
2016-03-23,8.9,8.92,8.6,8.63,1500762,TRY
2016-03-24,8.61,8.89,8.56,8.89,1591594,TRY
2016-03-25,9.1,9.2,8.97,8.98,3507164,TRY
2016-03-28,8.99,9.1,8.99,9.0,666630,TRY
2016-03-29,9.04,9.1,8.99,9.0,1230910,TRY
2016-03-30,9.05,9.18,9.02,9.06,1819788,TRY
2016-03-31,9.07,9.17,9.03,9.1,1370682,TRY
2016-04-01,9.1,9.18,9.05,9.09,2246720,TRY
2016-04-04,9.14,9.3,9.12,9.27,1076670,TRY
2016-04-05,9.27,9.44,9.27,9.31,1100332,TRY
2016-04-06,9.32,9.4,9.31,9.35,847774,TRY
2016-04-07,9.4,9.49,9.34,9.38,1434272,TRY
2016-04-08,9.4,9.51,9.4,9.5,1306846,TRY
2016-04-11,9.54,9.58,9.52,9.55,830106,TRY
2016-04-12,9.55,9.95,9.53,9.87,2659118,TRY
2016-04-13,9.97,10.3,9.97,10.15,3490250,TRY
2016-04-14,10.17,10.2,9.88,10.0,1345164,TRY
2016-04-15,10.05,10.15,9.99,10.0,1255456,TRY
2016-04-18,10.03,10.03,9.91,9.91,909394,TRY
2016-04-19,9.97,9.99,9.83,9.94,1638202,TRY
2016-04-20,9.95,10.03,9.88,9.94,1089398,TRY
2016-04-21,9.97,10.02,9.82,9.87,840228,TRY
2016-04-22,9.93,9.95,9.87,9.91,735372,TRY
2016-04-25,9.86,9.94,9.86,9.88,412670,TRY
2016-04-26,9.92,9.93,9.88,9.88,442792,TRY
2016-04-27,9.89,10.25,9.89,10.01,3100206,TRY
2016-04-28,10.07,10.11,9.98,9.98,674786,TRY
2016-04-29,10.01,10.03,9.91,9.93,716294,TRY
2016-05-02,9.95,9.99,9.84,9.84,804658,TRY
2016-05-03,9.84,9.91,9.65,9.71,1041638,TRY
2016-05-04,9.71,9.71,9.23,9.44,1524706,TRY
2016-05-05,8.96,9.44,8.95,9.37,2689808,TRY
2016-05-06,9.33,9.73,9.31,9.72,1001088,TRY
2016-05-09,9.75,10.05,9.75,9.87,913484,TRY
2016-05-10,9.9,9.95,9.79,9.85,672178,TRY
2016-05-11,9.87,9.96,9.85,9.91,970186,TRY
2016-05-12,9.97,10.03,9.94,9.99,728778,TRY
2016-05-13,10.0,10.1,9.9,9.95,796002,TRY
2016-05-16,10.02,10.03,9.65,9.71,744154,TRY
2016-05-17,9.72,9.81,9.62,9.69,732444,TRY
2016-05-18,9.7,9.71,9.45,9.55,1220652,TRY
2016-05-20,9.56,9.57,9.41,9.45,1246238,TRY
2016-05-23,9.49,9.69,9.45,9.62,1150040,TRY
2016-05-24,9.62,9.98,9.62,9.94,1455566,TRY
2016-05-25,10.05,10.44,9.89,9.93,3089084,TRY
2016-05-26,9.94,9.95,9.75,9.79,935580,TRY
2016-05-27,9.85,9.97,9.75,9.92,877183,TRY
2016-05-30,9.93,10.07,9.93,10.03,908583,TRY
2016-05-31,10.06,10.11,9.9,9.92,1057445,TRY
2016-06-01,9.95,10.06,9.71,9.78,2711591,TRY
2016-06-02,9.8,9.84,9.62,9.69,1174472,TRY
2016-06-03,9.7,9.8,9.67,9.75,1005738,TRY
2016-06-06,9.81,9.86,9.45,9.64,1175876,TRY
2016-06-07,9.64,9.68,9.55,9.55,2132749,TRY
2016-06-08,9.6,9.69,9.55,9.64,867063,TRY
2016-06-09,9.65,9.71,9.49,9.59,830942,TRY
2016-06-10,9.58,9.58,9.44,9.56,670251,TRY
2016-06-13,9.56,9.56,9.26,9.34,737227,TRY
2016-06-14,9.37,9.38,9.06,9.14,1431424,TRY
2016-06-15,9.16,9.27,9.13,9.18,1054100,TRY
2016-06-16,9.17,9.18,8.99,9.03,665534,TRY
2016-06-17,9.04,9.14,9.04,9.11,605647,TRY
2016-06-20,9.18,9.51,9.18,9.48,1622105,TRY
2016-06-21,9.6,9.63,9.42,9.47,1005744,TRY
2016-06-22,9.47,9.54,9.28,9.28,607023,TRY
2016-06-23,9.4,9.54,9.25,9.47,1167309,TRY
2016-06-24,8.78,9.47,8.78,9.47,1640425,TRY
2016-06-27,9.48,9.48,9.31,9.35,512718,TRY
2016-06-28,9.4,9.52,9.4,9.47,907066,TRY
2016-06-29,9.41,9.48,9.38,9.42,657810,TRY
2016-06-30,9.44,9.49,9.38,9.38,415819,TRY
2016-07-01,9.39,9.68,9.39,9.68,1183204,TRY
2016-07-04,9.68,9.75,9.63,9.69,221705,TRY
2016-07-08,9.69,9.79,9.68,9.77,933473,TRY
2016-07-11,9.78,9.85,9.73,9.79,602107,TRY
2016-07-12,9.83,9.83,9.76,9.81,782457,TRY
2016-07-13,9.82,10.0,9.81,9.97,1427308,TRY
2016-07-14,9.99,10.02,9.93,10.0,1109941,TRY
2016-07-15,10.0,10.01,9.88,9.91,582011,TRY
2016-07-18,9.31,9.67,8.76,9.04,3509686,TRY
2016-07-19,9.06,9.56,8.99,9.12,2554278,TRY
2016-07-20,9.12,9.42,9.12,9.35,1536620,TRY
2016-07-21,9.24,9.25,8.93,8.98,2320865,TRY
2016-07-22,9.06,9.12,8.87,8.87,2703907,TRY
2016-07-25,8.97,9.08,8.97,9.06,1779041,TRY
2016-07-26,9.12,9.18,8.98,9.01,1866528,TRY
2016-07-27,9.04,9.3,9.03,9.3,2193602,TRY
2016-07-28,9.35,9.52,9.34,9.44,1352433,TRY
2016-07-29,9.5,9.5,9.36,9.41,1019761,TRY
2016-08-01,9.51,9.61,9.49,9.51,711167,TRY
2016-08-02,9.71,9.71,9.49,9.56,1069241,TRY
2016-08-03,9.56,9.56,9.22,9.28,1347968,TRY
2016-08-04,9.31,9.44,9.23,9.44,1305177,TRY
2016-08-05,9.45,9.5,9.27,9.31,1006207,TRY
2016-08-08,9.46,9.5,9.39,9.46,976172,TRY
2016-08-09,9.46,9.48,9.41,9.45,938951,TRY
2016-08-10,9.45,9.48,9.35,9.37,854666,TRY
2016-08-11,9.4,9.42,9.35,9.42,740665,TRY
2016-08-12,9.44,9.46,9.35,9.36,566031,TRY
2016-08-15,9.38,9.46,9.38,9.46,594755,TRY
2016-08-16,9.48,9.56,9.35,9.36,1103315,TRY
2016-08-17,9.39,9.48,9.34,9.42,689326,TRY
2016-08-18,9.45,9.48,9.29,9.29,1231560,TRY
2016-08-19,9.31,9.36,9.28,9.31,464741,TRY
2016-08-22,9.31,9.42,9.27,9.37,646709,TRY
2016-08-23,9.37,9.4,9.31,9.34,742431,TRY
2016-08-24,9.32,9.42,9.26,9.38,1488356,TRY
2016-08-25,9.4,9.44,9.33,9.34,627283,TRY
2016-08-26,9.36,9.39,9.31,9.37,476938,TRY
2016-08-29,9.37,9.45,9.32,9.38,809652,TRY
2016-08-31,9.4,9.46,9.38,9.41,914794,TRY
2016-09-01,9.42,9.55,9.37,9.51,1785895,TRY
2016-09-02,9.5,9.61,9.49,9.58,1144132,TRY
2016-09-05,9.63,9.73,9.63,9.65,861294,TRY
2016-09-06,9.69,9.76,9.65,9.7,617977,TRY
2016-09-07,9.73,9.73,9.59,9.62,594058,TRY
2016-09-08,9.6,9.67,9.55,9.6,667811,TRY
2016-09-09,9.59,9.61,9.49,9.55,598969,TRY
2016-09-16,9.57,9.62,9.42,9.44,398161,TRY
2016-09-19,9.45,9.61,9.45,9.61,654591,TRY
2016-09-20,9.6,9.61,9.51,9.53,320311,TRY
2016-09-21,9.55,9.58,9.45,9.5,625822,TRY
2016-09-22,9.56,9.66,9.53,9.64,854285,TRY
2016-09-23,9.64,9.68,9.59,9.67,987409,TRY
2016-09-26,9.4,9.48,9.29,9.33,1343182,TRY
2016-09-27,9.33,9.45,9.33,9.4,615801,TRY
2016-09-28,9.41,9.46,9.41,9.41,415574,TRY
2016-09-29,9.42,9.44,9.37,9.44,312692,TRY
2016-09-30,9.43,9.44,9.34,9.39,666810,TRY
2016-10-03,9.42,9.47,9.4,9.45,650250,TRY
2016-10-04,9.48,9.49,9.39,9.4,1386392,TRY
2016-10-05,9.4,9.42,9.36,9.42,652965,TRY
2016-10-06,9.42,9.47,9.4,9.42,751134,TRY
2016-10-07,9.43,9.48,9.39,9.46,506651,TRY
2016-10-10,9.48,9.58,9.41,9.45,978045,TRY
2016-10-11,9.47,9.47,9.4,9.44,845976,TRY
2016-10-12,9.46,9.48,9.37,9.45,719340,TRY
2016-10-13,9.45,9.45,9.3,9.41,916908,TRY
2016-10-14,9.4,9.42,9.32,9.42,455489,TRY
2016-10-17,9.41,9.42,9.36,9.39,437385,TRY
2016-10-18,9.39,9.46,9.39,9.42,540957,TRY
2016-10-19,9.44,9.55,9.42,9.52,1412365,TRY
2016-10-20,9.53,9.58,9.52,9.55,774436,TRY
2016-10-21,9.55,9.55,9.46,9.53,1055937,TRY
2016-10-24,9.54,9.62,9.51,9.54,1975005,TRY
2016-10-25,9.55,9.62,9.54,9.54,1033783,TRY
2016-10-26,9.56,9.58,9.47,9.51,903825,TRY
2016-10-27,9.51,9.54,9.44,9.45,728254,TRY
2016-10-28,9.46,9.48,9.42,9.45,417469,TRY
2016-10-31,9.45,9.47,9.38,9.38,432992,TRY
2016-11-01,9.41,9.46,9.37,9.38,1302854,TRY
2016-11-02,9.43,9.44,9.31,9.38,783013,TRY
2016-11-03,9.4,9.43,9.32,9.4,738513,TRY
2016-11-04,9.36,9.38,9.31,9.37,1151682,TRY
2016-11-07,9.38,9.5,9.38,9.4,676070,TRY
2016-11-08,9.4,9.58,9.4,9.5,2182804,TRY
2016-11-09,9.5,10.02,9.43,9.88,4534173,TRY
2016-11-10,9.91,10.6,9.84,10.32,7691530,TRY
2016-11-11,10.32,10.47,10.09,10.34,4637442,TRY
2016-11-14,10.35,10.53,10.35,10.47,4028142,TRY
2016-11-15,10.48,10.51,10.37,10.41,2667871,TRY
2016-11-16,10.41,10.63,10.39,10.47,3492215,TRY
2016-11-17,10.5,10.87,10.49,10.74,4822827,TRY
2016-11-18,10.75,10.97,10.73,10.83,4155742,TRY
2016-11-21,10.88,10.9,10.66,10.67,3118064,TRY
2016-11-22,10.68,10.75,10.63,10.72,1913028,TRY
2016-11-23,10.74,10.92,10.74,10.92,2132105,TRY
2016-11-24,10.93,11.4,10.93,11.27,4422324,TRY
2016-11-25,11.32,11.37,10.78,11.06,4395522,TRY
2016-11-28,11.17,11.22,10.81,10.82,2585276,TRY
2016-11-29,10.82,11.02,10.78,10.93,3246070,TRY
2016-11-30,10.97,11.06,10.87,11.03,1698702,TRY
2016-12-01,11.04,11.09,10.73,10.81,1565182,TRY
2016-12-02,10.81,11.08,10.73,11.08,1537919,TRY
2016-12-05,11.08,11.2,10.99,11.05,1072423,TRY
2016-12-06,11.09,11.16,11.06,11.11,2201339,TRY
2016-12-07,11.16,11.27,11.07,11.13,2404536,TRY
2016-12-08,11.17,11.19,10.96,11.07,1231817,TRY
2016-12-09,11.08,11.13,10.99,11.07,658492,TRY
2016-12-12,11.05,11.18,11.05,11.16,1190722,TRY
2016-12-13,11.2,11.22,11.11,11.14,1148900,TRY
2016-12-14,11.15,11.22,11.11,11.14,941712,TRY
2016-12-15,11.09,11.44,11.08,11.43,1677199,TRY
2016-12-16,11.45,11.89,11.43,11.87,2933150,TRY
2016-12-19,11.93,12.44,11.89,11.93,4002286,TRY
2016-12-20,11.95,12.23,11.95,12.22,2702373,TRY
2016-12-21,12.26,12.34,12.1,12.16,1894220,TRY
2016-12-22,12.2,12.23,11.96,12.05,1601039,TRY
2016-12-23,12.08,12.1,11.92,11.92,1408710,TRY
2016-12-26,11.96,12.16,11.96,12.14,1134041,TRY
2016-12-27,12.14,12.22,12.04,12.1,1316369,TRY
2016-12-28,12.11,12.18,12.05,12.08,1180745,TRY
2016-12-29,12.09,12.15,12.06,12.08,1248277,TRY
2016-12-30,12.13,13.08,11.97,12.7,1756300,TRY
2017-01-02,12.41,12.45,12.17,12.23,2625017,TRY
2017-01-03,12.24,12.3,12.04,12.04,1321224,TRY
2017-01-04,12.07,12.24,12.07,12.15,1311146,TRY
2017-01-05,12.22,12.3,12.09,12.26,1987587,TRY
2017-01-06,12.26,12.42,12.19,12.36,1872580,TRY
2017-01-09,12.37,13.05,12.37,12.97,4663611,TRY
2017-01-10,12.98,13.49,12.98,13.23,4936868,TRY
2017-01-11,13.28,13.34,13.09,13.09,2256658,TRY
2017-01-12,13.17,13.28,13.11,13.14,2352776,TRY
2017-01-13,13.18,13.27,13.1,13.16,2118188,TRY
2017-01-16,13.23,13.76,13.2,13.68,5802524,TRY
2017-01-17,13.7,14.33,13.53,14.08,6432695,TRY
2017-01-18,14.12,14.31,13.8,13.87,5909898,TRY
2017-01-19,13.89,14.1,13.52,13.66,3767946,TRY
2017-01-20,13.72,13.92,13.56,13.7,4615821,TRY
2017-01-23,13.77,13.86,13.64,13.68,1886454,TRY
2017-01-24,13.7,13.74,13.49,13.49,2186206,TRY
2017-01-25,13.53,13.56,13.04,13.04,4078799,TRY
2017-01-26,13.07,13.65,12.72,13.42,9411996,TRY
2017-01-27,13.46,13.59,13.28,13.3,2422377,TRY
2017-01-30,13.24,13.59,13.2,13.56,2802852,TRY
2017-01-31,13.61,13.91,13.6,13.64,4628234,TRY
2017-02-01,13.66,13.75,13.58,13.66,1904991,TRY
2017-02-02,13.73,13.85,13.58,13.6,2419878,TRY
2017-02-03,13.65,13.72,13.56,13.63,1415049,TRY
2017-02-06,13.71,14.1,13.68,14.0,8250755,TRY
2017-02-07,14.02,14.16,13.84,13.98,3857453,TRY
2017-02-08,14.05,14.08,13.83,13.9,2830120,TRY
2017-02-09,13.93,13.97,13.84,13.88,1283940,TRY
2017-02-10,13.93,14.1,13.85,13.92,2455370,TRY
2017-02-13,13.96,14.05,13.91,13.91,2701165,TRY
2017-02-14,13.93,13.97,13.58,13.76,3421911,TRY
2017-02-15,13.79,13.85,13.4,13.45,4175748,TRY
2017-02-16,13.53,13.64,13.28,13.33,3371953,TRY
2017-02-17,13.37,13.46,13.28,13.33,3030445,TRY
2017-02-20,13.41,13.53,13.3,13.33,2830847,TRY
2017-02-21,13.58,14.01,13.58,13.9,14111476,TRY
2017-02-22,13.96,13.98,13.8,13.87,3611811,TRY
2017-02-23,13.93,14.18,13.88,14.18,7676672,TRY
2017-02-24,14.2,14.31,14.11,14.18,3610459,TRY
2017-02-27,14.23,14.6,14.13,14.56,5795366,TRY
2017-02-28,14.57,15.19,14.57,15.13,7989546,TRY
2017-03-01,15.18,16.06,15.08,15.97,11427577,TRY
2017-03-02,16.01,16.57,15.66,15.75,14417908,TRY
2017-03-03,15.81,16.02,15.76,15.76,5657251,TRY
2017-03-06,15.85,15.91,15.7,15.87,3656349,TRY
2017-03-07,15.96,16.53,15.9,16.46,8554367,TRY
2017-03-08,16.53,16.88,16.52,16.76,7983937,TRY
2017-03-09,16.15,16.83,15.83,16.53,11687762,TRY
2017-03-10,16.6,16.82,16.53,16.8,4128365,TRY
2017-03-13,16.84,17.33,16.84,17.3,4558118,TRY
2017-03-14,17.49,18.15,17.49,17.88,11891286,TRY
2017-03-15,18.01,18.15,17.68,17.74,6327417,TRY
2017-03-16,17.73,17.84,17.28,17.53,6775048,TRY
2017-03-17,17.5,17.5,16.55,17.33,15073099,TRY
2017-03-20,17.45,17.63,17.33,17.46,4663925,TRY
2017-03-21,17.52,17.58,17.04,17.04,7923156,TRY
2017-03-22,16.98,17.35,16.6,17.11,9388430,TRY
2017-03-23,17.17,17.31,17.05,17.12,3387436,TRY
2017-03-24,17.15,17.2,17.06,17.12,2274416,TRY
2017-03-27,17.16,17.17,16.79,16.8,3467165,TRY
2017-03-28,16.85,17.01,16.74,16.88,2688842,TRY
2017-03-29,16.85,17.2,16.71,17.12,5882592,TRY
2017-03-30,17.31,17.42,17.19,17.23,3774263,TRY
2017-03-31,17.28,17.29,16.97,16.97,3720483,TRY
2017-04-03,16.98,17.13,16.94,17.12,2834309,TRY
2017-04-04,17.13,17.25,17.05,17.07,2987793,TRY
2017-04-05,17.11,17.2,17.06,17.14,5536193,TRY
2017-04-06,17.15,17.23,16.96,16.97,3464254,TRY
2017-04-07,17.05,17.18,16.98,16.98,2422247,TRY
2017-04-10,17.07,17.21,16.99,17.13,3727349,TRY
2017-04-11,17.16,17.18,17.06,17.06,2320385,TRY
2017-04-12,17.08,17.14,17.03,17.1,2028199,TRY
2017-04-13,17.13,17.15,16.88,16.88,3409671,TRY
2017-04-14,16.88,17.0,16.71,16.95,2114789,TRY
2017-04-17,17.07,17.22,17.07,17.1,1734539,TRY
2017-04-18,17.08,17.21,17.01,17.21,3962543,TRY
2017-04-19,17.28,18.12,17.28,18.01,17226250,TRY
2017-04-20,18.13,19.2,18.13,19.15,14794427,TRY
2017-04-21,19.33,19.6,18.74,18.78,15109463,TRY
2017-04-24,18.93,19.1,18.78,18.78,4710887,TRY
2017-04-25,18.85,18.88,18.58,18.68,6471274,TRY
2017-04-26,18.7,19.05,18.64,18.79,5644547,TRY
2017-04-27,18.83,18.96,18.8,18.81,3308300,TRY
2017-04-28,18.85,19.55,18.7,19.51,11308608,TRY
2017-05-02,19.78,21.16,19.78,20.66,21794004,TRY
2017-05-03,20.84,21.06,20.2,20.26,9721133,TRY
2017-05-04,20.3,20.9,20.16,20.88,11361357,TRY
2017-05-05,21.08,21.75,20.9,21.16,19210832,TRY
2017-05-08,21.34,21.56,21.06,21.12,7918370,TRY
2017-05-09,21.46,21.58,20.82,20.88,12795880,TRY
2017-05-10,20.9,21.1,20.38,20.96,16574405,TRY
2017-05-11,21.08,21.14,20.7,20.72,9529729,TRY
2017-05-12,20.82,20.92,20.5,20.62,4930191,TRY
2017-05-15,20.7,21.34,20.58,21.18,14156933,TRY
2017-05-16,21.3,22.19,21.3,21.97,25309872,TRY
2017-05-17,22.09,22.53,21.91,22.05,19667444,TRY
2017-05-18,21.93,22.03,20.94,21.26,17749928,TRY
2017-05-22,21.42,21.52,20.94,20.98,11587825,TRY
2017-05-23,20.82,21.39,20.64,21.15,14557252,TRY
2017-05-24,21.27,21.57,21.15,21.15,9757023,TRY
2017-05-25,21.23,21.29,21.03,21.03,5735392,TRY
2017-05-26,21.05,21.27,20.87,21.09,7776371,TRY
2017-05-29,21.19,21.33,21.15,21.19,3789793,TRY
2017-05-30,21.23,21.31,21.07,21.15,4078648,TRY
2017-05-31,21.27,21.75,21.11,21.75,23500012,TRY
2017-06-01,21.81,22.16,21.47,21.93,18354392,TRY
2017-06-02,22.0,22.08,21.81,21.81,6827023,TRY
2017-06-05,21.85,21.98,21.67,21.73,6205593,TRY
2017-06-06,21.77,21.89,21.69,21.85,5177294,TRY
2017-06-07,21.91,21.95,21.65,21.65,5420985,TRY
2017-06-08,21.71,21.79,21.67,21.69,2496266,TRY
2017-06-09,21.73,22.15,21.71,21.89,8951123,TRY
2017-06-12,21.93,22.07,21.85,21.93,4333476,TRY
2017-06-13,21.99,22.03,21.79,21.85,3223086,TRY
2017-06-14,21.89,21.99,21.83,21.83,2279009,TRY
2017-06-15,21.83,21.95,21.67,21.89,3561314,TRY
2017-06-16,21.89,21.99,21.67,21.67,3731113,TRY
2017-06-19,21.73,21.77,21.63,21.63,2263331,TRY
2017-06-20,21.67,21.77,21.51,21.53,2193289,TRY
2017-06-21,21.55,21.91,21.38,21.81,4904781,TRY
2017-06-22,21.91,21.93,21.75,21.91,3035203,TRY
2017-06-23,21.95,21.99,21.85,21.85,2955471,TRY
2017-06-28,21.89,21.95,21.77,21.83,2888809,TRY
2017-06-29,21.87,22.07,21.75,21.77,3887307,TRY
2017-06-30,21.77,21.83,21.69,21.69,2313366,TRY
2017-07-03,21.73,21.91,21.63,21.63,4815913,TRY
2017-07-04,21.65,21.75,21.53,21.53,2973806,TRY
2017-07-05,21.59,21.63,21.32,21.32,2912576,TRY
2017-07-06,21.36,21.69,21.36,21.45,3668549,TRY
2017-07-07,21.51,21.57,21.34,21.36,2111488,TRY
2017-07-10,21.43,21.51,21.38,21.39,2002742,TRY
2017-07-11,21.41,21.73,21.32,21.57,4252570,TRY
2017-07-12,21.65,21.79,21.45,21.47,3256587,TRY
2017-07-13,21.53,21.73,21.39,21.49,4309544,TRY
2017-07-14,21.55,21.61,21.43,21.51,2549020,TRY
2017-07-17,21.57,21.85,21.53,21.85,5411737,TRY
2017-07-18,21.93,23.3,21.93,23.28,25088550,TRY
2017-07-19,23.38,24.17,23.38,23.8,20917310,TRY
2017-07-20,23.88,23.92,22.9,22.96,14881785,TRY
2017-07-21,22.96,23.34,22.53,23.22,13580534,TRY
2017-07-24,23.4,23.92,23.38,23.68,10693420,TRY
2017-07-25,23.84,24.01,23.68,23.72,10120412,TRY
2017-07-26,23.76,24.01,23.72,23.86,5670638,TRY
2017-07-27,24.05,24.29,23.95,24.11,8565819,TRY
2017-07-28,24.15,24.43,24.11,24.13,5971349,TRY
2017-07-31,24.23,24.25,23.88,23.88,4857718,TRY
2017-08-01,24.01,24.19,23.76,23.8,4985248,TRY
2017-08-02,23.9,24.09,23.76,23.92,4912170,TRY
2017-08-03,24.01,24.09,23.88,23.92,3067326,TRY
2017-08-04,23.95,24.29,23.9,24.29,7374165,TRY
2017-08-07,24.53,25.78,24.51,25.6,13961003,TRY
2017-08-08,25.74,26.14,25.34,25.72,11826558,TRY
2017-08-09,25.7,25.98,25.48,25.98,6242359,TRY
2017-08-10,26.14,26.75,26.14,26.46,8245807,TRY
2017-08-11,26.5,26.55,25.8,26.18,7912033,TRY
2017-08-14,26.4,27.05,26.4,26.97,7898724,TRY
2017-08-15,27.13,27.23,26.55,26.73,7690074,TRY
2017-08-16,26.77,26.85,25.74,26.44,8080243,TRY
2017-08-17,26.63,26.71,26.02,26.16,5673697,TRY
2017-08-18,26.08,26.44,25.84,26.3,3596069,TRY
2017-08-21,26.4,26.55,26.2,26.34,4403974,TRY
2017-08-22,26.42,26.48,25.98,26.0,5700509,TRY
2017-08-23,26.08,26.65,25.88,26.55,6985453,TRY
2017-08-24,26.67,27.03,26.46,26.55,8732015,TRY
2017-08-25,26.55,26.65,26.36,26.4,2882095,TRY
2017-08-28,26.5,26.5,26.3,26.3,2007862,TRY
2017-08-29,26.3,26.71,26.26,26.5,2470592,TRY
2017-08-31,26.52,26.79,26.52,26.79,1909257,TRY
2017-09-05,26.79,27.05,26.5,26.5,4551933,TRY
2017-09-06,26.54,26.75,26.4,26.69,2819152,TRY
2017-09-07,26.75,26.89,26.55,26.63,3464053,TRY
2017-09-08,26.71,26.73,26.44,26.55,2873162,TRY
2017-09-11,26.65,26.95,26.57,26.87,5123399,TRY
2017-09-12,26.97,27.15,26.87,26.89,5873331,TRY
2017-09-13,26.97,27.75,26.91,27.27,14228986,TRY
2017-09-14,27.41,27.61,27.06,27.23,5832349,TRY
2017-09-15,27.33,27.41,27.16,27.16,4207658,TRY
2017-09-18,27.25,27.31,26.58,26.72,4115837,TRY
2017-09-19,26.68,26.78,25.92,26.22,5094117,TRY
2017-09-20,26.26,26.6,26.02,26.6,3462120,TRY
2017-09-21,26.48,26.62,26.12,26.18,2950361,TRY
2017-09-22,26.32,26.42,25.98,26.02,3061600,TRY
2017-09-25,25.88,25.88,23.44,24.27,12606621,TRY
2017-09-26,24.31,24.99,24.31,24.87,7242695,TRY
2017-09-27,24.95,25.09,24.63,24.95,5700240,TRY
2017-09-28,24.97,26.3,24.87,26.16,8085867,TRY
2017-09-29,26.22,26.64,25.98,26.12,6489230,TRY
2017-10-02,26.2,26.76,26.06,26.52,5239272,TRY
2017-10-03,26.6,26.7,26.16,26.4,5055369,TRY
2017-10-04,26.58,26.64,26.42,26.48,3742967,TRY
2017-10-05,26.54,26.58,26.2,26.2,3714008,TRY
2017-10-06,26.16,26.5,25.75,26.34,6375597,TRY
2017-10-09,24.63,26.1,24.29,25.71,6891484,TRY
2017-10-10,26.12,26.52,26.12,26.34,4603294,TRY
2017-10-11,26.36,26.5,26.16,26.26,3886537,TRY
2017-10-12,26.48,26.98,26.48,26.84,7301520,TRY
2017-10-13,26.92,27.41,26.92,27.37,7952697,TRY
2017-10-16,27.53,28.49,27.53,28.11,10610885,TRY
2017-10-17,28.23,28.67,28.17,28.51,6621837,TRY
2017-10-18,28.67,28.82,28.47,28.51,5789361,TRY
2017-10-19,28.67,28.78,28.57,28.72,3330455,TRY
2017-10-20,28.82,29.66,28.82,29.56,9107740,TRY
2017-10-23,29.66,30.73,29.66,30.73,11634772,TRY
2017-10-24,30.79,32.54,30.75,31.29,30607598,TRY
2017-10-25,31.66,32.02,31.03,31.33,10437205,TRY
2017-10-26,31.45,32.16,31.11,32.0,12827469,TRY
2017-10-27,32.08,32.26,31.84,31.94,8305507,TRY
2017-10-30,32.3,32.58,32.16,32.4,8705384,TRY
2017-10-31,32.66,33.85,32.46,33.71,14560974,TRY
2017-11-01,33.71,33.73,32.98,33.06,15438840,TRY
2017-11-02,33.21,33.89,33.21,33.73,12597473,TRY
2017-11-03,33.77,35.24,33.75,35.14,27758946,TRY
2017-11-06,35.56,41.1,35.56,38.24,51653248,TRY
2017-11-07,39.03,40.03,37.98,38.6,28237532,TRY
2017-11-08,38.96,39.53,37.84,39.13,21139556,TRY
2017-11-09,39.49,39.91,38.96,39.03,18262308,TRY
2017-11-10,39.09,39.71,38.2,39.49,18355068,TRY
2017-11-13,39.77,41.82,39.77,41.82,27336952,TRY
2017-11-14,42.01,45.31,42.01,44.95,46821456,TRY
2017-11-15,45.29,46.94,36.07,39.85,55768236,TRY
2017-11-16,37.64,39.63,32.0,32.14,36477600,TRY
2017-11-17,30.19,33.55,28.74,33.39,41032668,TRY
2017-11-20,33.89,35.16,32.04,33.04,22755440,TRY
2017-11-21,32.68,33.61,31.98,33.06,14352505,TRY
2017-11-22,33.15,33.25,32.2,32.56,7578196,TRY
2017-11-23,32.88,32.98,31.78,31.94,5460842,TRY
2017-11-24,31.68,32.88,30.33,32.02,13272718,TRY
2017-11-27,32.16,32.68,31.68,32.02,4803956,TRY
2017-11-28,32.02,32.4,29.8,29.84,9196364,TRY
2017-11-29,29.78,30.27,28.7,29.8,11186657,TRY
2017-11-30,29.94,33.08,29.94,33.08,16371177,TRY
2017-12-01,33.81,34.55,32.12,32.78,24209884,TRY
2017-12-04,32.98,33.13,32.28,32.44,11858351,TRY
2017-12-05,32.7,32.78,31.35,32.02,12915356,TRY
2017-12-06,31.98,32.1,31.39,31.43,6937601,TRY
2017-12-07,31.43,31.92,31.29,31.59,7001705,TRY
2017-12-08,31.7,33.39,31.66,33.29,19003462,TRY
2017-12-11,33.79,33.85,32.88,33.19,20636356,TRY
2017-12-12,33.08,33.35,32.48,32.54,12089184,TRY
2017-12-13,32.58,32.92,31.98,31.98,10204611,TRY
2017-12-14,32.27,32.7,32.21,32.43,8937152,TRY
2017-12-15,32.52,33.48,32.45,32.82,15844980,TRY
2017-12-18,32.96,33.14,32.52,32.54,9319903,TRY
2017-12-19,32.58,32.7,32.17,32.23,7621793,TRY
2017-12-20,32.27,32.58,32.05,32.25,7093410,TRY
2017-12-21,32.37,32.56,31.95,32.05,7422276,TRY
2017-12-22,32.19,32.29,31.95,31.95,5026708,TRY
2017-12-25,32.25,32.56,32.09,32.23,6293810,TRY
2017-12-26,32.37,32.46,32.17,32.23,4784923,TRY
2017-12-27,29.3,31.07,29.11,30.4,29520224,TRY
2017-12-28,30.48,30.68,30.32,30.36,6641175,TRY
2017-12-29,30.44,31.73,30.32,31.61,18212276,TRY
2018-01-02,32.66,33.14,32.5,32.74,14094539,TRY
2018-01-03,32.76,32.8,31.81,31.81,7912133,TRY
2018-01-04,31.81,32.64,31.81,32.03,10821939,TRY
2018-01-05,32.17,32.45,32.09,32.13,7336779,TRY
2018-01-08,32.54,32.64,32.27,32.29,4458412,TRY
2018-01-09,32.29,32.37,31.81,31.81,4332645,TRY
2018-01-10,31.81,32.03,31.45,31.53,4772653,TRY
2018-01-11,31.63,31.97,31.53,31.93,4530026,TRY
2018-01-12,32.01,32.25,31.67,31.69,6987295,TRY
2018-01-15,31.69,31.91,30.77,30.83,4192319,TRY
2018-01-16,31.05,32.15,30.93,32.07,11782234,TRY
2018-01-17,32.11,32.17,31.57,31.71,6036468,TRY
2018-01-18,31.81,32.01,31.73,31.85,5752529,TRY
2018-01-19,31.91,32.05,31.53,31.53,6487200,TRY
2018-01-22,31.61,32.01,31.59,31.75,5011098,TRY
2018-01-23,31.87,31.93,31.65,31.69,4951943,TRY
2018-01-24,31.71,34.55,31.61,34.0,49011880,TRY
2018-01-25,34.49,34.75,32.56,32.68,26304980,TRY
2018-01-26,32.88,32.98,32.03,32.37,13288253,TRY
2018-01-29,32.48,32.68,32.31,32.39,4884064,TRY
2018-01-30,32.31,33.62,32.29,32.86,14628191,TRY
2018-01-31,33.1,33.54,32.96,33.04,9815377,TRY
2018-02-01,33.4,33.66,33.04,33.2,10428426,TRY
2018-02-02,33.28,33.4,32.45,32.66,5343273,TRY
2018-02-05,32.66,32.7,32.09,32.11,5141700,TRY
2018-02-06,31.51,31.83,31.07,31.51,9419944,TRY
2018-02-07,31.71,32.13,31.71,31.73,5753626,TRY
2018-02-08,31.75,31.79,30.81,30.81,6722764,TRY
2018-02-09,30.52,30.99,29.84,30.81,5146471,TRY
2018-02-12,31.15,31.29,30.81,30.81,3185422,TRY
2018-02-13,31.01,31.15,30.32,30.32,6500569,TRY
2018-02-14,30.62,32.35,30.38,32.33,29477190,TRY
2018-02-15,32.5,32.72,31.73,31.75,13915902,TRY
2018-02-16,31.91,32.43,31.83,31.97,10512991,TRY
2018-02-19,32.17,33.2,32.03,32.13,20888552,TRY
2018-02-20,32.35,32.68,31.01,31.13,7355924,TRY
2018-02-21,32.05,32.29,31.27,32.27,14951363,TRY
2018-02-22,32.05,32.21,31.75,31.97,7685214,TRY
2018-02-23,32.11,32.17,31.87,31.97,3142518,TRY
2018-02-26,32.07,32.45,31.99,32.09,6856647,TRY
2018-02-27,31.31,31.73,30.99,31.33,7865988,TRY
2018-02-28,31.33,31.33,30.97,30.97,3661586,TRY
2018-03-01,30.97,31.17,30.36,30.44,5143611,TRY
2018-03-02,30.44,30.66,30.06,30.12,4297383,TRY
2018-03-05,30.26,30.85,30.08,30.44,5367986,TRY
2018-03-06,30.68,30.76,30.06,30.22,2528509,TRY
2018-03-07,30.24,30.36,30.06,30.16,2148993,TRY
2018-03-08,30.2,30.26,30.02,30.02,1549273,TRY
2018-03-09,30.22,30.38,30.04,30.22,2228444,TRY
2018-03-12,30.36,30.99,30.32,30.7,5260157,TRY
2018-03-13,30.81,31.37,30.64,31.23,7110847,TRY
2018-03-14,31.37,31.57,30.76,30.76,5382985,TRY
2018-03-15,30.97,31.21,30.6,30.6,2532610,TRY
2018-03-16,30.76,30.81,30.52,30.58,2281619,TRY
2018-03-19,30.6,30.83,30.24,30.36,2506342,TRY
2018-03-20,30.5,30.74,30.24,30.52,2598670,TRY
2018-03-21,30.56,30.72,30.46,30.6,2371712,TRY
2018-03-22,30.79,30.81,30.38,30.38,3091479,TRY
2018-03-23,30.12,31.27,30.12,30.66,5957358,TRY
2018-03-26,31.05,31.19,30.62,30.62,3057876,TRY
2018-03-27,30.87,30.93,30.38,30.38,2405383,TRY
2018-03-28,30.44,30.7,30.2,30.3,2605305,TRY
2018-03-29,30.6,30.6,30.34,30.52,1791962,TRY
2018-03-30,30.62,31.11,30.54,30.74,4755591,TRY
2018-04-02,30.95,31.69,30.44,30.5,15425992,TRY
2018-04-03,30.44,30.68,29.84,30.04,6773690,TRY
2018-04-04,30.14,30.24,28.67,28.81,11783228,TRY
2018-04-05,28.95,28.97,27.83,28.35,5540249,TRY
2018-04-06,28.35,28.83,28.21,28.39,4424635,TRY
2018-04-09,28.61,28.67,27.45,27.53,5199929,TRY
2018-04-10,27.57,27.79,26.08,27.06,7706454,TRY
2018-04-11,27.04,27.32,25.79,26.52,6238411,TRY
2018-04-12,26.5,26.76,26.06,26.54,3910787,TRY
2018-04-13,26.66,26.7,26.28,26.4,2234473,TRY
2018-04-16,26.42,27.28,26.38,26.92,5728594,TRY
2018-04-17,27.18,27.24,26.14,26.26,6175628,TRY
2018-04-18,26.24,26.96,25.84,26.94,5077804,TRY
2018-04-19,26.94,27.04,26.52,26.66,3078258,TRY
2018-04-20,26.64,26.64,26.38,26.5,1604593,TRY
2018-04-24,26.5,26.58,25.92,25.96,1900446,TRY
2018-04-25,25.96,26.22,25.09,25.23,4600113,TRY
2018-04-26,25.25,25.51,24.67,24.89,5090941,TRY
2018-04-27,24.95,27.73,24.89,26.64,16716483,TRY
2018-04-30,26.66,26.74,24.95,25.05,6115665,TRY
2018-05-02,25.05,25.57,24.69,24.93,4872729,TRY
2018-05-03,25.33,25.37,24.61,24.63,3873835,TRY
2018-05-04,24.63,24.75,24.1,24.41,4260522,TRY
2018-05-07,24.53,24.67,24.13,24.13,2704880,TRY
2018-05-08,24.23,24.31,22.94,23.0,4738825,TRY
2018-05-09,22.84,23.64,21.95,23.24,7510370,TRY
2018-05-10,23.38,23.78,22.68,23.28,6189738,TRY
2018-05-11,23.28,23.58,22.92,23.04,3662643,TRY
2018-05-14,23.0,23.86,22.82,23.44,6397754,TRY
2018-05-15,23.18,24.43,23.08,23.3,6939857,TRY
2018-05-16,23.3,23.86,23.28,23.56,5537008,TRY
2018-05-17,23.56,25.15,23.56,24.21,13531552,TRY
2018-05-18,24.35,25.01,23.76,23.86,9701808,TRY
2018-05-21,24.06,24.21,23.38,23.68,5151369,TRY
2018-05-22,23.7,23.9,23.32,23.46,3418199,TRY
2018-06-07,20.8,21.47,20.58,21.47,68818040,TRY
2018-06-08,21.51,21.71,20.85,21.21,45091984,TRY
2018-06-11,21.31,21.69,20.99,21.49,47956392,TRY
2018-06-12,21.41,21.61,21.09,21.13,31316244,TRY
2018-06-13,21.09,21.37,20.89,20.93,24452704,TRY
2018-06-14,20.85,20.97,20.36,20.38,12123978,TRY
2018-06-18,20.38,20.38,19.43,19.43,32323330,TRY
2018-06-19,19.33,20.4,18.94,20.2,55320644,TRY
2018-06-20,20.1,21.08,20.05,20.72,34366476,TRY
2018-06-21,20.82,21.22,20.72,21.16,24169012,TRY
2018-06-22,21.24,21.3,20.82,21.04,18955738,TRY
2018-06-25,22.1,22.27,21.0,21.26,38027668,TRY
2018-06-26,21.32,22.1,21.12,22.1,36610076,TRY
2018-06-27,22.06,22.59,21.94,22.59,31527348,TRY
2018-06-28,22.59,23.21,22.43,22.93,36873144,TRY
2018-06-29,23.13,23.29,22.67,23.03,20978004,TRY
2018-07-02,22.89,23.71,22.83,23.67,37724416,TRY
2018-07-03,23.73,24.11,23.67,23.79,27515364,TRY
2018-07-04,23.83,24.07,23.73,24.01,17498912,TRY
2018-07-05,24.09,25.48,24.03,25.46,47623384,TRY
2018-07-06,25.54,26.49,25.5,26.41,53095072,TRY
2018-07-09,26.83,27.83,26.55,27.25,69587008,TRY
2018-07-10,13.33,13.65,13.26,13.56,137522000,TRY
2018-07-11,13.52,13.75,12.19,12.51,128854000,TRY
2018-07-12,12.51,13.05,12.09,12.84,138995008,TRY
2018-07-13,12.99,13.08,12.77,12.83,64321000,TRY
2018-07-16,13.02,13.24,12.91,13.24,85254000,TRY
2018-07-17,13.24,14.2,13.22,14.2,104425000,TRY
2018-07-18,14.32,14.64,13.49,14.03,174407008,TRY
2018-07-19,14.21,14.24,13.78,13.97,70640000,TRY
2018-07-20,13.99,14.09,13.88,13.9,43409000,TRY
2018-07-23,13.97,14.39,13.97,14.22,71644000,TRY
2018-07-24,14.32,14.35,13.43,13.63,109737000,TRY
2018-07-25,13.68,14.26,13.5,14.03,112971000,TRY
2018-07-26,14.09,14.12,12.83,13.47,66163000,TRY
2018-07-27,13.47,13.62,13.14,13.33,63643000,TRY
2018-07-30,13.29,13.67,13.2,13.55,68496000,TRY
2018-07-31,13.52,13.61,13.36,13.4,44595000,TRY
2018-08-01,13.45,13.62,13.41,13.47,57695000,TRY
2018-08-02,13.04,13.19,12.86,12.86,59467000,TRY
2018-08-03,12.87,13.53,12.87,13.4,90286000,TRY
2018-08-06,13.42,13.53,12.97,13.01,64247000,TRY
2018-08-07,13.12,13.28,12.98,13.18,62453000,TRY
2018-08-08,13.27,13.31,13.15,13.16,32370000,TRY
2018-08-09,13.07,13.66,12.97,13.29,109810000,TRY
2018-08-10,13.13,13.47,11.97,13.14,95329000,TRY
2018-08-13,13.03,13.08,11.98,12.45,106196000,TRY
2018-08-14,12.87,13.4,12.87,13.39,94225000,TRY
2018-08-15,14.31,14.36,12.72,12.77,118738000,TRY
2018-08-16,13.07,13.2,12.73,12.76,57455000,TRY
2018-08-17,12.71,12.71,12.08,12.39,71431000,TRY
2018-08-20,12.39,12.58,12.26,12.43,13049000,TRY
2018-08-27,12.71,12.72,12.49,12.56,34790000,TRY
2018-08-28,12.57,13.16,12.54,13.16,67325000,TRY
2018-08-29,13.07,13.14,12.78,12.86,52625000,TRY
2018-08-31,12.85,12.9,12.71,12.74,32471000,TRY
2018-09-03,12.7,13.14,12.64,13.1,57304000,TRY
2018-09-04,13.13,13.25,12.85,12.86,51176000,TRY
2018-09-05,12.88,12.99,12.76,12.85,38429000,TRY
2018-09-06,12.93,13.04,12.84,12.86,35238000,TRY
2018-09-07,12.92,12.93,12.8,12.84,26900000,TRY
2018-09-10,12.91,13.02,12.72,12.75,39844000,TRY
2018-09-11,12.79,12.89,12.64,12.89,38089000,TRY
2018-09-12,12.95,13.03,12.76,12.76,57609000,TRY
2018-09-13,12.81,12.95,12.6,12.9,49790000,TRY
2018-09-14,12.99,13.13,12.92,13.0,61359000,TRY
2018-09-17,13.0,13.1,12.94,13.04,39460000,TRY
2018-09-18,13.08,13.33,13.07,13.32,71587000,TRY
2018-09-19,13.39,13.43,13.25,13.3,49568000,TRY
2018-09-20,13.34,13.37,13.01,13.06,42423000,TRY
2018-09-21,13.09,13.26,13.09,13.22,38210000,TRY
2018-09-24,13.27,13.51,13.23,13.5,58075000,TRY
2018-09-25,13.54,13.88,13.51,13.65,93482000,TRY
2018-09-26,13.7,13.74,13.39,13.54,45283000,TRY
2018-09-27,13.53,13.74,13.51,13.73,65517000,TRY
2018-09-28,13.73,13.77,13.58,13.63,40524000,TRY
2018-10-01,13.67,13.83,13.63,13.67,49746000,TRY
2018-10-02,13.66,13.71,13.45,13.59,48134000,TRY
2018-10-03,13.58,13.65,13.34,13.4,38701000,TRY
2018-10-04,13.41,13.43,12.71,12.71,44657000,TRY
2018-10-05,12.71,13.35,12.55,13.35,51783000,TRY
2018-10-08,13.35,13.46,13.11,13.27,34785000,TRY
2018-10-09,13.34,13.43,13.12,13.3,42727000,TRY
2018-10-10,13.34,13.48,12.89,12.9,48666000,TRY
2018-10-11,12.85,13.1,12.78,12.97,34946000,TRY
2018-10-12,13.1,13.51,12.81,13.51,54522000,TRY
2018-10-15,13.55,14.13,13.54,14.01,80283000,TRY
2018-10-16,13.99,14.09,13.7,13.72,57289000,TRY
2018-10-17,13.82,13.85,13.38,13.48,40055000,TRY
2018-10-18,13.5,13.72,13.44,13.54,33831000,TRY
2018-10-19,13.59,13.64,13.27,13.28,27276000,TRY
2018-10-22,13.34,13.37,12.83,12.85,24066000,TRY
2018-10-23,12.78,12.84,12.22,12.75,52161000,TRY
2018-10-24,12.81,12.83,12.4,12.43,26567000,TRY
2018-10-25,12.34,12.72,12.22,12.71,30033000,TRY
2018-10-26,12.71,12.73,12.26,12.26,30359000,TRY
2018-10-30,12.33,12.61,12.06,12.31,34664000,TRY
2018-10-31,12.51,12.74,12.31,12.48,56390000,TRY
2018-11-01,12.5,12.96,12.5,12.94,47825000,TRY
2018-11-02,13.0,13.51,12.91,13.43,63439000,TRY
2018-11-05,13.46,13.56,13.33,13.52,28597000,TRY
2018-11-06,13.54,13.73,13.15,13.33,38534000,TRY
2018-11-07,13.35,13.72,13.3,13.66,40686000,TRY
2018-11-08,13.68,13.7,13.28,13.53,33464000,TRY
2018-11-09,13.48,13.77,13.35,13.7,40294000,TRY
2018-11-12,13.69,13.72,13.47,13.51,26484000,TRY
2018-11-13,13.5,13.72,13.44,13.61,32944000,TRY
2018-11-14,13.59,13.73,13.57,13.64,31295000,TRY
2018-11-15,13.67,13.89,13.66,13.74,48968000,TRY
2018-11-16,13.81,13.93,13.41,13.45,40688000,TRY
2018-11-19,13.46,13.5,13.3,13.31,23491000,TRY
2018-11-20,13.31,13.4,12.84,12.85,25712000,TRY
2018-11-21,12.89,13.1,12.89,13.1,26454000,TRY
2018-11-22,13.12,13.17,12.9,12.94,13405000,TRY
2018-11-23,12.94,13.04,12.82,12.94,18274000,TRY
2018-11-26,13.0,13.14,12.96,13.03,20708000,TRY
2018-11-27,13.03,13.15,12.91,13.11,25817000,TRY
2018-11-28,13.14,13.55,13.13,13.42,36289000,TRY
2018-11-29,13.52,13.67,13.32,13.47,30694000,TRY
2018-11-30,13.49,13.49,13.11,13.19,26610000,TRY
2018-12-03,13.34,13.37,13.0,13.0,22239000,TRY
2018-12-04,12.99,13.12,12.81,12.9,17026000,TRY
2018-12-05,12.87,13.11,12.81,13.07,17380000,TRY
2018-12-06,13.04,13.07,12.89,13.05,16397000,TRY
2018-12-07,13.09,13.22,13.0,13.13,20851000,TRY
2018-12-10,13.04,13.07,12.83,12.85,19170000,TRY
2018-12-11,12.87,12.93,12.72,12.73,17851000,TRY
2018-12-12,12.78,12.83,12.25,12.25,27180000,TRY
2018-12-13,12.3,12.46,12.26,12.29,15810000,TRY
2018-12-14,12.26,12.28,11.78,11.81,25791000,TRY
2018-12-17,11.84,12.0,11.54,11.55,23543000,TRY
2018-12-18,11.52,11.66,11.43,11.6,23419000,TRY
2018-12-19,11.69,11.9,11.66,11.86,26686000,TRY
2018-12-20,11.76,11.8,11.62,11.64,19708000,TRY
2018-12-21,11.65,12.05,11.6,12.02,38281000,TRY
2018-12-24,12.05,12.26,11.98,12.08,26628000,TRY
2018-12-25,11.92,11.98,11.81,11.86,12690000,TRY
2018-12-26,11.9,12.01,11.86,11.89,11632000,TRY
2018-12-27,12.02,12.16,11.89,11.92,24303000,TRY
2018-12-28,11.99,12.01,11.77,11.82,11908000,TRY
2018-12-31,11.88,11.99,11.8,11.91,9219000,TRY
2019-01-02,11.92,11.92,11.62,11.62,14378000,TRY
2019-01-03,11.57,11.68,11.17,11.19,23557000,TRY
2019-01-04,11.29,11.38,11.2,11.35,19191000,TRY
2019-01-07,11.43,11.48,11.32,11.35,15544000,TRY
2019-01-08,11.37,11.39,11.2,11.34,15829000,TRY
2019-01-09,11.37,11.49,11.32,11.34,23816000,TRY
2019-01-10,11.35,11.71,11.34,11.66,35598000,TRY
2019-01-11,11.7,11.74,11.46,11.49,25150000,TRY
2019-01-14,11.37,11.61,11.3,11.44,21158000,TRY
2019-01-15,11.56,11.65,11.48,11.55,21554000,TRY
2019-01-16,11.57,11.75,11.54,11.73,32282000,TRY
2019-01-17,11.76,11.86,11.64,11.66,28504000,TRY
2019-01-18,11.71,11.98,11.7,11.95,37151000,TRY
2019-01-21,12.01,12.24,11.93,11.97,38133000,TRY
2019-01-22,11.98,12.15,11.94,12.03,26953000,TRY
2019-01-23,12.06,12.23,12.03,12.22,40486000,TRY
2019-01-24,12.31,12.52,12.29,12.41,51075000,TRY
2019-01-25,12.5,12.56,12.39,12.42,31322000,TRY
2019-01-28,12.43,12.56,12.39,12.39,31824000,TRY
2019-01-29,12.4,12.63,12.4,12.63,38699000,TRY
2019-01-30,12.69,13.09,12.55,13.04,84847000,TRY
2019-01-31,13.12,13.15,12.62,12.71,45638000,TRY
2019-02-01,12.7,12.71,12.25,12.29,31597000,TRY
2019-02-04,12.29,12.42,11.99,12.03,28689000,TRY
2019-02-05,12.09,12.14,11.75,11.83,30029000,TRY
2019-02-06,11.88,11.93,11.67,11.75,23080000,TRY
2019-02-07,11.79,11.87,11.68,11.77,20993000,TRY
2019-02-08,11.73,11.82,11.67,11.73,14384000,TRY
2019-02-11,11.81,12.12,11.8,12.1,31802000,TRY
2019-02-12,12.15,12.15,11.67,11.68,26870000,TRY
2019-02-13,11.73,11.8,11.5,11.54,24433000,TRY
2019-02-14,11.53,11.96,11.4,11.86,31549000,TRY
2019-02-15,11.85,12.14,11.84,12.04,30094000,TRY
2019-02-18,12.06,12.25,12.0,12.14,25506000,TRY
2019-02-19,12.13,12.22,11.9,12.02,25988000,TRY
2019-02-20,12.05,12.2,12.0,12.14,22091000,TRY
2019-02-21,12.15,12.5,12.12,12.42,32311000,TRY
2019-02-22,12.48,12.72,12.38,12.69,29756000,TRY
2019-02-25,12.76,12.91,12.37,12.41,38399000,TRY
2019-02-26,12.41,12.68,12.39,12.68,32746000,TRY
2019-02-27,12.46,12.49,12.12,12.15,46908000,TRY
2019-02-28,12.18,12.3,12.01,12.13,31846000,TRY
2019-03-01,12.15,12.17,11.79,11.79,22918000,TRY
2019-03-04,11.83,12.1,11.83,11.91,31580000,TRY
2019-03-05,11.88,12.03,11.82,12.0,26889000,TRY
2019-03-06,12.02,12.07,11.77,11.81,20259000,TRY
2019-03-07,11.84,11.87,11.33,11.37,34893000,TRY
2019-03-08,11.41,11.46,11.16,11.25,20097000,TRY
2019-03-11,11.3,11.38,10.95,11.0,18890000,TRY
2019-03-12,11.1,11.45,11.02,11.45,45364000,TRY
2019-03-13,11.47,11.49,11.12,11.2,21588000,TRY
2019-03-14,11.21,11.38,11.2,11.36,19364000,TRY
2019-03-15,11.42,11.55,11.36,11.46,30762000,TRY
2019-03-18,11.55,11.67,11.52,11.58,25071000,TRY
2019-03-19,11.6,11.71,11.55,11.61,29246000,TRY
2019-03-20,11.62,11.64,11.35,11.35,20496000,TRY
2019-03-21,11.42,11.48,11.17,11.3,20152000,TRY
2019-03-22,11.33,11.36,10.95,10.99,23708000,TRY
2019-03-25,11.03,11.12,10.74,11.08,20992000,TRY
2019-03-26,11.09,11.18,10.74,10.78,22228000,TRY
2019-03-27,10.86,10.88,9.86,9.94,43766000,TRY
2019-03-28,9.95,10.31,9.79,10.14,31946000,TRY
2019-03-29,10.18,10.52,10.11,10.52,15489000,TRY
2019-04-01,10.53,10.62,10.12,10.47,20078000,TRY
2019-04-02,10.38,10.46,10.24,10.25,20913000,TRY
2019-04-03,10.32,10.45,10.28,10.31,14974000,TRY
2019-04-04,10.3,10.64,10.28,10.64,19856000,TRY
2019-04-05,10.67,10.84,10.41,10.79,24687000,TRY
2019-04-08,10.8,10.92,10.46,10.51,17370000,TRY
2019-04-09,10.68,10.71,10.53,10.63,12994000,TRY
2019-04-10,10.66,10.68,10.44,10.48,13526000,TRY
2019-04-11,10.48,10.61,10.37,10.46,18482000,TRY
2019-04-12,10.43,10.44,10.25,10.39,11333000,TRY
2019-04-15,10.34,10.52,10.32,10.37,10467000,TRY
2019-04-16,10.44,10.57,10.39,10.49,16208000,TRY
2019-04-17,10.58,10.65,10.53,10.58,14208000,TRY
2019-04-18,10.55,10.59,10.44,10.47,9491000,TRY
2019-04-19,10.51,10.52,10.45,10.48,3064000,TRY
2019-04-22,10.44,10.49,10.39,10.39,4312000,TRY
2019-04-24,10.39,10.6,10.38,10.58,15419000,TRY
2019-04-25,10.6,10.62,10.32,10.37,12578000,TRY
2019-04-26,10.44,10.57,10.35,10.53,13400000,TRY
2019-04-29,10.53,10.55,10.21,10.26,17548000,TRY
2019-04-30,10.31,10.32,10.11,10.11,16531000,TRY
2019-05-02,10.33,10.38,9.92,9.95,19030000,TRY
2019-05-03,9.95,10.13,9.89,10.04,13333000,TRY
2019-05-06,9.89,9.98,9.71,9.91,15533000,TRY
2019-05-07,9.69,10.1,9.65,10.03,17844000,TRY
2019-05-08,10.01,10.01,9.61,9.64,27997000,TRY
2019-05-09,9.64,9.72,9.29,9.3,28202000,TRY
2019-05-10,9.4,9.45,9.1,9.15,21905000,TRY
2019-05-13,9.16,9.18,8.73,8.75,28637000,TRY
2019-05-14,8.78,9.02,8.68,8.99,25324000,TRY
2019-05-15,9.0,9.01,8.68,8.78,18119000,TRY
2019-05-16,8.8,8.94,8.71,8.75,17621000,TRY
2019-05-17,8.73,9.39,8.64,9.33,50604000,TRY
2019-05-20,9.33,9.47,8.77,8.8,45103000,TRY
2019-05-21,8.82,8.98,8.65,8.71,28672000,TRY
2019-05-22,8.69,8.7,8.19,8.2,34596000,TRY
2019-05-23,8.17,8.36,8.14,8.28,33918000,TRY
2019-05-24,8.32,8.58,8.3,8.5,29998000,TRY
2019-05-27,8.53,8.62,8.38,8.41,15510000,TRY
2019-05-28,8.47,8.64,8.46,8.59,32500000,TRY
2019-05-29,8.59,8.72,8.53,8.59,23772000,TRY
2019-05-30,8.68,8.96,8.68,8.92,29498000,TRY
2019-05-31,9.0,9.05,8.8,9.04,17424000,TRY
2019-06-03,9.04,9.08,8.94,8.97,5323000,TRY
2019-06-07,9.0,9.27,8.99,9.25,17911000,TRY
2019-06-10,9.22,9.45,9.12,9.42,23585000,TRY
2019-06-11,9.44,9.45,9.05,9.12,23266000,TRY
2019-06-12,9.12,9.27,9.1,9.2,17955000,TRY
2019-06-13,9.07,9.09,8.83,8.85,14150000,TRY
2019-06-14,8.91,8.96,8.65,8.72,20696000,TRY
2019-06-17,8.72,9.02,8.69,8.94,30958000,TRY
2019-06-18,8.92,9.15,8.86,9.09,23552000,TRY
2019-06-19,9.05,9.12,8.81,8.88,26988000,TRY
2019-06-20,8.95,9.13,8.88,8.91,28588000,TRY
2019-06-21,8.97,9.12,8.8,8.9,28063000,TRY
2019-06-24,9.08,9.1,8.89,8.96,21411000,TRY
2019-06-25,8.95,9.03,8.9,8.93,19425000,TRY
2019-06-26,8.94,8.99,8.78,8.8,13564000,TRY
2019-06-27,8.82,8.98,8.82,8.93,15249000,TRY
2019-06-28,8.95,8.97,8.86,8.93,12972000,TRY
2019-07-01,9.48,9.58,9.33,9.35,38601000,TRY
2019-07-02,9.35,9.4,9.16,9.34,23716000,TRY
2019-07-03,9.39,9.39,9.1,9.13,16747000,TRY
2019-07-04,9.17,9.2,8.97,9.05,19529000,TRY
2019-07-05,9.05,9.11,8.96,8.96,19468000,TRY
2019-07-08,8.9,8.95,8.82,8.88,13857000,TRY
2019-07-09,8.89,8.9,8.4,8.48,19155000,TRY
2019-07-10,8.48,8.55,8.31,8.5,20152000,TRY
2019-07-11,8.56,8.63,8.5,8.58,17184000,TRY
2019-07-12,8.6,8.6,8.22,8.27,16841000,TRY
2019-07-16,8.33,8.45,8.27,8.45,13228000,TRY
2019-07-17,8.5,8.95,8.49,8.92,36985000,TRY
2019-07-18,8.85,9.14,8.7,9.06,47772000,TRY
2019-07-19,9.26,9.31,8.98,9.02,30658000,TRY
2019-07-22,9.02,9.13,8.93,8.94,18232000,TRY
2019-07-23,8.95,9.11,8.93,9.08,26370000,TRY
2019-07-24,9.09,9.23,8.97,9.17,25917000,TRY
2019-07-25,9.2,9.25,8.97,9.02,20890000,TRY
2019-07-26,9.05,9.41,9.03,9.35,54922000,TRY
2019-07-29,9.41,9.83,9.37,9.82,57096000,TRY
2019-07-30,9.85,9.87,9.5,9.58,42286000,TRY
2019-07-31,9.62,9.66,9.39,9.4,26563000,TRY
2019-08-01,9.33,9.78,9.3,9.71,45361000,TRY
2019-08-02,9.71,9.84,9.37,9.38,34094000,TRY
2019-08-05,9.38,9.52,9.13,9.22,29165000,TRY
2019-08-06,9.26,9.38,9.13,9.22,25790000,TRY
2019-08-07,9.17,9.17,8.57,8.65,57806000,TRY
2019-08-08,8.75,8.79,8.5,8.54,31693000,TRY
2019-08-09,8.55,8.64,8.48,8.53,28351000,TRY
2019-08-15,8.51,8.61,8.4,8.47,24107000,TRY
2019-08-16,8.52,8.56,8.37,8.38,15815000,TRY
2019-08-19,8.46,8.6,8.39,8.47,21632000,TRY
2019-08-20,8.49,8.77,8.49,8.73,31854000,TRY
2019-08-21,8.86,9.5,8.86,8.94,92427000,TRY
2019-08-22,8.95,9.11,8.61,8.69,44390000,TRY
2019-08-23,8.71,8.82,8.66,8.76,27709000,TRY
2019-08-26,8.63,8.95,8.63,8.88,25987000,TRY
2019-08-27,8.92,9.1,8.76,8.98,53152000,TRY
2019-08-28,9.05,9.06,8.76,8.83,34019000,TRY
2019-08-29,8.84,9.1,8.84,9.05,43727000,TRY
2019-09-02,9.06,9.38,9.06,9.34,48583000,TRY
2019-09-03,9.32,9.44,9.18,9.28,63284000,TRY
2019-09-04,9.34,9.52,9.3,9.52,56253000,TRY
2019-09-05,9.58,9.6,9.45,9.49,41521000,TRY
2019-09-06,9.49,9.59,9.43,9.52,49076000,TRY
2019-09-09,9.59,9.73,9.58,9.58,53762000,TRY
2019-09-10,9.59,9.97,9.59,9.89,87869000,TRY
2019-09-11,9.92,10.18,9.85,10.05,51594000,TRY
2019-09-12,10.09,10.14,9.77,9.84,39551000,TRY
2019-09-13,9.88,9.99,9.85,9.91,33573000,TRY
2019-09-16,9.84,10.07,9.84,9.97,36023000,TRY
2019-09-17,10.02,10.08,9.65,9.7,54887000,TRY
2019-09-18,9.73,9.75,9.54,9.61,29388000,TRY
2019-09-19,9.62,9.71,9.37,9.37,30946000,TRY
2019-09-20,9.42,9.46,9.23,9.32,27697000,TRY
2019-09-23,9.36,9.4,9.17,9.22,25853000,TRY
2019-09-24,9.56,9.59,9.31,9.4,44664000,TRY
2019-09-25,9.34,9.4,9.27,9.4,26882000,TRY
2019-09-26,9.42,9.45,9.26,9.28,22992000,TRY
2019-09-27,9.31,9.76,9.3,9.74,61886000,TRY
2019-09-30,9.82,10.1,9.8,10.0,48752000,TRY
2019-10-01,10.01,10.02,9.59,9.67,48159000,TRY
2019-10-02,9.7,9.72,9.59,9.6,27662000,TRY
2019-10-03,9.64,9.7,9.38,9.44,36366000,TRY
2019-10-04,9.5,9.53,9.43,9.5,26252000,TRY
2019-10-07,9.5,9.65,9.43,9.46,40295000,TRY
2019-10-08,9.37,9.43,9.16,9.31,39804000,TRY
2019-10-09,9.31,9.38,9.09,9.09,24775000,TRY
2019-10-10,9.09,9.14,8.75,8.94,37670000,TRY
2019-10-11,9.0,9.21,8.99,9.06,24911000,TRY
2019-10-14,9.01,9.01,8.3,8.47,43689000,TRY
2019-10-15,8.65,8.7,8.54,8.57,34704000,TRY
2019-10-16,8.49,8.49,8.33,8.39,32821000,TRY
2019-10-17,8.39,8.51,8.35,8.41,41005000,TRY
2019-10-18,8.9,8.94,8.79,8.89,54652000,TRY
2019-10-21,8.89,8.89,8.73,8.75,27693000,TRY
2019-10-22,8.77,8.85,8.75,8.79,29254000,TRY
2019-10-23,8.88,9.05,8.81,9.03,58632000,TRY
2019-10-24,9.13,9.21,8.98,9.03,42210000,TRY
2019-10-25,9.04,9.3,9.0,9.29,54687000,TRY
2019-10-28,9.31,9.35,9.24,9.28,12186000,TRY
2019-10-30,9.12,9.22,8.97,9.1,31671000,TRY
2019-10-31,9.15,9.21,9.06,9.12,19884000,TRY
2019-11-01,9.15,9.16,9.03,9.14,16417000,TRY
2019-11-04,9.21,9.43,9.18,9.38,37825000,TRY
2019-11-05,9.39,9.43,9.31,9.39,22756000,TRY
2019-11-06,9.38,9.38,9.17,9.25,46512000,TRY
2019-11-07,9.32,9.49,9.29,9.42,52492000,TRY
2019-11-08,9.43,9.6,9.38,9.4,56534000,TRY
2019-11-11,9.35,9.38,9.22,9.34,42879000,TRY
2019-11-12,9.36,9.55,9.36,9.48,48755000,TRY
2019-11-13,9.48,9.63,9.43,9.59,61041000,TRY
2019-11-14,9.45,9.63,9.4,9.43,50503000,TRY
2019-11-15,9.53,9.58,9.5,9.51,32081000,TRY
2019-11-18,9.55,9.65,9.54,9.59,41651000,TRY
2019-11-19,9.62,9.76,9.57,9.66,56990000,TRY
2019-11-20,9.66,9.84,9.61,9.65,54049000,TRY
2019-11-21,9.66,9.74,9.59,9.6,33618000,TRY
2019-11-22,9.63,9.67,9.53,9.58,32345000,TRY
2019-11-25,9.64,9.67,9.31,9.31,44989000,TRY
2019-11-26,9.34,9.41,9.23,9.37,49223000,TRY
2019-11-27,9.36,9.4,9.26,9.27,29098000,TRY
2019-11-28,9.29,9.39,9.27,9.36,46128000,TRY
2019-11-29,9.36,9.39,9.28,9.28,25668000,TRY
2019-12-02,9.34,9.38,9.32,9.34,35703000,TRY
2019-12-03,9.32,9.63,9.28,9.35,93554000,TRY
2019-12-04,9.42,9.5,9.35,9.42,39883000,TRY
2019-12-05,9.47,9.83,9.47,9.79,107366000,TRY
2019-12-06,9.84,9.85,9.62,9.62,73500000,TRY
2019-12-09,9.64,9.8,9.59,9.72,50971000,TRY
2019-12-10,9.71,9.82,9.6,9.62,40166000,TRY
2019-12-11,9.63,9.64,9.5,9.51,30305000,TRY
2019-12-12,9.56,9.76,9.56,9.71,69977000,TRY
2019-12-13,9.79,9.89,9.66,9.72,63730000,TRY
2019-12-16,9.74,9.77,9.62,9.71,48990000,TRY
2019-12-17,9.77,9.8,9.65,9.67,40390000,TRY
2019-12-18,9.61,9.66,9.54,9.58,32077000,TRY
2019-12-19,9.61,9.64,9.56,9.57,30550000,TRY
2019-12-20,9.6,9.63,9.54,9.56,26390000,TRY
2019-12-23,9.57,9.63,9.53,9.6,24627000,TRY
2019-12-24,9.67,9.81,9.66,9.78,49419000,TRY
2019-12-25,9.79,9.83,9.76,9.82,31722000,TRY
2019-12-26,9.84,9.95,9.77,9.81,51693000,TRY
2019-12-27,9.83,9.85,9.75,9.81,25608000,TRY
2019-12-30,9.84,10.21,9.83,10.21,93041000,TRY
2019-12-31,10.24,10.58,10.22,10.44,72894000,TRY
