Date,Open,High,Low,Close,Volume,Currency
2010-12-03,1.82,2.06,1.82,1.96,379776512,TRY
2010-12-06,1.98,2.06,1.98,2.01,160204400,TRY
2010-12-07,2.02,2.04,1.95,1.96,93577104,TRY
2010-12-08,1.95,1.98,1.93,1.94,75138800,TRY
2010-12-09,1.97,1.98,1.87,1.9,51783000,TRY
2010-12-10,1.9,1.96,1.87,1.91,94919000,TRY
2010-12-13,1.92,1.95,1.9,1.92,70612496,TRY
2010-12-14,1.93,1.94,1.9,1.91,46509900,TRY
2010-12-15,1.9,1.91,1.85,1.86,51657600,TRY
2010-12-16,1.85,1.86,1.82,1.85,38843800,TRY
2010-12-17,1.85,1.88,1.81,1.83,52115300,TRY
2010-12-20,1.83,1.84,1.8,1.83,25842400,TRY
2010-12-21,1.83,1.85,1.83,1.85,23733000,TRY
2010-12-22,1.85,1.88,1.84,1.88,33570500,TRY
2010-12-23,1.88,1.94,1.87,1.94,67505600,TRY
2010-12-24,1.94,1.94,1.9,1.91,18730600,TRY
2010-12-27,1.91,1.92,1.86,1.88,24742300,TRY
2010-12-28,1.88,1.89,1.85,1.87,24994400,TRY
2010-12-29,1.88,1.9,1.86,1.89,26410600,TRY
2010-12-30,1.9,1.92,1.88,1.92,25055700,TRY
2010-12-31,1.92,1.93,1.87,1.89,13468600,TRY
2011-01-03,1.9,2.0,1.88,2.0,76837800,TRY
2011-01-04,2.0,2.02,1.98,2.01,47346800,TRY
2011-01-05,2.0,2.19,1.97,2.16,186308304,TRY
2011-01-06,2.17,2.21,2.13,2.14,76831296,TRY
2011-01-07,2.14,2.2,2.12,2.2,60379000,TRY
2011-01-10,2.19,2.27,2.18,2.25,103913296,TRY
2011-01-11,2.26,2.28,2.15,2.18,68810600,TRY
2011-01-12,2.19,2.33,2.13,2.31,85756800,TRY
2011-01-13,2.32,2.35,2.26,2.29,89705504,TRY
2011-01-14,2.29,2.32,2.26,2.3,44839400,TRY
2011-01-17,2.29,2.37,2.27,2.35,65250200,TRY
2011-01-18,2.36,2.42,2.34,2.42,78822400,TRY
2011-01-19,2.42,2.45,2.34,2.36,59042300,TRY
2011-01-20,2.35,2.36,2.3,2.35,49814000,TRY
2011-01-21,2.35,2.44,2.32,2.44,50595300,TRY
2011-01-24,2.44,2.55,2.42,2.54,76524704,TRY
2011-03-08,2.53,2.59,2.52,2.59,72699904,TRY
2011-03-09,2.6,2.6,2.52,2.53,87747904,TRY
2011-03-21,2.53,2.57,2.51,2.56,69839200,TRY
2011-08-05,2.19,2.22,2.1,2.14,47894900,TRY
2011-08-24,2.03,2.06,1.99,2.05,35430400,TRY
2011-08-25,2.06,2.22,2.04,2.18,74128600,TRY
2011-08-26,2.19,2.21,2.14,2.17,19117200,TRY
2011-08-29,2.2,2.2,2.16,2.19,5486600,TRY
2011-09-02,2.21,2.26,2.21,2.23,19531100,TRY
2011-09-05,2.18,2.19,2.12,2.15,21113000,TRY
2011-09-06,2.14,2.21,2.14,2.19,24725700,TRY
2011-09-07,2.22,2.24,2.19,2.21,16968400,TRY
2011-09-08,2.19,2.28,2.19,2.27,36271800,TRY
2011-09-09,2.27,2.31,2.19,2.21,31539100,TRY
2011-09-12,2.18,2.25,2.16,2.24,33995900,TRY
2011-09-13,2.27,2.29,2.19,2.27,48406200,TRY
2011-09-14,2.25,2.28,2.21,2.23,28364100,TRY
2011-09-15,2.23,2.28,2.23,2.26,21118400,TRY
2011-09-16,2.26,2.31,2.24,2.27,31851600,TRY
2011-09-19,2.25,2.31,2.24,2.27,27687800,TRY
2011-09-20,2.27,2.52,2.27,2.42,62619500,TRY
2011-09-21,2.42,2.43,2.36,2.39,24715400,TRY
2011-09-22,2.34,2.35,2.23,2.25,29777400,TRY
2011-09-23,2.26,2.27,2.16,2.2,30602300,TRY
2011-09-26,2.17,2.25,2.16,2.21,31205500,TRY
2011-09-27,2.25,2.3,2.22,2.26,33724100,TRY
2011-09-28,2.25,2.32,2.25,2.28,43419800,TRY
2011-09-29,2.28,2.35,2.28,2.34,36715100,TRY
2011-09-30,2.35,2.37,2.28,2.35,39724600,TRY
2011-10-03,2.31,2.38,2.31,2.35,20550000,TRY
2011-10-04,2.34,2.36,2.25,2.26,23798600,TRY
2011-10-05,2.29,2.34,2.27,2.28,19245000,TRY
2011-10-06,2.3,2.32,2.25,2.27,19739200,TRY
2011-10-07,2.29,2.37,2.28,2.37,30301600,TRY
2011-12-12,2.04,2.05,1.95,1.95,30508500,TRY
2011-12-13,1.96,1.99,1.94,1.97,38472200,TRY
2011-12-14,1.95,1.97,1.88,1.91,37003800,TRY
2011-12-15,1.91,1.94,1.89,1.91,39861200,TRY
2011-12-16,1.94,1.95,1.91,1.91,26431300,TRY
2011-12-19,1.9,1.93,1.86,1.87,14678700,TRY
2011-12-20,1.88,2.02,1.86,2.02,48006300,TRY
2011-12-21,2.03,2.03,1.94,1.95,39610700,TRY
2011-12-22,1.96,1.99,1.93,1.96,34914200,TRY
2011-12-23,1.98,1.98,1.94,1.96,17753500,TRY
2011-12-26,1.97,2.0,1.96,2.0,14968900,TRY
2011-12-27,1.99,2.01,1.96,1.99,29577600,TRY
2011-12-28,1.97,1.99,1.92,1.92,19619500,TRY
2011-12-29,1.92,1.94,1.9,1.94,20443000,TRY
2011-12-30,1.94,1.95,1.9,1.91,13018900,TRY
2012-01-02,1.91,1.93,1.89,1.9,16043600,TRY
2012-01-03,1.92,1.97,1.91,1.97,35464200,TRY
2012-01-04,1.96,1.97,1.9,1.92,31230100,TRY
2012-01-05,1.92,1.93,1.88,1.9,21445500,TRY
2012-01-06,1.9,1.92,1.83,1.84,26641900,TRY
2012-01-09,1.86,1.87,1.81,1.84,25673700,TRY
2012-01-10,1.86,1.9,1.85,1.89,30862300,TRY
2012-01-11,1.88,1.93,1.88,1.92,35019900,TRY
2012-01-12,1.93,1.97,1.92,1.93,37232300,TRY
2012-01-13,1.96,1.99,1.9,1.93,43754100,TRY
2012-01-16,1.94,2.0,1.93,2.0,36527200,TRY
2012-01-17,2.02,2.03,1.97,1.99,33284400,TRY
2012-01-18,1.99,2.02,1.97,2.02,33275000,TRY
2012-01-19,2.02,2.04,2.01,2.02,39870500,TRY
2012-01-20,2.03,2.03,1.98,1.99,29690500,TRY
2012-01-23,1.99,2.06,1.96,2.06,41602200,TRY
2012-01-24,2.05,2.07,2.01,2.04,53820500,TRY
2012-01-25,2.05,2.06,2.01,2.03,26988300,TRY
2012-01-26,2.05,2.13,2.05,2.1,83569904,TRY
2012-01-27,2.09,2.11,2.08,2.1,48200700,TRY
2012-01-30,2.08,2.11,2.07,2.11,31063400,TRY
2012-01-31,2.12,2.13,2.06,2.08,33346100,TRY
2012-02-01,2.07,2.2,2.07,2.2,88829504,TRY
2012-02-02,2.19,2.24,2.17,2.23,69256800,TRY
2012-02-03,2.23,2.28,2.2,2.21,81605296,TRY
2012-02-06,2.2,2.27,2.2,2.26,42165200,TRY
2012-02-07,2.27,2.3,2.23,2.24,57954600,TRY
2012-02-08,2.27,2.28,2.24,2.27,30045700,TRY
2012-02-09,2.27,2.3,2.19,2.2,63786500,TRY
2012-02-10,2.19,2.19,2.13,2.15,46898400,TRY
2012-02-13,2.17,2.23,2.17,2.22,60739000,TRY
2012-02-14,2.21,2.25,2.17,2.18,54050700,TRY
2012-02-15,2.2,2.22,2.16,2.18,34349100,TRY
2012-02-16,2.16,2.19,2.15,2.19,31590600,TRY
2012-02-17,2.21,2.24,2.21,2.23,35784000,TRY
2012-02-20,2.25,2.3,2.25,2.28,41857300,TRY
2012-02-21,2.27,2.3,2.24,2.29,41204700,TRY
2012-02-22,2.3,2.35,2.29,2.32,66681700,TRY
2012-02-23,2.32,2.32,2.25,2.27,47757600,TRY
2012-02-24,2.27,2.3,2.25,2.3,40252000,TRY
2012-02-27,2.29,2.31,2.21,2.23,47117500,TRY
2012-02-28,2.25,2.27,2.23,2.26,35997300,TRY
2012-02-29,2.27,2.28,2.23,2.27,29755100,TRY
2012-03-01,2.25,2.3,2.24,2.28,45615000,TRY
2012-03-02,2.29,2.32,2.28,2.3,40165700,TRY
2012-03-05,2.28,2.29,2.23,2.23,36823600,TRY
2012-03-06,2.23,2.25,2.18,2.19,39563600,TRY
2012-03-07,2.19,2.22,2.19,2.21,28539600,TRY
2012-03-08,2.23,2.25,2.19,2.19,38690600,TRY
2012-03-09,2.2,2.21,2.18,2.19,20996900,TRY
2012-03-12,2.18,2.2,2.17,2.19,20163200,TRY
2012-03-13,2.23,2.24,2.19,2.19,35661100,TRY
2012-03-14,2.21,2.27,2.21,2.23,51748700,TRY
2012-03-15,2.24,2.26,2.23,2.24,40879300,TRY
2012-03-16,2.24,2.28,2.24,2.27,48145600,TRY
2012-03-19,2.28,2.31,2.28,2.28,52515100,TRY
2012-03-20,2.28,2.29,2.25,2.27,49686300,TRY
2012-03-21,2.28,2.31,2.27,2.28,55351900,TRY
2012-03-22,2.29,2.3,2.26,2.26,34495100,TRY
2012-03-23,2.28,2.28,2.23,2.25,17149200,TRY
2012-03-26,2.25,2.31,2.23,2.31,26911800,TRY
2012-03-27,2.263,2.282,2.234,2.244,53031272,TRY
2012-03-28,2.234,2.263,2.224,2.224,25073804,TRY
2012-03-29,2.224,2.244,2.215,2.215,24432906,TRY
2012-03-30,2.234,2.244,2.215,2.215,35060096,TRY
2012-04-02,2.234,2.253,2.215,2.253,38891960,TRY
2012-04-03,2.263,2.349,2.253,2.32,104103168,TRY
2012-04-04,2.301,2.349,2.291,2.339,60233128,TRY
2012-04-05,2.349,2.358,2.291,2.291,58450620,TRY
2012-04-06,2.301,2.31,2.234,2.244,33705464,TRY
2012-04-09,2.234,2.263,2.224,2.253,20988316,TRY
2012-04-10,2.263,2.282,2.186,2.186,49266416,TRY
2012-04-11,2.177,2.234,2.167,2.234,34322752,TRY
2012-04-12,2.263,2.282,2.215,2.263,34672768,TRY
2012-04-13,2.263,2.282,2.244,2.244,37774320,TRY
2012-04-16,2.224,2.263,2.215,2.244,24242010,TRY
2012-04-17,2.234,2.291,2.234,2.263,20858388,TRY
2012-04-18,2.272,2.291,2.244,2.253,26102592,TRY
2012-04-19,2.272,2.282,2.224,2.234,31989410,TRY
2012-04-20,2.253,2.272,2.244,2.253,17784816,TRY
2012-04-24,2.215,2.244,2.186,2.215,13347692,TRY
2012-04-25,2.224,2.253,2.205,2.224,14258140,TRY
2012-04-26,2.234,2.31,2.224,2.301,50817560,TRY
2012-04-27,2.291,2.31,2.224,2.244,49171996,TRY
2012-04-30,2.28,2.28,2.231,2.251,19397554,TRY
2012-05-02,2.241,2.26,2.212,2.212,16187532,TRY
2012-05-03,2.212,2.251,2.212,2.231,13390993,TRY
2012-05-04,2.231,2.27,2.231,2.241,18285998,TRY
2012-05-07,2.202,2.251,2.202,2.241,10086773,TRY
2012-05-08,2.241,2.28,2.231,2.251,29651672,TRY
2012-05-09,2.26,2.27,2.202,2.212,19006996,TRY
2012-05-10,2.231,2.28,2.231,2.28,15773347,TRY
2012-05-11,2.26,2.29,2.251,2.28,22910526,TRY
2012-05-14,2.27,2.28,2.241,2.27,24858304,TRY
2012-05-15,2.28,2.28,2.202,2.221,20360584,TRY
2012-05-16,2.192,2.251,2.173,2.241,20639114,TRY
2012-05-17,2.241,2.26,2.202,2.221,24488670,TRY
2012-05-18,2.202,2.212,2.173,2.192,16364898,TRY
2012-05-21,2.202,2.221,2.183,2.192,16484405,TRY
2012-05-22,2.212,2.221,2.183,2.212,16979158,TRY
2012-05-23,2.192,2.202,2.163,2.173,13606839,TRY
2012-05-24,2.173,2.192,2.027,2.046,45171884,TRY
2012-05-25,2.027,2.066,1.968,2.027,34855984,TRY
2012-05-28,2.046,2.056,1.968,1.988,17913906,TRY
2012-05-29,2.007,2.027,1.997,2.017,17121184,TRY
2012-05-30,2.017,2.017,1.968,2.007,21054700,TRY
2012-05-31,2.007,2.046,1.997,1.997,13372883,TRY
2012-06-01,1.997,2.036,1.978,2.017,21208760,TRY
2012-06-04,1.997,2.085,1.997,2.066,26612868,TRY
2012-06-05,2.075,2.105,2.066,2.085,16860276,TRY
2012-06-06,2.105,2.134,2.095,2.124,9484686,TRY
2012-06-07,2.144,2.153,2.124,2.144,9326899,TRY
2012-06-08,2.124,2.173,2.085,2.163,15007094,TRY
2012-06-11,2.192,2.202,2.114,2.124,20039956,TRY
2012-06-12,2.124,2.144,2.046,2.085,44502360,TRY
2012-06-13,2.095,2.105,2.066,2.075,21338870,TRY
2012-06-14,2.075,2.085,2.066,2.085,11120348,TRY
2012-06-15,2.095,2.095,2.075,2.075,8229158,TRY
2012-06-18,2.095,2.105,2.056,2.075,8025205,TRY
2012-06-19,2.075,2.105,2.066,2.105,18078686,TRY
2012-06-20,2.134,2.134,2.105,2.105,19931940,TRY
2012-06-21,2.095,2.153,2.085,2.134,43395484,TRY
2012-06-22,2.114,2.144,2.105,2.134,19727150,TRY
2012-06-25,2.105,2.124,2.085,2.105,14049186,TRY
2012-06-26,2.114,2.134,2.105,2.134,15489024,TRY
2012-06-27,2.134,2.163,2.114,2.153,36287732,TRY
2012-06-28,2.163,2.173,2.114,2.124,29160442,TRY
2012-06-29,2.144,2.173,2.134,2.163,25778628,TRY
2012-07-02,2.163,2.192,2.153,2.173,34227336,TRY
2012-07-03,2.183,2.202,2.134,2.163,27852516,TRY
2012-07-04,2.163,2.173,2.144,2.153,12872898,TRY
2012-07-05,2.153,2.173,2.124,2.144,17310298,TRY
2012-07-06,2.153,2.153,2.124,2.144,12335455,TRY
2012-07-09,2.144,2.153,2.124,2.134,13702976,TRY
2012-07-10,2.124,2.183,2.124,2.153,19719796,TRY
2012-07-11,2.163,2.241,2.163,2.231,48005968,TRY
2012-07-12,2.231,2.231,2.183,2.183,25192090,TRY
2012-07-13,2.192,2.221,2.192,2.202,11421828,TRY
2012-07-16,2.212,2.221,2.183,2.192,8901758,TRY
2012-07-17,2.202,2.212,2.163,2.173,14524557,TRY
2012-07-18,2.173,2.192,2.163,2.183,10707116,TRY
2012-07-19,2.192,2.231,2.183,2.212,16439455,TRY
2012-07-20,2.221,2.231,2.163,2.192,20667290,TRY
2012-07-23,2.173,2.183,2.114,2.153,11718064,TRY
2012-07-24,2.153,2.183,2.144,2.163,12404323,TRY
2012-07-25,2.163,2.183,2.153,2.173,8695865,TRY
2012-07-26,2.173,2.251,2.173,2.231,21688108,TRY
2012-07-27,2.241,2.27,2.221,2.251,33683516,TRY
2012-07-30,2.26,2.329,2.251,2.3,41098392,TRY
2012-07-31,2.309,2.387,2.3,2.329,42297900,TRY
2012-08-01,2.338,2.358,2.319,2.319,11076093,TRY
2012-08-02,2.329,2.329,2.251,2.29,21245026,TRY
2012-08-03,2.3,2.348,2.29,2.329,39829400,TRY
2012-08-06,2.329,2.387,2.329,2.358,48351920,TRY
2012-08-07,2.358,2.416,2.358,2.368,37234224,TRY
2012-08-08,2.368,2.465,2.358,2.446,60342808,TRY
2012-08-09,2.465,2.475,2.387,2.407,30121584,TRY
2012-08-10,2.407,2.426,2.397,2.426,11491484,TRY
2012-08-13,2.426,2.446,2.407,2.407,19827576,TRY
2012-08-14,2.416,2.426,2.397,2.407,18694472,TRY
2012-08-15,2.426,2.455,2.407,2.436,18836848,TRY
2012-08-16,2.446,2.494,2.436,2.485,21736868,TRY
2012-08-17,2.504,2.572,2.504,2.514,43314676,TRY
2012-08-22,2.524,2.533,2.475,2.475,19685904,TRY
2012-08-23,2.485,2.504,2.465,2.475,14956980,TRY
2012-08-24,2.465,2.524,2.465,2.485,24843728,TRY
2012-08-27,2.494,2.543,2.485,2.543,20404614,TRY
2012-08-28,2.553,2.572,2.514,2.533,25070228,TRY
2012-08-29,2.543,2.563,2.533,2.533,11046468,TRY
2012-08-31,2.524,2.602,2.524,2.592,24221998,TRY
2012-09-03,2.592,2.64,2.582,2.611,17148692,TRY
2012-09-04,2.621,2.621,2.553,2.563,25521316,TRY
2012-09-05,2.563,2.611,2.543,2.602,22544564,TRY
2012-09-06,2.631,2.67,2.611,2.64,29564480,TRY
2012-09-07,2.64,2.64,2.592,2.602,15101581,TRY
2012-09-10,2.611,2.64,2.602,2.602,11508787,TRY
2012-09-11,2.592,2.66,2.582,2.64,30762858,TRY
2012-09-12,2.631,2.631,2.553,2.572,40255024,TRY
2012-09-13,2.582,2.582,2.514,2.524,9362609,TRY
2012-09-14,2.553,2.563,2.514,2.533,12928627,TRY
2012-09-17,2.533,2.592,2.533,2.582,17597648,TRY
2012-09-18,2.582,2.611,2.572,2.582,18789678,TRY
2012-09-19,2.592,2.592,2.494,2.514,19828032,TRY
2012-09-20,2.494,2.553,2.494,2.553,12989514,TRY
2012-09-21,2.563,2.602,2.553,2.602,13216812,TRY
2012-09-24,2.602,2.602,2.504,2.524,14244702,TRY
2012-09-25,2.533,2.563,2.494,2.514,29420708,TRY
2012-09-26,2.504,2.514,2.446,2.446,15310545,TRY
2012-09-27,2.455,2.465,2.407,2.455,12325127,TRY
2012-09-28,2.455,2.475,2.407,2.446,11329723,TRY
2012-10-01,2.436,2.446,2.387,2.407,13988360,TRY
2012-10-02,2.407,2.455,2.407,2.426,18155152,TRY
2013-01-22,3.079,3.108,3.021,3.04,20917574,TRY
2013-01-23,3.05,3.167,3.05,3.157,27609736,TRY
2013-01-24,3.196,3.361,3.176,3.332,46477232,TRY
2013-01-25,3.332,3.381,3.274,3.284,17440452,TRY
2013-01-28,3.303,3.303,3.089,3.128,9614566,TRY
2013-01-29,3.176,3.215,3.089,3.186,12540756,TRY
2013-01-30,3.196,3.206,3.05,3.079,12491973,TRY
2013-01-31,3.099,3.128,3.001,3.03,10024239,TRY
2013-02-01,3.04,3.118,3.011,3.118,9545583,TRY
2013-02-04,3.118,3.167,3.089,3.118,10140490,TRY
2013-02-05,3.157,3.225,3.118,3.137,22920052,TRY
2013-02-06,3.147,3.186,3.128,3.128,11788072,TRY
2013-02-07,3.137,3.147,2.952,2.952,16919788,TRY
2013-02-08,2.874,2.923,2.689,2.709,111683288,TRY
2013-02-11,2.699,2.719,2.621,2.64,50954608,TRY
2013-02-12,2.679,2.709,2.65,2.699,20903416,TRY
2013-02-13,2.728,2.767,2.728,2.728,22072358,TRY
2013-02-14,2.728,2.738,2.679,2.738,10033692,TRY
2013-02-15,2.738,2.757,2.67,2.699,15946603,TRY
2013-02-18,2.709,2.777,2.699,2.767,21695224,TRY
2013-02-19,2.777,2.806,2.748,2.787,15695131,TRY
2013-02-20,2.796,2.855,2.787,2.855,22588348,TRY
2013-02-21,2.826,2.855,2.767,2.767,16912144,TRY
2013-02-22,2.787,2.796,2.719,2.738,9007035,TRY
2013-02-25,2.748,2.787,2.738,2.748,3648900,TRY
2013-02-26,2.728,2.806,2.709,2.777,13747699,TRY
2013-02-27,2.787,2.816,2.757,2.796,11259489,TRY
2013-02-28,2.816,2.845,2.806,2.845,12199904,TRY
2013-03-01,2.835,2.855,2.796,2.835,9133155,TRY
2013-03-04,2.835,2.845,2.816,2.826,9688010,TRY
2013-03-05,2.835,2.884,2.826,2.865,26777308,TRY
2013-03-06,2.874,2.913,2.874,2.894,22836148,TRY
2013-03-07,2.894,2.904,2.835,2.835,10058401,TRY
2013-03-08,2.845,2.874,2.816,2.865,18896744,TRY
2013-03-11,2.855,2.874,2.835,2.835,6336522,TRY
2013-03-12,2.845,2.865,2.826,2.835,9346257,TRY
2013-03-13,2.845,2.845,2.806,2.806,7143049,TRY
2013-03-14,2.826,2.865,2.806,2.816,12732751,TRY
2013-03-15,2.855,2.865,2.796,2.855,21026440,TRY
2013-03-18,2.845,2.845,2.757,2.767,18171816,TRY
2013-03-19,2.787,2.806,2.757,2.767,15699651,TRY
2013-03-20,2.777,2.787,2.767,2.767,4360825,TRY
2013-03-21,2.777,2.787,2.748,2.757,5845200,TRY
2013-03-22,2.767,2.767,2.728,2.738,4276382,TRY
2013-03-25,2.757,2.777,2.738,2.757,7563233,TRY
2013-03-26,2.767,2.806,2.757,2.796,7256981,TRY
2013-03-27,2.806,2.816,2.787,2.796,10773671,TRY
2013-03-28,2.826,2.835,2.796,2.816,9713906,TRY
2013-03-29,2.796,2.855,2.796,2.845,9998042,TRY
2013-04-01,2.855,2.865,2.835,2.855,3787116,TRY
2013-04-02,2.855,2.855,2.826,2.845,5149913,TRY
2013-04-03,2.855,2.865,2.806,2.806,7700420,TRY
2013-04-04,2.806,2.816,2.767,2.777,9370640,TRY
2013-04-05,2.787,2.787,2.757,2.777,2351532,TRY
2013-04-08,2.767,2.767,2.728,2.748,10985210,TRY
2013-04-09,2.757,2.757,2.689,2.719,12174478,TRY
2013-04-10,2.719,2.748,2.699,2.728,6860784,TRY
2013-04-11,2.748,2.787,2.738,2.767,6767381,TRY
2013-04-12,2.777,2.826,2.767,2.796,7894491,TRY
2013-04-15,2.796,2.845,2.796,2.816,12119065,TRY
2013-04-16,2.826,2.865,2.806,2.826,10597219,TRY
2013-04-17,2.826,2.835,2.796,2.816,5663032,TRY
2013-04-18,2.835,2.835,2.777,2.796,2671294,TRY
2013-04-19,2.816,2.816,2.748,2.757,2316230,TRY
2013-04-22,2.777,2.835,2.777,2.816,7937846,TRY
2013-04-24,2.845,2.874,2.826,2.874,14932821,TRY
2013-04-25,2.884,2.943,2.874,2.904,21721298,TRY
2013-04-26,2.913,2.943,2.845,2.933,11087442,TRY
2013-04-29,2.943,2.972,2.904,2.962,7265006,TRY
2013-04-30,2.991,3.001,2.952,2.991,11818453,TRY
2013-05-02,3.001,3.089,2.972,3.069,17788414,TRY
2013-05-03,3.079,3.108,3.03,3.05,10651835,TRY
2013-05-06,3.099,3.108,3.05,3.079,3395646,TRY
2013-05-07,3.079,3.108,3.03,3.03,12727868,TRY
2013-05-08,3.04,3.069,3.021,3.04,10997313,TRY
2013-05-09,3.04,3.08,3.03,3.06,7728982,TRY
2013-05-10,3.02,3.07,3.01,3.06,8087264,TRY
2013-05-13,3.08,3.16,3.06,3.14,24964060,TRY
2013-05-14,3.16,3.25,3.13,3.25,20435552,TRY
2013-05-15,3.24,3.27,3.21,3.22,9223364,TRY
2013-05-16,3.24,3.35,3.24,3.34,21610212,TRY
2013-05-17,3.37,3.49,3.35,3.4,30129644,TRY
2013-05-20,3.42,3.48,3.36,3.37,11635603,TRY
2013-05-21,3.4,3.4,3.26,3.27,13181271,TRY
2013-05-22,3.29,3.4,3.25,3.36,13212305,TRY
2013-05-23,3.28,3.32,3.25,3.28,20943720,TRY
2013-05-24,3.3,3.31,3.23,3.25,21632252,TRY
2013-05-27,3.26,3.28,3.22,3.24,6340019,TRY
2013-05-28,3.25,3.28,3.23,3.25,13184135,TRY
2013-05-29,3.24,3.25,3.1,3.1,16145472,TRY
2013-05-30,3.14,3.14,3.04,3.09,18262606,TRY
2013-06-04,3.02,3.02,3.02,3.02,0,TRY
2013-06-10,2.76,2.85,2.76,2.79,57674028,TRY
2013-06-11,2.82,2.84,2.66,2.69,32240084,TRY
2013-06-12,2.71,2.73,2.66,2.68,34651556,TRY
2013-06-13,2.67,2.71,2.64,2.64,27750668,TRY
2013-06-14,2.68,2.81,2.68,2.8,37645460,TRY
2013-06-17,2.76,2.9,2.75,2.86,24897140,TRY
2013-06-18,2.87,2.97,2.87,2.94,23323452,TRY
2013-06-19,3.0,3.0,2.87,2.89,17542304,TRY
2013-06-20,2.8,2.83,2.69,2.7,23269046,TRY
2013-06-21,2.73,2.74,2.65,2.68,19114692,TRY
2013-06-24,2.68,2.7,2.52,2.56,14470146,TRY
2013-06-25,2.6,2.72,2.6,2.67,12147976,TRY
2013-06-26,2.7,2.77,2.68,2.75,8070966,TRY
2013-06-27,2.8,2.83,2.75,2.79,13119131,TRY
2013-06-28,2.82,2.82,2.71,2.72,16418815,TRY
2013-07-01,2.74,2.82,2.71,2.8,9372159,TRY
2013-07-02,2.79,2.81,2.77,2.79,5532752,TRY
2013-07-03,2.74,2.75,2.67,2.69,7981620,TRY
2013-07-04,2.7,2.75,2.68,2.74,5306224,TRY
2013-07-05,2.77,2.8,2.68,2.69,9700499,TRY
2013-07-08,2.71,2.72,2.63,2.64,5411943,TRY
2013-07-09,2.67,2.69,2.61,2.63,10018793,TRY
2013-07-10,2.65,2.66,2.53,2.55,15595069,TRY
2013-07-16,2.75,2.76,2.71,2.73,7377968,TRY
2013-07-17,2.72,2.76,2.7,2.76,10553383,TRY
2013-07-18,2.76,2.76,2.69,2.69,10962727,TRY
2013-07-19,2.7,2.71,2.64,2.67,6311489,TRY
2013-07-22,2.68,2.69,2.65,2.68,2044718,TRY
2013-07-23,2.69,2.71,2.63,2.64,3934336,TRY
2013-07-24,2.64,2.66,2.61,2.63,5622135,TRY
2013-07-25,2.63,2.64,2.6,2.63,6531881,TRY
2013-07-26,2.64,2.64,2.59,2.61,4696556,TRY
2013-07-29,2.61,2.66,2.6,2.65,4814640,TRY
2013-07-30,2.67,2.72,2.67,2.71,7902040,TRY
2013-07-31,2.72,2.74,2.67,2.67,12263247,TRY
2013-08-01,2.69,2.72,2.68,2.69,7095358,TRY
2013-08-02,2.7,2.72,2.68,2.72,10347653,TRY
2013-08-05,2.72,2.77,2.71,2.74,9073199,TRY
2013-08-06,2.75,2.75,2.69,2.74,3658214,TRY
2013-08-07,2.76,2.78,2.73,2.74,6444421,TRY
2013-08-12,2.75,2.77,2.73,2.76,7209091,TRY
2013-08-13,2.76,2.81,2.74,2.75,13117751,TRY
2013-08-14,2.75,2.78,2.74,2.75,4582657,TRY
2013-08-15,2.76,2.77,2.71,2.73,7788623,TRY
2013-08-16,2.72,2.75,2.71,2.74,2654263,TRY
2013-08-19,2.71,2.73,2.69,2.7,3920233,TRY
2013-08-20,2.7,2.71,2.67,2.71,5679080,TRY
2013-08-21,2.71,2.72,2.65,2.66,7475574,TRY
2013-08-22,2.64,2.66,2.59,2.63,7691903,TRY
2013-08-23,2.64,2.65,2.59,2.61,5331484,TRY
2013-08-26,2.62,2.64,2.59,2.63,2964862,TRY
2013-08-27,2.6,2.62,2.52,2.52,4350848,TRY
2013-08-28,2.206,2.299,2.206,2.225,17079812,TRY
2013-08-29,2.244,2.29,2.206,2.206,18032504,TRY
2013-09-02,2.244,2.308,2.244,2.281,5961537,TRY
2013-09-03,2.299,2.299,2.244,2.244,4061450,TRY
2013-09-04,2.262,2.299,2.253,2.299,4038666,TRY
2013-09-05,2.299,2.364,2.299,2.336,5250273,TRY
2013-09-06,2.327,2.429,2.318,2.383,6030412,TRY
2013-09-09,2.447,2.457,2.401,2.447,5545979,TRY
2013-09-10,2.457,2.485,2.447,2.485,5978131,TRY
2013-09-11,2.485,2.494,2.447,2.457,4011485,TRY
2013-09-12,2.466,2.475,2.438,2.475,4009275,TRY
2013-09-13,2.457,2.485,2.42,2.447,5206720,TRY
2013-09-16,2.485,2.531,2.485,2.512,10854980,TRY
2013-09-17,2.512,2.522,2.475,2.512,6744396,TRY
2013-09-18,2.522,2.549,2.494,2.503,6368518,TRY
2013-09-19,2.596,2.688,2.587,2.605,27178992,TRY
2013-09-20,2.624,2.633,2.54,2.559,9746015,TRY
2013-09-23,2.559,2.577,2.512,2.54,4444956,TRY
2013-09-24,2.549,2.568,2.512,2.531,5162188,TRY
2013-09-25,2.512,2.549,2.494,2.531,5339961,TRY
2013-09-26,2.54,2.568,2.522,2.531,6661519,TRY
2013-09-27,2.54,2.54,2.512,2.512,3593074,TRY
2013-09-30,2.503,2.531,2.475,2.531,5822189,TRY
2013-10-01,2.531,2.577,2.522,2.559,5403626,TRY
2013-10-02,2.559,2.596,2.512,2.522,9348627,TRY
2013-10-03,2.549,2.568,2.522,2.531,7789425,TRY
2013-10-04,2.54,2.559,2.522,2.549,4711532,TRY
2013-10-07,2.54,2.54,2.522,2.522,2968456,TRY
2013-10-08,2.531,2.568,2.522,2.531,9922585,TRY
2013-10-09,2.522,2.568,2.522,2.549,8686639,TRY
2013-10-10,2.559,2.605,2.559,2.605,17096212,TRY
2013-10-11,2.624,2.633,2.596,2.614,9252981,TRY
2013-10-14,2.614,2.633,2.605,2.624,1337736,TRY
2013-10-21,2.651,2.67,2.642,2.661,11721068,TRY
2013-10-22,2.67,2.67,2.633,2.651,14487333,TRY
2013-10-23,2.642,2.642,2.587,2.605,16764661,TRY
2013-10-24,2.624,2.642,2.596,2.605,8961262,TRY
2013-10-25,2.605,2.624,2.587,2.614,8595141,TRY
2013-10-28,2.624,2.688,2.614,2.679,15902861,TRY
2013-10-30,2.698,2.726,2.605,2.624,25667480,TRY
2013-10-31,2.624,2.688,2.614,2.642,30885912,TRY
2013-11-01,2.651,2.661,2.549,2.568,20045044,TRY
2013-11-13,2.373,2.392,2.308,2.355,511020640,TRY
2013-11-14,2.392,2.438,2.383,2.42,225402464,TRY
2013-11-15,2.447,2.503,2.429,2.503,256034784,TRY
2013-11-18,2.494,2.522,2.485,2.503,92440488,TRY
2013-11-19,2.503,2.522,2.475,2.503,112668712,TRY
2013-11-20,2.503,2.568,2.503,2.531,195327456,TRY
2013-11-21,2.494,2.522,2.466,2.494,117747424,TRY
2013-11-22,2.512,2.522,2.494,2.512,84133672,TRY
2013-11-25,2.531,2.54,2.522,2.522,45705008,TRY
2013-11-26,2.522,2.522,2.475,2.494,80730600,TRY
2013-11-27,2.494,2.494,2.457,2.457,53572472,TRY
2013-11-28,2.457,2.475,2.41,2.42,63282780,TRY
2013-11-29,2.41,2.457,2.392,2.447,56838784,TRY
2013-12-02,2.475,2.494,2.438,2.438,80718552,TRY
2013-12-03,2.438,2.447,2.383,2.383,98283856,TRY
2013-12-04,2.373,2.401,2.364,2.392,52055312,TRY
2013-12-05,2.401,2.447,2.392,2.42,88866736,TRY
2013-12-06,2.429,2.466,2.392,2.447,96487384,TRY
2013-12-09,2.466,2.485,2.457,2.457,54293136,TRY
2013-12-10,2.466,2.466,2.429,2.447,44550624,TRY
2013-12-11,2.438,2.475,2.429,2.429,53763432,TRY
2013-12-12,2.42,2.429,2.392,2.401,43336220,TRY
2013-12-13,2.41,2.429,2.401,2.42,58615700,TRY
2013-12-16,2.41,2.457,2.41,2.457,38511964,TRY
2013-12-17,2.364,2.401,2.123,2.151,223020176,TRY
2013-12-18,2.104,2.16,2.002,2.151,245842208,TRY
2013-12-19,2.114,2.142,2.012,2.021,224597456,TRY
2013-12-20,2.03,2.086,1.928,1.993,320948768,TRY
2013-12-23,2.086,2.095,1.956,1.975,191342848,TRY
2013-12-24,2.002,2.086,2.002,2.067,162738864,TRY
2013-12-25,2.086,2.095,1.919,1.956,161405248,TRY
2013-12-26,1.984,2.021,1.947,1.956,110586688,TRY
2013-12-27,1.965,1.975,1.826,1.901,150394736,TRY
2013-12-30,1.938,2.002,1.928,1.993,118125160,TRY
2013-12-31,1.993,2.002,1.938,1.947,83575008,TRY
2014-01-02,1.938,1.947,1.91,1.938,72721776,TRY
2014-01-03,1.947,1.993,1.938,1.984,86784432,TRY
2014-01-06,1.993,2.049,1.984,2.03,110551952,TRY
2014-01-07,2.012,2.058,2.002,2.049,102900752,TRY
2014-01-08,2.049,2.067,1.984,1.993,104643520,TRY
2014-01-09,1.975,1.984,1.965,1.975,53344256,TRY
2014-01-10,1.984,2.021,1.965,2.012,57104184,TRY
2014-01-13,2.03,2.039,2.002,2.012,58978056,TRY
2014-01-14,1.993,2.012,1.984,2.012,33658408,TRY
2014-01-15,2.012,2.021,1.984,2.002,47186976,TRY
2014-01-16,1.965,2.03,1.965,2.012,96961216,TRY
2014-01-17,2.021,2.058,1.965,1.975,95430304,TRY
2014-01-20,1.947,1.993,1.947,1.975,40937024,TRY
2014-01-21,1.984,2.039,1.975,2.021,76850552,TRY
2014-01-22,2.049,2.067,2.03,2.049,58194664,TRY
2014-01-23,2.03,2.058,1.993,1.993,59486480,TRY
2014-01-24,2.002,2.012,1.947,1.975,74518832,TRY
2014-01-27,1.965,2.012,1.938,2.002,68131768,TRY
2014-01-28,2.03,2.077,2.002,2.002,103231456,TRY
2014-01-29,2.039,2.067,1.901,1.975,119905600,TRY
2014-01-30,1.984,1.993,1.938,1.993,69965712,TRY
2014-01-31,1.984,2.012,1.965,1.993,41306052,TRY
2014-02-03,1.993,2.002,1.975,1.984,30563232,TRY
2014-02-04,1.975,1.993,1.928,1.993,77870120,TRY
2014-02-05,1.993,2.002,1.965,1.975,45125560,TRY
2014-02-06,1.975,2.021,1.975,2.021,52439088,TRY
2014-02-07,2.021,2.039,2.002,2.021,59796408,TRY
2014-02-10,2.021,2.03,2.002,2.021,32997238,TRY
2014-02-11,2.03,2.058,2.021,2.039,39865384,TRY
2014-02-12,2.058,2.114,2.058,2.086,89264296,TRY
2014-02-13,2.086,2.114,2.077,2.086,50402840,TRY
2014-02-14,2.104,2.142,2.095,2.123,47029636,TRY
2014-02-17,2.142,2.151,2.114,2.114,26329712,TRY
2014-02-18,2.114,2.123,2.021,2.021,52013432,TRY
2014-02-19,2.021,2.049,2.012,2.039,38554840,TRY
2014-02-20,2.03,2.067,2.021,2.058,36235232,TRY
2014-02-21,2.067,2.077,2.049,2.058,29242308,TRY
2014-02-24,2.067,2.095,2.058,2.086,22441706,TRY
2014-02-25,2.039,2.067,2.012,2.021,61410536,TRY
2014-02-26,2.039,2.049,1.965,2.002,51958448,TRY
2014-02-27,1.984,2.039,1.984,2.039,44242012,TRY
2014-02-28,2.049,2.086,2.039,2.086,35505456,TRY
2014-03-03,2.058,2.077,2.039,2.049,15940254,TRY
2014-03-04,2.067,2.132,2.067,2.104,24011366,TRY
2014-03-05,2.114,2.151,2.104,2.114,21426962,TRY
2014-03-06,2.114,2.123,2.086,2.114,33590008,TRY
2014-03-07,2.114,2.114,2.058,2.067,21303262,TRY
2014-03-10,2.058,2.095,2.058,2.058,12067378,TRY
2014-03-11,2.067,2.077,2.049,2.077,23358518,TRY
2014-03-12,2.058,2.086,2.058,2.067,30729692,TRY
2014-03-13,2.077,2.104,2.077,2.086,18715546,TRY
2014-03-14,2.077,2.086,2.049,2.067,19385456,TRY
2014-03-17,2.077,2.095,2.067,2.086,11742488,TRY
2014-03-18,2.086,2.123,2.077,2.114,27066172,TRY
2014-03-19,2.104,2.114,2.086,2.086,25421476,TRY
2014-03-20,2.077,2.104,2.077,2.095,21305978,TRY
2014-03-21,2.077,2.086,2.058,2.067,24804004,TRY
2014-03-24,2.067,2.086,2.058,2.067,13515097,TRY
2014-03-25,2.067,2.086,2.058,2.067,17362548,TRY
2014-03-26,2.086,2.132,2.077,2.114,58166440,TRY
2014-03-27,2.114,2.151,2.104,2.104,58047472,TRY
2014-03-28,2.123,2.188,2.123,2.169,46463648,TRY
2014-03-31,2.225,2.336,2.225,2.336,100020952,TRY
2014-04-01,2.345,2.429,2.345,2.373,64948360,TRY
2014-04-02,2.383,2.392,2.271,2.308,82569936,TRY
2014-04-03,2.318,2.41,2.318,2.41,69724112,TRY
2014-04-04,2.438,2.457,2.401,2.438,36944760,TRY
2014-04-07,2.438,2.466,2.42,2.438,26195760,TRY
2014-04-08,2.457,2.466,2.438,2.457,24518180,TRY
2014-04-09,2.457,2.457,2.364,2.383,36526008,TRY
2014-04-10,2.401,2.466,2.401,2.466,32377688,TRY
2014-04-11,2.41,2.457,2.401,2.447,25714752,TRY
2014-04-14,2.438,2.466,2.429,2.457,25600684,TRY
2014-04-15,2.466,2.512,2.447,2.447,41621784,TRY
2014-04-16,2.475,2.475,2.438,2.475,28931856,TRY
2014-04-17,2.485,2.549,2.485,2.549,62917124,TRY
2014-04-18,2.549,2.568,2.522,2.522,11294836,TRY
2014-04-21,2.531,2.54,2.512,2.512,5996464,TRY
2014-04-22,2.522,2.531,2.475,2.475,8555989,TRY
2014-04-24,2.485,2.494,2.438,2.447,14825756,TRY
2014-04-25,2.447,2.466,2.42,2.429,12208890,TRY
2014-04-28,2.429,2.503,2.42,2.494,27547232,TRY
2014-04-29,2.512,2.531,2.475,2.475,19498216,TRY
2014-04-30,2.485,2.559,2.485,2.559,33133900,TRY
2014-05-02,2.605,2.651,2.596,2.614,30821910,TRY
2014-05-05,2.614,2.624,2.587,2.596,17533826,TRY
2014-05-06,2.614,2.651,2.614,2.642,22499128,TRY
2014-05-07,2.651,2.67,2.605,2.642,22571308,TRY
2014-05-08,2.651,2.661,2.633,2.651,18728180,TRY
2014-05-09,2.651,2.651,2.614,2.614,17883006,TRY
2014-05-12,2.642,2.661,2.614,2.624,19478980,TRY
2014-05-13,2.651,2.651,2.568,2.587,36044064,TRY
2014-05-14,2.587,2.596,2.531,2.559,23583858,TRY
2014-05-15,2.568,2.624,2.549,2.559,26930300,TRY
2014-05-16,2.577,2.587,2.54,2.587,21740736,TRY
2014-05-20,2.587,2.596,2.549,2.559,15076633,TRY
2014-05-21,2.559,2.596,2.559,2.587,21987040,TRY
2014-05-22,2.605,2.651,2.577,2.633,45513864,TRY
2014-05-23,2.633,2.633,2.605,2.633,33959840,TRY
2014-05-26,2.655,2.684,2.626,2.675,25451480,TRY
2014-05-27,2.675,2.684,2.607,2.607,28674598,TRY
2014-05-28,2.616,2.675,2.607,2.626,32141428,TRY
2014-05-29,2.646,2.655,2.616,2.626,29970624,TRY
2014-05-30,2.626,2.646,2.597,2.597,55055832,TRY
2014-06-02,2.607,2.636,2.587,2.607,31668300,TRY
2014-06-03,2.616,2.626,2.587,2.607,28536640,TRY
2014-06-04,2.587,2.597,2.558,2.558,30705392,TRY
2014-06-05,2.578,2.665,2.568,2.655,61075020,TRY
2014-06-06,2.665,2.704,2.646,2.684,57116812,TRY
2014-06-09,2.694,2.723,2.684,2.704,40991024,TRY
2014-06-10,2.694,2.713,2.646,2.684,62180552,TRY
2014-06-11,2.694,2.723,2.568,2.578,56261744,TRY
2014-06-12,2.568,2.636,2.549,2.636,39464320,TRY
2014-06-13,2.607,2.636,2.578,2.587,29131780,TRY
2014-06-16,2.558,2.568,2.471,2.471,58659824,TRY
2014-06-17,2.481,2.549,2.481,2.51,34006792,TRY
2014-06-18,2.529,2.587,2.51,2.587,30248048,TRY
2014-06-19,2.636,2.646,2.616,2.626,20160606,TRY
2014-06-20,2.616,2.616,2.587,2.607,14095498,TRY
2014-06-23,2.636,2.646,2.597,2.607,26757552,TRY
2014-06-24,2.626,2.636,2.578,2.578,23940258,TRY
2014-06-25,2.539,2.578,2.539,2.568,29508860,TRY
2014-06-26,2.578,2.587,2.539,2.539,18324164,TRY
2014-06-27,2.549,2.578,2.549,2.568,12382378,TRY
2014-06-30,2.578,2.607,2.558,2.578,21259536,TRY
2014-07-01,2.578,2.597,2.558,2.558,23836108,TRY
2014-07-02,2.568,2.578,2.52,2.549,31476544,TRY
2014-07-03,2.549,2.597,2.539,2.578,34138380,TRY
2014-07-04,2.578,2.597,2.568,2.578,14576106,TRY
2014-07-07,2.578,2.607,2.558,2.597,32776068,TRY
2014-07-08,2.597,2.626,2.578,2.587,40133624,TRY
2014-07-09,2.597,2.616,2.578,2.597,15649224,TRY
2014-07-10,2.597,2.607,2.558,2.578,21297770,TRY
2014-07-11,2.578,2.616,2.568,2.597,20735990,TRY
2014-07-14,2.616,2.646,2.607,2.646,22194164,TRY
2014-07-15,2.655,2.713,2.646,2.694,41548860,TRY
2014-07-16,2.704,2.781,2.704,2.781,43322820,TRY
2014-07-17,2.781,2.791,2.713,2.713,50447560,TRY
2014-07-18,2.675,2.704,2.655,2.694,47100668,TRY
2014-07-21,2.713,2.733,2.675,2.675,25546824,TRY
2014-07-22,2.684,2.723,2.684,2.723,33645028,TRY
2014-07-23,2.733,2.752,2.713,2.723,17051684,TRY
2014-07-24,2.733,2.839,2.723,2.839,37488376,TRY
2014-07-25,2.849,2.849,2.801,2.81,25470530,TRY
2014-07-31,2.791,2.81,2.694,2.694,33920508,TRY
2014-08-01,2.704,2.723,2.646,2.704,30844736,TRY
2014-08-04,2.713,2.733,2.675,2.675,13607496,TRY
2014-08-05,2.694,2.704,2.636,2.636,20627508,TRY
2014-08-06,2.616,2.636,2.568,2.597,20597816,TRY
2014-08-07,2.607,2.636,2.578,2.587,20468572,TRY
2014-08-08,2.558,2.636,2.549,2.626,27711228,TRY
2014-08-11,2.646,2.665,2.539,2.558,41916212,TRY
2014-08-12,2.568,2.587,2.549,2.568,18535320,TRY
2014-08-13,2.578,2.587,2.539,2.558,25375072,TRY
2014-08-14,2.558,2.578,2.539,2.549,31107796,TRY
2014-08-15,2.558,2.568,2.51,2.52,22210244,TRY
2014-08-18,2.529,2.587,2.529,2.587,28275568,TRY
2014-08-19,2.597,2.655,2.578,2.655,38442688,TRY
2014-08-20,2.646,2.684,2.607,2.636,24887868,TRY
2014-08-21,2.626,2.646,2.607,2.636,18714636,TRY
2014-08-22,2.636,2.646,2.597,2.636,14083980,TRY
2014-08-25,2.646,2.646,2.616,2.636,15081467,TRY
2014-08-26,2.636,2.675,2.636,2.655,31321472,TRY
2014-08-27,2.665,2.675,2.616,2.626,23084992,TRY
2014-08-28,2.636,2.646,2.616,2.636,19421132,TRY
2014-08-29,2.646,2.684,2.616,2.636,39805936,TRY
2014-09-01,2.646,2.665,2.626,2.665,9906688,TRY
2014-09-02,2.665,2.684,2.636,2.665,21314788,TRY
2014-09-03,2.675,2.694,2.655,2.684,30468498,TRY
2014-09-04,2.694,2.733,2.665,2.723,49035672,TRY
2014-09-05,2.713,2.733,2.694,2.723,20867000,TRY
2014-09-08,2.723,2.733,2.694,2.713,24555148,TRY
2014-09-09,2.713,2.723,2.607,2.607,48008636,TRY
2014-09-10,2.607,2.626,2.597,2.607,21021972,TRY
2014-09-11,2.616,2.636,2.597,2.597,24167520,TRY
2014-09-12,2.587,2.616,2.51,2.52,32704076,TRY
2014-09-15,2.529,2.568,2.52,2.549,22882820,TRY
2014-09-16,2.549,2.568,2.539,2.539,22263284,TRY
2014-09-17,2.558,2.578,2.539,2.568,22955604,TRY
2014-09-18,2.539,2.549,2.49,2.49,39545948,TRY
2014-09-19,2.5,2.539,2.471,2.471,25602664,TRY
2014-09-22,2.481,2.51,2.461,2.461,32957272,TRY
2014-09-23,2.481,2.49,2.394,2.394,45798536,TRY
2014-09-24,2.403,2.423,2.287,2.306,66781832,TRY
2014-09-25,2.316,2.365,2.306,2.316,40818224,TRY
2014-09-26,2.326,2.336,2.248,2.277,69014960,TRY
2014-09-29,2.277,2.287,2.209,2.219,78044992,TRY
2014-09-30,2.229,2.316,2.219,2.306,116575968,TRY
2014-10-01,2.316,2.345,2.277,2.277,55013088,TRY
2014-10-02,2.297,2.306,2.258,2.277,44769676,TRY
2014-10-03,2.268,2.306,2.2,2.306,39665564,TRY
2014-10-08,2.277,2.277,2.219,2.239,39334056,TRY
2014-10-09,2.277,2.374,2.268,2.365,162685088,TRY
2014-10-10,2.336,2.336,2.258,2.258,41684696,TRY
2014-10-13,2.268,2.306,2.258,2.287,54434888,TRY
2014-10-14,2.287,2.297,2.239,2.258,49720200,TRY
2014-10-15,2.268,2.277,2.219,2.219,48144880,TRY
2014-10-16,2.229,2.248,2.18,2.19,81199152,TRY
2014-10-17,2.209,2.239,2.19,2.229,68563824,TRY
2014-10-20,2.258,2.277,2.239,2.268,45328616,TRY
2014-10-21,2.268,2.326,2.258,2.316,69489584,TRY
2014-10-22,2.326,2.384,2.326,2.374,69778792,TRY
2014-10-23,2.374,2.423,2.365,2.413,60615924,TRY
2014-10-24,2.403,2.452,2.384,2.403,56219764,TRY
2014-10-27,2.423,2.423,2.355,2.374,45858400,TRY
2014-10-28,2.374,2.384,2.336,2.355,29957178,TRY
2014-10-30,2.355,2.365,2.316,2.355,55014712,TRY
2014-10-31,2.394,2.423,2.374,2.423,62115232,TRY
2014-11-03,2.423,2.481,2.413,2.452,66164112,TRY
2014-11-04,2.461,2.471,2.413,2.423,59679124,TRY
2014-11-05,2.423,2.432,2.355,2.365,48952092,TRY
2014-11-06,2.374,2.374,2.268,2.268,53035260,TRY
2014-11-07,2.268,2.306,2.248,2.306,40986916,TRY
2014-11-10,2.316,2.345,2.277,2.277,30334720,TRY
2014-11-11,2.277,2.306,2.268,2.287,24886496,TRY
2014-11-12,2.306,2.374,2.297,2.374,71947584,TRY
2014-11-13,2.374,2.432,2.345,2.394,88225240,TRY
2014-11-14,2.384,2.481,2.384,2.481,113025456,TRY
2014-11-17,2.481,2.5,2.452,2.452,63317032,TRY
2014-11-18,2.471,2.529,2.452,2.529,74585264,TRY
2014-11-19,2.539,2.558,2.51,2.52,67718616,TRY
2014-11-20,2.52,2.607,2.52,2.597,62449856,TRY
2014-11-21,2.607,2.646,2.578,2.607,54652440,TRY
2014-11-24,2.597,2.607,2.568,2.578,25771180,TRY
2014-11-25,2.587,2.646,2.578,2.646,48821408,TRY
2014-11-26,2.646,2.684,2.626,2.665,53799556,TRY
2014-11-27,2.684,2.723,2.675,2.694,54473928,TRY
2014-11-28,2.713,2.743,2.675,2.733,73070536,TRY
2014-12-01,2.733,2.733,2.646,2.655,61488720,TRY
2014-12-02,2.655,2.665,2.597,2.626,59578636,TRY
2014-12-03,2.616,2.626,2.558,2.607,62155352,TRY
2014-12-19,2.636,2.646,2.578,2.607,34327440,TRY
2014-12-22,2.607,2.665,2.597,2.655,28948884,TRY
2014-12-23,2.665,2.694,2.636,2.665,50938768,TRY
2014-12-24,2.675,2.704,2.655,2.684,22276768,TRY
2014-12-25,2.694,2.694,2.665,2.665,7741886,TRY
2014-12-26,2.675,2.675,2.636,2.646,11716595,TRY
2014-12-29,2.636,2.655,2.607,2.646,31529220,TRY
2014-12-30,2.646,2.675,2.626,2.655,27851152,TRY
2014-12-31,2.655,2.684,2.646,2.684,7107536,TRY
2015-01-02,2.675,2.684,2.655,2.675,8808208,TRY
2015-01-05,2.675,2.752,2.675,2.733,39420372,TRY
2015-01-06,2.733,2.83,2.694,2.83,87689400,TRY
2015-01-07,2.82,2.888,2.781,2.859,85690240,TRY
2015-01-08,2.878,2.897,2.868,2.897,42461524,TRY
2015-01-09,2.907,2.917,2.868,2.888,46957768,TRY
2015-01-12,2.897,2.897,2.878,2.878,17849088,TRY
2015-01-13,2.888,2.907,2.878,2.897,20835726,TRY
2015-01-14,2.868,2.897,2.859,2.859,23004460,TRY
2015-01-15,2.878,2.946,2.81,2.936,64905008,TRY
2015-01-16,2.927,3.043,2.917,3.043,68477288,TRY
2015-01-19,3.053,3.091,3.023,3.072,29595492,TRY
2015-01-20,3.091,3.091,3.014,3.062,44637784,TRY
2015-01-21,3.062,3.072,3.033,3.072,32834824,TRY
2015-01-22,3.091,3.169,3.091,3.159,32993528,TRY
2015-01-23,3.179,3.179,3.111,3.13,22429816,TRY
2015-01-26,3.12,3.179,3.111,3.179,16750106,TRY
2015-01-27,3.179,3.208,3.082,3.14,39917236,TRY
2015-01-28,3.198,3.208,3.15,3.179,44054092,TRY
2015-01-29,3.15,3.169,3.082,3.091,23449368,TRY
2015-01-30,3.14,3.15,3.091,3.111,20866008,TRY
2015-02-02,3.13,3.169,3.101,3.14,15207258,TRY
2015-02-03,3.159,3.227,3.062,3.091,28194136,TRY
2015-02-04,3.111,3.111,3.043,3.072,28817986,TRY
2015-02-05,3.082,3.12,3.023,3.033,24013896,TRY
2015-02-06,3.043,3.12,3.033,3.053,21915356,TRY
2015-02-09,3.062,3.082,2.985,3.062,23177884,TRY
2015-02-10,3.091,3.101,2.994,2.994,25998850,TRY
2015-02-11,3.014,3.043,2.956,2.965,31570292,TRY
2015-02-12,2.975,3.082,2.975,3.082,38559032,TRY
2015-02-13,3.091,3.101,3.062,3.082,20970676,TRY
2015-02-16,3.101,3.13,3.072,3.12,11868458,TRY
2015-02-17,3.101,3.14,3.072,3.072,22346464,TRY
2015-02-18,3.072,3.13,3.062,3.12,14972509,TRY
2015-02-19,3.15,3.159,3.101,3.13,11863541,TRY
2015-02-20,3.13,3.14,3.072,3.082,9250411,TRY
2015-02-23,3.082,3.15,3.033,3.14,12600084,TRY
2015-02-24,3.14,3.179,3.101,3.14,25890952,TRY
2015-02-25,3.159,3.198,3.12,3.15,19457992,TRY
2015-02-26,3.13,3.169,3.111,3.12,20707446,TRY
2015-02-27,3.101,3.14,3.004,3.033,26229902,TRY
2015-03-02,3.023,3.043,2.907,2.907,24306112,TRY
2015-03-03,2.917,3.023,2.897,3.023,25861184,TRY
2015-03-04,3.023,3.033,2.936,2.956,21571220,TRY
2015-03-05,2.897,2.946,2.83,2.927,24224548,TRY
2015-03-06,2.917,3.082,2.917,2.994,47754308,TRY
2015-03-09,3.043,3.072,3.014,3.033,21934056,TRY
2015-03-10,3.033,3.053,2.907,2.917,29954300,TRY
2015-03-11,2.946,2.994,2.888,2.994,25360220,TRY
2015-03-12,3.043,3.043,2.946,3.004,35572752,TRY
2015-03-13,3.023,3.033,2.927,2.936,32298240,TRY
2015-03-16,2.975,2.985,2.897,2.907,25094880,TRY
2015-03-17,2.946,2.965,2.878,2.907,35724848,TRY
2015-03-18,2.907,2.907,2.83,2.868,26060164,TRY
2015-03-19,2.907,2.946,2.878,2.897,48041180,TRY
2015-03-20,2.907,2.907,2.83,2.83,39467808,TRY
2015-03-23,2.839,2.975,2.83,2.965,51431980,TRY
2015-03-24,2.956,2.975,2.907,2.927,25511436,TRY
2015-03-25,2.936,2.956,2.907,2.936,26984314,TRY
2015-03-26,2.868,2.888,2.839,2.878,18882560,TRY
2015-03-27,2.878,2.917,2.849,2.888,21554534,TRY
2015-03-30,2.897,2.936,2.868,2.927,22190272,TRY
2015-03-31,2.907,2.927,2.839,2.859,25705780,TRY
2015-04-01,2.878,2.927,2.868,2.927,21247492,TRY
2015-04-02,2.936,2.965,2.917,2.946,17625640,TRY
2015-04-03,2.956,2.975,2.927,2.965,8541808,TRY
2015-04-06,2.975,3.004,2.956,2.985,6058856,TRY
2015-04-07,2.994,3.023,2.927,3.014,18376960,TRY
2015-04-08,3.014,3.014,2.985,3.004,12551643,TRY
2015-04-09,2.994,3.053,2.985,3.043,38396452,TRY
2015-04-10,3.033,3.043,2.965,2.965,22446144,TRY
2015-04-13,2.975,2.985,2.888,2.888,18292692,TRY
2015-04-14,2.878,2.927,2.839,2.917,19149472,TRY
2015-04-15,2.907,2.927,2.839,2.859,26366400,TRY
2015-04-16,2.878,2.878,2.83,2.859,53444152,TRY
2015-04-17,2.878,2.907,2.868,2.878,21907376,TRY
2015-04-20,2.888,2.917,2.859,2.868,23287212,TRY
2015-04-21,2.849,2.927,2.849,2.927,26844168,TRY
2015-04-22,2.927,2.946,2.888,2.897,17256828,TRY
2015-04-24,2.907,3.043,2.907,3.043,36103020,TRY
2015-04-27,3.053,3.13,3.014,3.13,30612556,TRY
2015-04-28,3.13,3.13,3.043,3.062,34956120,TRY
2015-04-29,3.062,3.072,3.023,3.053,28993058,TRY
2015-04-30,3.053,3.062,2.994,2.994,21189666,TRY
2015-05-04,3.004,3.014,2.917,2.946,23787280,TRY
2015-05-05,2.946,2.975,2.927,2.927,27835008,TRY
2015-05-06,2.946,2.965,2.83,2.83,40348768,TRY
2015-05-07,2.839,2.917,2.83,2.907,47944176,TRY
2015-05-08,2.907,2.975,2.878,2.965,33463942,TRY
2015-05-11,2.975,3.004,2.956,2.985,27546676,TRY
2015-05-12,2.975,2.985,2.946,2.965,23176492,TRY
2015-05-13,2.975,3.091,2.975,3.082,38330840,TRY
2015-05-14,3.082,3.13,3.072,3.101,30222000,TRY
2015-05-15,3.101,3.12,3.082,3.111,15142100,TRY
2015-05-18,3.111,3.188,3.101,3.179,20334628,TRY
2015-05-20,3.15,3.159,3.072,3.111,14758166,TRY
2015-05-21,3.12,3.15,3.053,3.062,22175452,TRY
2015-05-22,3.053,3.091,3.033,3.053,13187379,TRY
2015-05-25,3.043,3.082,3.004,3.023,8831522,TRY
2015-05-26,3.03,3.04,2.98,2.98,15419128,TRY
2015-05-27,3.01,3.02,2.92,3.01,23148872,TRY
2015-05-28,3.01,3.02,2.96,2.98,13171098,TRY
2015-05-29,2.99,3.06,2.95,2.99,21458176,TRY
2015-06-01,2.97,2.98,2.85,2.85,15437317,TRY
2015-06-02,2.87,2.88,2.78,2.79,44503792,TRY
2015-06-03,2.81,2.86,2.78,2.84,40625916,TRY
2015-06-04,2.83,2.83,2.77,2.8,37457156,TRY
2015-06-05,2.8,2.84,2.76,2.78,19580268,TRY
2015-06-08,2.51,2.54,2.37,2.54,63643468,TRY
2015-06-09,2.56,2.59,2.48,2.5,36495512,TRY
2015-06-10,2.53,2.6,2.51,2.56,36512172,TRY
2015-06-11,2.56,2.57,2.5,2.56,57577220,TRY
2015-06-12,2.56,2.59,2.53,2.53,40211312,TRY
2015-06-15,2.53,2.53,2.37,2.38,55326016,TRY
2015-06-16,2.45,2.65,2.45,2.65,178574944,TRY
2015-06-17,2.66,2.69,2.59,2.6,112767296,TRY
2015-06-18,2.64,2.74,2.61,2.7,85276944,TRY
2015-06-19,2.605,2.72,2.595,2.701,111159056,TRY
2015-06-22,2.72,2.759,2.701,2.73,89644568,TRY
2015-06-23,2.74,2.769,2.711,2.72,92959000,TRY
2015-06-24,2.74,2.769,2.72,2.74,69136368,TRY
2015-06-25,2.749,2.759,2.663,2.663,68866688,TRY
2015-06-26,2.663,2.73,2.624,2.692,61127780,TRY
2015-06-29,2.634,2.682,2.614,2.634,56437660,TRY
2015-06-30,2.653,2.682,2.634,2.663,41351404,TRY
2015-07-01,2.672,2.682,2.595,2.595,42054216,TRY
2015-07-02,2.585,2.653,2.547,2.653,47561468,TRY
2015-07-03,2.653,2.692,2.605,2.605,32160246,TRY
2015-07-06,2.585,2.663,2.585,2.663,29300480,TRY
2015-07-07,2.672,2.692,2.624,2.624,31530004,TRY
2015-07-08,2.634,2.634,2.585,2.585,33290192,TRY
2015-07-09,2.605,2.672,2.605,2.653,26826734,TRY
2015-07-10,2.682,2.711,2.672,2.682,44963452,TRY
2015-07-13,2.682,2.72,2.663,2.682,36807264,TRY
2015-07-14,2.701,2.72,2.653,2.663,30535956,TRY
2015-07-15,2.672,2.692,2.614,2.624,24622006,TRY
2015-07-16,2.634,2.643,2.624,2.634,6200868,TRY
2015-07-20,2.634,2.634,2.547,2.585,30918224,TRY
2015-07-21,2.605,2.643,2.595,2.614,24711140,TRY
2015-07-22,2.624,2.624,2.576,2.614,21140676,TRY
2015-07-23,2.614,2.614,2.47,2.479,30611472,TRY
2015-07-24,2.46,2.508,2.46,2.479,33014904,TRY
2015-07-27,2.479,2.489,2.373,2.392,34273076,TRY
2015-07-28,2.412,2.45,2.392,2.421,47317444,TRY
2015-07-29,2.421,2.46,2.402,2.441,22350552,TRY
2015-07-30,2.421,2.489,2.421,2.441,21483322,TRY
2015-07-31,2.45,2.508,2.431,2.508,38643944,TRY
2015-08-03,2.498,2.518,2.431,2.441,14982889,TRY
2015-08-04,2.45,2.479,2.421,2.431,16901900,TRY
2015-08-05,2.421,2.47,2.412,2.45,15861922,TRY
2015-08-06,2.47,2.508,2.46,2.489,17192936,TRY
2015-08-07,2.498,2.518,2.47,2.489,19840630,TRY
2015-08-10,2.489,2.518,2.441,2.498,15450304,TRY
2015-08-11,2.527,2.576,2.527,2.566,22794220,TRY
2015-08-12,2.537,2.547,2.508,2.527,17413940,TRY
2015-08-13,2.527,2.537,2.354,2.431,36353644,TRY
2015-08-14,2.412,2.421,2.392,2.412,39996152,TRY
2015-08-17,2.402,2.421,2.364,2.392,20112780,TRY
2015-08-18,2.373,2.402,2.373,2.373,22013404,TRY
2015-08-19,2.392,2.402,2.364,2.364,27732084,TRY
2015-08-20,2.354,2.392,2.296,2.392,34042856,TRY
2015-08-21,2.383,2.402,2.364,2.392,18260904,TRY
2015-08-24,2.354,2.383,2.306,2.364,19501660,TRY
2015-08-25,2.412,2.431,2.392,2.392,46576336,TRY
2015-08-26,2.383,2.383,2.354,2.364,29409660,TRY
2015-08-27,2.383,2.45,2.373,2.441,39193396,TRY
2015-08-28,2.431,2.45,2.392,2.421,13952653,TRY
2015-08-31,2.421,2.441,2.402,2.402,17480500,TRY
2015-09-01,2.392,2.402,2.354,2.364,18269940,TRY
2015-09-02,2.373,2.392,2.354,2.392,19045700,TRY
2015-09-03,2.412,2.421,2.373,2.392,15975135,TRY
2015-09-04,2.373,2.392,2.364,2.373,19323436,TRY
2015-09-07,2.354,2.373,2.334,2.344,11186616,TRY
2015-09-08,2.364,2.364,2.325,2.354,19841392,TRY
2015-09-09,2.373,2.392,2.354,2.364,12948126,TRY
2015-09-10,2.354,2.373,2.334,2.364,14345919,TRY
2015-09-11,2.354,2.373,2.344,2.364,11095438,TRY
2015-09-14,2.364,2.383,2.354,2.373,13349350,TRY
2015-09-15,2.373,2.412,2.354,2.364,40770048,TRY
2015-09-16,2.373,2.383,2.344,2.364,44734596,TRY
2015-09-17,2.364,2.383,2.354,2.373,29670804,TRY
2015-09-18,2.373,2.392,2.354,2.383,30338044,TRY
2015-09-21,2.373,2.441,2.364,2.441,30852076,TRY
2015-09-22,2.45,2.47,2.421,2.45,31396744,TRY
2015-09-23,2.441,2.46,2.431,2.431,7158116,TRY
2015-09-28,2.441,2.45,2.383,2.383,18882980,TRY
2015-09-29,2.373,2.431,2.364,2.431,27295704,TRY
2015-09-30,2.441,2.45,2.412,2.421,23757260,TRY
2015-10-01,2.441,2.45,2.392,2.412,18626076,TRY
2015-10-02,2.421,2.441,2.402,2.441,15854934,TRY
2015-10-05,2.508,2.547,2.479,2.547,27265156,TRY
2015-10-06,2.537,2.614,2.527,2.605,42648976,TRY
2015-10-07,2.634,2.653,2.595,2.595,27908452,TRY
2015-10-08,2.585,2.634,2.576,2.614,20663012,TRY
2015-10-09,2.634,2.711,2.614,2.692,33476744,TRY
2015-10-12,2.663,2.692,2.643,2.682,31221920,TRY
2015-10-13,2.682,2.73,2.663,2.73,36820152,TRY
2015-10-14,2.73,2.73,2.682,2.701,17545628,TRY
2015-10-15,2.72,2.749,2.711,2.711,22208990,TRY
2015-10-16,2.72,2.73,2.672,2.682,18960564,TRY
2015-10-19,2.692,2.74,2.682,2.74,25305732,TRY
2015-10-20,2.74,2.788,2.73,2.778,21058928,TRY
2015-10-21,2.769,2.778,2.701,2.711,19234644,TRY
2015-10-22,2.711,2.73,2.701,2.711,14843550,TRY
2015-10-23,2.73,2.749,2.701,2.711,21100456,TRY
2015-10-26,2.72,2.72,2.653,2.653,21829386,TRY
2015-10-27,2.672,2.672,2.595,2.614,17713316,TRY
2015-10-28,2.614,2.643,2.605,2.643,4888208,TRY
2015-10-30,2.624,2.759,2.605,2.73,22573024,TRY
2015-11-02,2.971,3.27,2.952,3.058,59164636,TRY
2015-11-03,3.058,3.068,3.0,3.039,39808364,TRY
2015-11-04,3.068,3.126,3.068,3.106,52327652,TRY
2015-11-05,3.087,3.106,3.019,3.029,39111328,TRY
2015-11-06,3.039,3.048,2.942,2.952,15519568,TRY
2015-11-09,2.952,2.962,2.913,2.913,28086516,TRY
2015-11-10,2.933,2.962,2.856,2.865,28683592,TRY
2015-11-11,2.884,2.952,2.884,2.933,25905948,TRY
2015-11-12,2.952,2.981,2.923,2.971,40427116,TRY
2015-11-13,2.971,2.99,2.913,2.923,18878320,TRY
2015-11-16,2.904,2.933,2.856,2.875,24732436,TRY
2015-11-17,2.894,2.933,2.865,2.875,54873640,TRY
2015-11-18,2.875,2.904,2.836,2.846,36756664,TRY
2015-11-19,2.865,2.904,2.856,2.894,36091688,TRY
2015-11-20,2.894,2.952,2.894,2.933,36027872,TRY
2015-11-23,2.923,2.942,2.913,2.923,23098592,TRY
2015-11-24,2.923,2.933,2.759,2.788,52683112,TRY
2015-11-25,2.798,2.817,2.74,2.798,51350712,TRY
2015-11-26,2.778,2.778,2.682,2.682,27583304,TRY
2015-11-27,2.672,2.778,2.672,2.74,30015242,TRY
2015-11-30,2.749,2.778,2.653,2.682,36625584,TRY
2015-12-01,2.692,2.759,2.682,2.759,61382548,TRY
2015-12-02,2.778,2.817,2.711,2.73,69536000,TRY
2015-12-03,2.74,2.749,2.682,2.682,45802388,TRY
2015-12-04,2.701,2.711,2.556,2.585,66911968,TRY
2015-12-07,2.595,2.634,2.508,2.614,54588952,TRY
2015-12-08,2.595,2.595,2.508,2.527,52587692,TRY
2015-12-09,2.537,2.605,2.498,2.595,39834264,TRY
2015-12-10,2.576,2.643,2.479,2.489,48426376,TRY
2015-12-11,2.508,2.518,2.431,2.47,44279632,TRY
2015-12-14,2.489,2.537,2.441,2.47,31401916,TRY
2015-12-15,2.489,2.576,2.489,2.556,44058184,TRY
2015-12-16,2.556,2.585,2.527,2.576,43624676,TRY
2015-12-17,2.605,2.634,2.556,2.614,44359172,TRY
2015-12-18,2.605,2.605,2.518,2.537,25537524,TRY
2015-12-21,2.556,2.634,2.537,2.614,25466192,TRY
2015-12-22,2.605,2.614,2.537,2.585,34530648,TRY
2015-12-23,2.595,2.643,2.595,2.624,29641208,TRY
2015-12-24,2.634,2.634,2.585,2.595,14273936,TRY
2015-12-25,2.595,2.595,2.566,2.585,4268290,TRY
2015-12-28,2.585,2.614,2.566,2.576,16702384,TRY
2015-12-29,2.585,2.585,2.537,2.566,23007728,TRY
2015-12-30,2.566,2.585,2.547,2.547,15305311,TRY
2015-12-31,2.556,2.566,2.479,2.508,22473504,TRY
2016-01-04,2.46,2.47,2.431,2.46,19578996,TRY
2016-01-05,2.489,2.498,2.421,2.489,39741968,TRY
2016-01-06,2.47,2.508,2.441,2.498,37384112,TRY
2016-01-07,2.47,2.479,2.373,2.441,188720576,TRY
2016-01-08,2.46,2.479,2.412,2.421,71387888,TRY
2016-01-11,2.412,2.508,2.412,2.498,82167784,TRY
2016-01-12,2.498,2.556,2.46,2.547,88543000,TRY
2016-01-13,2.576,2.585,2.518,2.527,56619000,TRY
2016-01-14,2.518,2.547,2.489,2.518,57336916,TRY
2016-01-15,2.518,2.527,2.45,2.46,52528360,TRY
2016-01-18,2.47,2.479,2.45,2.46,24691278,TRY
2016-01-19,2.479,2.508,2.45,2.46,45448988,TRY
2016-01-20,2.441,2.46,2.392,2.412,74644560,TRY
2016-01-21,2.412,2.421,2.334,2.354,89741088,TRY
2016-01-22,2.383,2.412,2.364,2.402,67256440,TRY
2016-01-25,2.421,2.421,2.392,2.402,29434088,TRY
2016-01-26,2.383,2.441,2.364,2.431,53153004,TRY
2016-01-27,2.431,2.46,2.412,2.431,67583328,TRY
2016-01-28,2.441,2.489,2.431,2.46,74895448,TRY
2016-01-29,2.489,2.508,2.479,2.489,49672688,TRY
2016-02-01,2.489,2.498,2.46,2.489,34030528,TRY
2016-02-02,2.489,2.508,2.47,2.47,39872544,TRY
2016-02-03,2.46,2.518,2.45,2.498,62585024,TRY
2016-02-04,2.527,2.556,2.518,2.547,56915572,TRY
2016-02-05,2.547,2.585,2.547,2.547,29298844,TRY
2016-02-08,2.556,2.585,2.421,2.431,75038960,TRY
2016-02-09,2.412,2.412,2.344,2.383,64244416,TRY
2016-02-10,2.402,2.421,2.364,2.392,35318676,TRY
2016-02-11,2.364,2.392,2.325,2.344,50907200,TRY
2016-02-12,2.354,2.373,2.296,2.296,87699280,TRY
2016-02-15,2.315,2.315,2.228,2.267,62933036,TRY
2016-02-16,2.286,2.315,2.277,2.306,40693396,TRY
2016-02-17,2.306,2.392,2.296,2.392,43547632,TRY
2016-02-18,2.392,2.392,2.354,2.392,35022304,TRY
2016-02-19,2.383,2.392,2.325,2.344,32779072,TRY
2016-02-22,2.373,2.421,2.373,2.421,27526150,TRY
2016-02-23,2.412,2.498,2.412,2.47,62446920,TRY
2016-02-24,2.489,2.489,2.392,2.392,38343288,TRY
2016-02-25,2.412,2.46,2.392,2.46,46915024,TRY
2016-02-26,2.47,2.489,2.431,2.441,37853740,TRY
2016-02-29,2.441,2.489,2.421,2.489,40729960,TRY
2016-03-01,2.498,2.508,2.45,2.47,37638876,TRY
2016-03-02,2.489,2.508,2.479,2.489,40864048,TRY
2016-03-03,2.498,2.518,2.47,2.479,57320492,TRY
2016-03-04,2.489,2.489,2.441,2.47,36550992,TRY
2016-03-07,2.47,2.518,2.47,2.508,42850232,TRY
2016-03-08,2.498,2.527,2.489,2.489,54636648,TRY
2016-03-09,2.489,2.508,2.479,2.508,53032800,TRY
2016-03-10,2.508,2.556,2.508,2.537,81330944,TRY
2016-03-11,2.556,2.643,2.527,2.643,67532752,TRY
2016-03-14,2.624,2.692,2.614,2.692,45773544,TRY
2016-03-15,2.682,2.682,2.614,2.624,43136964,TRY
2016-03-16,2.634,2.663,2.614,2.663,41343680,TRY
2016-03-17,2.701,2.759,2.692,2.74,52980844,TRY
2016-03-18,2.749,2.769,2.701,2.769,58302032,TRY
2016-03-21,2.749,2.759,2.711,2.749,47443568,TRY
2016-03-22,2.72,2.73,2.605,2.624,78219568,TRY
2016-03-23,2.614,2.634,2.547,2.556,58671960,TRY
2016-03-24,2.547,2.624,2.537,2.624,38039328,TRY
2016-03-25,2.624,2.653,2.614,2.624,12362047,TRY
2016-03-28,2.634,2.643,2.595,2.614,19573522,TRY
2016-03-29,2.624,2.682,2.624,2.663,34577768,TRY
2016-03-30,2.711,2.749,2.701,2.73,43806144,TRY
2016-03-31,2.74,2.788,2.72,2.769,42135216,TRY
2016-04-01,2.759,2.788,2.73,2.749,36238680,TRY
2016-04-04,2.769,2.826,2.749,2.807,46773880,TRY
2016-04-05,2.798,2.817,2.769,2.798,37608272,TRY
2016-04-06,2.798,2.817,2.72,2.73,28244858,TRY
2016-04-07,2.749,2.769,2.692,2.701,22881550,TRY
2016-04-08,2.711,2.788,2.692,2.769,30278628,TRY
2016-04-11,2.769,2.856,2.749,2.856,39616536,TRY
2016-04-12,2.856,2.865,2.788,2.807,47911760,TRY
2016-04-13,2.826,2.884,2.807,2.865,45774312,TRY
2016-04-14,2.865,2.875,2.817,2.826,40578476,TRY
2016-04-15,2.836,2.846,2.788,2.826,28700582,TRY
2016-04-18,2.817,2.913,2.807,2.913,57904224,TRY
2016-04-19,2.913,2.913,2.856,2.884,51865676,TRY
2016-04-20,2.875,2.923,2.836,2.856,63782092,TRY
2016-04-21,2.875,2.894,2.846,2.865,35091236,TRY
2016-04-22,2.865,2.894,2.856,2.884,25124480,TRY
2016-04-25,2.884,2.933,2.817,2.826,37615392,TRY
2016-04-26,2.836,2.894,2.826,2.875,31885422,TRY
2016-04-27,2.894,2.962,2.894,2.913,42984892,TRY
2016-04-28,2.913,2.942,2.875,2.942,41478368,TRY
2016-04-29,2.942,2.942,2.875,2.904,31803376,TRY
2016-05-02,2.894,2.904,2.769,2.788,45359044,TRY
2016-05-03,2.807,2.826,2.672,2.682,45293652,TRY
2016-05-04,2.682,2.711,2.624,2.672,52753004,TRY
2016-05-05,2.595,2.701,2.556,2.653,51663768,TRY
2016-05-06,2.663,2.692,2.624,2.672,30409440,TRY
2016-05-09,2.701,2.749,2.692,2.701,21901204,TRY
2016-05-10,2.711,2.711,2.663,2.682,23432916,TRY
2016-05-11,2.682,2.682,2.653,2.682,25282380,TRY
2016-05-12,2.672,2.692,2.643,2.663,23645800,TRY
2016-05-13,2.653,2.682,2.624,2.634,15364171,TRY
2016-05-16,2.643,2.653,2.585,2.614,13148260,TRY
2016-05-17,2.634,2.643,2.605,2.634,13641984,TRY
2016-05-18,2.624,2.653,2.605,2.624,12230868,TRY
2016-05-20,2.634,2.634,2.576,2.624,24260028,TRY
2016-05-23,2.624,2.653,2.614,2.643,16728039,TRY
2016-05-24,2.66,2.76,2.58,2.76,46832328,TRY
2016-05-25,2.77,2.78,2.72,2.73,32629400,TRY
2016-05-26,2.71,2.71,2.65,2.71,30188708,TRY
2016-05-27,2.71,2.72,2.68,2.69,11026786,TRY
2016-05-30,2.68,2.71,2.68,2.71,7466036,TRY
2016-05-31,2.72,2.73,2.69,2.7,23575284,TRY
2016-06-01,2.7,2.73,2.68,2.72,17495632,TRY
2016-06-02,2.73,2.76,2.67,2.68,21153140,TRY
2016-06-03,2.69,2.79,2.68,2.77,24469480,TRY
2016-06-06,2.78,2.83,2.77,2.81,17406494,TRY
2016-06-07,2.83,2.85,2.78,2.82,24624044,TRY
2016-06-08,2.82,2.87,2.81,2.83,37340280,TRY
2016-06-09,2.84,2.84,2.78,2.79,14438934,TRY
2016-06-10,2.78,2.8,2.72,2.76,24698604,TRY
2016-06-13,2.74,2.77,2.7,2.74,25431028,TRY
2016-06-14,2.73,2.74,2.68,2.71,23214000,TRY
2016-06-15,2.73,2.75,2.71,2.73,16247690,TRY
2016-06-16,2.72,2.72,2.66,2.67,17986136,TRY
2016-06-17,2.7,2.73,2.69,2.71,18037176,TRY
2016-06-20,2.73,2.83,2.73,2.83,27661564,TRY
2016-06-21,2.83,2.85,2.8,2.82,19544556,TRY
2016-06-22,2.82,2.89,2.81,2.87,18033344,TRY
2016-06-23,2.88,2.88,2.81,2.82,13366598,TRY
2016-06-24,2.68,2.73,2.65,2.73,30547112,TRY
2016-06-27,2.74,2.75,2.69,2.73,11733569,TRY
2016-06-28,2.75,2.83,2.75,2.83,26941504,TRY
2016-06-29,2.83,2.86,2.79,2.83,17229406,TRY
2016-06-30,2.83,2.88,2.82,2.86,12753358,TRY
2016-07-01,2.88,2.9,2.84,2.87,13561696,TRY
2016-07-04,2.87,2.93,2.86,2.92,9828997,TRY
2016-07-08,2.9,2.91,2.86,2.91,11471310,TRY
2016-07-11,2.93,3.0,2.93,2.99,20000812,TRY
2016-07-12,3.0,3.07,2.99,3.06,30582680,TRY
2016-07-13,3.05,3.08,3.0,3.05,22670860,TRY
2016-07-14,3.06,3.12,3.03,3.11,30640408,TRY
2016-07-15,3.09,3.12,3.06,3.1,18110764,TRY
2016-07-18,3.01,3.01,2.61,2.71,92929952,TRY
2016-07-19,2.68,2.82,2.66,2.75,38084116,TRY
2016-07-20,2.75,2.84,2.71,2.79,57410360,TRY
2016-07-21,2.76,2.78,2.58,2.61,67726064,TRY
2016-07-22,2.65,2.65,2.5,2.56,54115336,TRY
2016-07-25,2.59,2.67,2.58,2.67,35204800,TRY
2016-07-26,2.7,2.72,2.63,2.64,33951368,TRY
2016-07-27,2.65,2.74,2.64,2.72,38097544,TRY
2016-07-28,2.74,2.75,2.66,2.68,31336860,TRY
2016-07-29,2.68,2.68,2.64,2.67,28078576,TRY
2016-08-01,2.7,2.73,2.69,2.7,23350170,TRY
2016-08-02,2.71,2.72,2.68,2.68,19198230,TRY
2016-08-03,2.67,2.68,2.63,2.65,17594914,TRY
2016-08-04,2.66,2.7,2.64,2.7,26774786,TRY
2016-08-05,2.71,2.72,2.67,2.7,20836804,TRY
2016-08-08,2.75,2.78,2.72,2.76,40984320,TRY
2016-08-09,2.77,2.93,2.77,2.89,99506192,TRY
2016-08-10,2.91,2.97,2.9,2.93,57059748,TRY
2016-08-11,2.94,3.0,2.93,2.95,33877756,TRY
2016-08-12,2.96,2.99,2.92,2.93,28746280,TRY
2016-08-15,2.94,2.97,2.94,2.94,22486790,TRY
2016-08-16,2.96,2.96,2.87,2.91,18954260,TRY
2016-08-17,2.92,2.95,2.91,2.94,15826683,TRY
2016-08-18,2.97,2.97,2.92,2.92,20886836,TRY
2016-08-19,2.92,2.93,2.89,2.92,11050705,TRY
2016-08-22,2.91,2.91,2.87,2.89,19066228,TRY
2016-08-23,2.9,2.91,2.88,2.88,18939228,TRY
2016-08-24,2.84,2.84,2.79,2.81,20591240,TRY
2016-08-25,2.82,2.87,2.82,2.86,16484975,TRY
2016-08-26,2.86,2.95,2.84,2.94,37117216,TRY
2016-08-29,2.92,2.93,2.88,2.88,9517869,TRY
2016-08-31,2.88,2.92,2.87,2.91,25179872,TRY
2016-09-01,2.93,2.94,2.89,2.92,25270302,TRY
2016-09-02,2.93,2.97,2.9,2.94,21870612,TRY
2016-09-05,2.95,2.97,2.93,2.93,10447556,TRY
2016-09-06,2.94,2.96,2.93,2.93,15967305,TRY
2016-09-07,2.95,2.96,2.92,2.93,17090248,TRY
2016-09-08,2.95,2.99,2.93,2.94,30009348,TRY
2016-09-09,2.93,2.94,2.91,2.91,7885526,TRY
2016-09-16,2.92,2.98,2.9,2.94,24074376,TRY
2016-09-19,2.95,2.99,2.94,2.97,22640940,TRY
2016-09-20,2.96,2.99,2.95,2.97,18352284,TRY
2016-09-21,2.98,3.03,2.95,3.03,36337932,TRY
2016-09-22,3.06,3.21,3.05,3.17,54787448,TRY
2016-09-23,3.17,3.19,3.14,3.17,27930140,TRY
2016-09-26,2.98,3.02,2.95,3.0,28375258,TRY
2016-09-27,3.02,3.13,3.02,3.11,40205176,TRY
2016-09-28,3.12,3.14,3.09,3.11,16633403,TRY
2016-09-29,3.11,3.13,3.05,3.05,20052092,TRY
2016-09-30,3.02,3.06,2.99,3.04,15033950,TRY
2016-10-03,3.06,3.1,3.03,3.04,13183167,TRY
2016-10-04,3.05,3.06,2.95,2.98,19830600,TRY
2016-10-05,2.96,3.04,2.94,3.02,20522794,TRY
2016-10-06,3.04,3.08,3.02,3.03,21673216,TRY
2016-10-07,3.03,3.06,3.02,3.02,14239533,TRY
2016-10-10,3.04,3.05,3.0,3.02,9700282,TRY
2016-10-11,3.01,3.02,2.98,2.98,15723268,TRY
2016-10-12,3.0,3.02,2.95,2.97,17901886,TRY
2016-10-13,2.96,3.0,2.95,2.97,18236398,TRY
2016-10-14,2.98,3.04,2.97,3.0,18978768,TRY
2016-10-17,3.0,3.0,2.95,2.96,17876166,TRY
2016-10-18,2.98,3.01,2.97,3.0,20896740,TRY
2016-10-19,3.03,3.16,3.0,3.14,69183464,TRY
2016-10-20,3.14,3.15,3.11,3.11,18610016,TRY
2016-10-21,3.11,3.14,3.09,3.09,18096352,TRY
2016-10-24,3.11,3.19,3.1,3.18,32090948,TRY
2016-10-25,3.17,3.19,3.12,3.14,23894652,TRY
2016-10-26,3.14,3.17,3.08,3.14,46237856,TRY
2016-10-27,3.12,3.16,3.12,3.14,17643426,TRY
2016-10-28,3.13,3.19,3.13,3.18,16073978,TRY
2016-10-31,3.19,3.21,3.16,3.16,24786428,TRY
2016-11-01,3.21,3.22,3.11,3.14,32723894,TRY
2016-11-02,3.12,3.16,3.12,3.15,17003780,TRY
2016-11-03,3.14,3.18,3.12,3.14,17984846,TRY
2016-11-04,3.11,3.12,3.05,3.08,33161408,TRY
2016-11-07,3.11,3.15,3.1,3.13,32897712,TRY
2016-11-08,3.12,3.13,3.08,3.1,21629016,TRY
2016-11-09,3.0,3.13,3.0,3.1,24708772,TRY
2016-11-10,3.13,3.15,3.09,3.09,20717620,TRY
2016-11-11,3.08,3.09,2.98,2.98,35912840,TRY
2016-11-14,3.0,3.01,2.85,2.86,60407388,TRY
2016-11-15,2.87,2.93,2.87,2.92,49743348,TRY
2016-11-16,2.93,2.94,2.88,2.89,38798572,TRY
2016-11-17,2.91,2.93,2.9,2.91,17412044,TRY
2016-11-18,2.9,2.91,2.86,2.9,34497272,TRY
2016-11-21,2.92,2.93,2.88,2.92,19079528,TRY
2016-11-22,2.91,2.95,2.9,2.92,23193848,TRY
2016-11-23,2.93,2.94,2.9,2.91,15170885,TRY
2016-11-24,2.91,2.93,2.87,2.88,27269450,TRY
2016-11-25,2.87,2.89,2.84,2.87,18121054,TRY
2016-11-28,2.9,2.91,2.88,2.9,17098728,TRY
2016-11-29,2.9,2.91,2.81,2.84,28283340,TRY
2016-11-30,2.85,2.91,2.84,2.89,32155452,TRY
2016-12-01,2.89,2.91,2.81,2.82,20105868,TRY
2016-12-02,2.83,2.86,2.78,2.84,30616992,TRY
2016-12-05,2.83,2.9,2.83,2.86,27447584,TRY
2016-12-06,2.88,2.95,2.88,2.94,24290818,TRY
2016-12-07,2.95,2.98,2.93,2.97,24220156,TRY
2016-12-08,2.98,3.01,2.93,2.97,27518868,TRY
2016-12-09,2.98,2.98,2.95,2.97,14526208,TRY
2016-12-12,2.95,3.0,2.93,3.0,15766587,TRY
2016-12-13,3.01,3.1,3.0,3.07,40970480,TRY
2016-12-14,3.07,3.08,3.03,3.03,16054314,TRY
2016-12-15,3.01,3.04,2.96,2.99,51291916,TRY
2016-12-16,3.01,3.01,2.97,2.99,25492340,TRY
2016-12-19,2.99,3.0,2.94,2.94,27013998,TRY
2016-12-20,2.94,3.0,2.91,2.98,32228220,TRY
2016-12-21,2.99,3.0,2.96,2.97,18408212,TRY
2016-12-22,2.96,2.98,2.94,2.96,12999415,TRY
2016-12-23,2.95,2.96,2.94,2.95,7406726,TRY
2016-12-26,2.96,2.97,2.95,2.96,2081580,TRY
2016-12-27,2.97,2.97,2.94,2.94,6660103,TRY
2016-12-28,2.95,2.99,2.93,2.99,24419446,TRY
2016-12-29,2.99,3.0,2.97,2.97,9427823,TRY
2016-12-30,2.98,2.99,2.95,2.99,14907354,TRY
2017-01-02,2.98,2.99,2.94,2.99,15808655,TRY
2017-01-03,2.99,3.0,2.93,2.93,23986034,TRY
2017-01-04,2.94,2.95,2.91,2.95,14423087,TRY
2017-01-05,2.95,2.98,2.94,2.97,32116160,TRY
2017-01-06,2.97,3.01,2.96,2.99,19904538,TRY
2017-01-09,2.98,3.0,2.94,2.97,29754452,TRY
2017-01-10,2.95,2.98,2.94,2.97,21615244,TRY
2017-01-11,2.95,2.97,2.93,2.95,20501020,TRY
2017-01-12,2.96,3.07,2.95,3.05,64887484,TRY
2017-01-13,3.05,3.12,3.05,3.08,38074472,TRY
2017-01-16,3.09,3.1,3.01,3.01,35716444,TRY
2017-01-17,3.02,3.04,2.99,3.04,32043960,TRY
2017-01-18,3.04,3.07,3.02,3.04,49019848,TRY
2017-01-19,3.08,3.09,3.03,3.03,35540164,TRY
2017-01-20,3.04,3.06,3.03,3.04,21234640,TRY
2017-01-23,3.06,3.07,3.03,3.04,13245496,TRY
2017-01-24,3.05,3.06,3.0,3.04,41022512,TRY
2017-01-25,3.05,3.08,3.02,3.02,27020556,TRY
2017-01-26,3.04,3.05,2.98,3.01,48732608,TRY
2017-01-27,3.0,3.01,2.95,2.95,35651988,TRY
2017-01-30,2.95,3.06,2.95,3.06,63843592,TRY
2017-01-31,3.07,3.1,3.05,3.07,32727692,TRY
2017-02-01,3.07,3.11,3.06,3.09,27363150,TRY
2017-02-02,3.1,3.15,3.09,3.11,46366032,TRY
2017-02-03,3.11,3.19,3.1,3.16,45105408,TRY
2017-02-06,3.19,3.21,3.09,3.09,47696912,TRY
2017-02-07,3.09,3.15,3.08,3.13,37136696,TRY
2017-02-08,3.13,3.14,3.09,3.12,23110612,TRY
2017-02-09,3.12,3.18,3.11,3.17,33721488,TRY
2017-02-10,3.18,3.19,3.1,3.1,27563170,TRY
2017-02-13,3.12,3.14,3.11,3.12,18401284,TRY
2017-02-14,3.14,3.16,3.11,3.13,32258998,TRY
2017-02-15,3.14,3.15,3.08,3.09,23496064,TRY
2017-02-16,3.1,3.14,3.09,3.14,33873440,TRY
2017-02-17,3.14,3.15,3.12,3.13,15771231,TRY
2017-02-20,3.15,3.17,3.13,3.15,24837916,TRY
2017-02-21,3.15,3.17,3.12,3.13,21163528,TRY
2017-02-22,3.14,3.15,3.11,3.12,21171796,TRY
2017-02-23,3.13,3.15,3.12,3.14,23680356,TRY
2017-02-24,3.14,3.15,3.12,3.13,12487583,TRY
2017-02-27,3.14,3.14,3.12,3.13,9085704,TRY
2017-02-28,3.1,3.15,3.09,3.13,27406740,TRY
2017-03-01,3.14,3.23,3.13,3.22,41466952,TRY
2017-03-02,3.23,3.24,3.16,3.16,31946068,TRY
2017-03-03,3.15,3.2,3.13,3.15,41866864,TRY
2017-03-06,3.15,3.25,3.15,3.2,38136160,TRY
2017-03-07,3.23,3.24,3.18,3.18,18283304,TRY
2017-03-08,3.19,3.19,3.14,3.17,31486656,TRY
2017-03-09,3.16,3.17,3.1,3.11,27581786,TRY
2017-03-10,3.12,3.15,3.11,3.12,28262590,TRY
2017-03-13,3.11,3.13,3.07,3.08,23264904,TRY
2017-03-14,3.09,3.11,3.07,3.08,28792584,TRY
2017-03-15,3.08,3.11,3.08,3.09,14695375,TRY
2017-03-16,3.12,3.15,3.11,3.14,27210650,TRY
2017-03-17,3.15,3.16,3.06,3.07,46206544,TRY
2017-03-20,3.06,3.07,3.05,3.06,15779418,TRY
2017-03-21,3.06,3.11,3.04,3.09,42184688,TRY
2017-03-22,3.08,3.08,3.04,3.07,20122560,TRY
2017-03-23,3.09,3.11,3.07,3.1,23757052,TRY
2017-03-24,3.1,3.11,3.04,3.05,28500992,TRY
2017-03-27,3.01,3.01,2.81,2.87,158115408,TRY
2017-03-28,2.88,2.91,2.84,2.91,62025968,TRY
2017-03-29,2.87,2.9,2.85,2.87,35022308,TRY
2017-03-30,2.89,2.92,2.88,2.91,36714208,TRY
2017-03-31,2.91,2.92,2.9,2.9,18153380,TRY
2017-04-03,2.92,2.93,2.85,2.89,32421830,TRY
2017-04-04,2.89,2.9,2.86,2.88,27359538,TRY
2017-04-05,2.88,2.89,2.84,2.85,40168484,TRY
2017-04-06,2.84,2.86,2.83,2.85,30832676,TRY
2017-04-07,2.84,2.86,2.83,2.85,21131836,TRY
2017-04-10,2.86,2.92,2.85,2.92,42940652,TRY
2017-04-11,2.92,2.93,2.87,2.87,36138132,TRY
2017-04-12,2.89,2.9,2.85,2.86,26223260,TRY
2017-04-13,2.87,2.88,2.83,2.83,26241234,TRY
2017-04-14,2.83,2.84,2.82,2.84,13458080,TRY
2017-04-17,2.88,2.89,2.85,2.88,27472704,TRY
2017-04-18,2.87,2.88,2.85,2.86,26940214,TRY
2017-04-19,2.87,2.88,2.83,2.83,43569608,TRY
2017-04-20,2.84,2.91,2.84,2.91,51871052,TRY
2017-04-21,2.93,2.96,2.91,2.92,53584300,TRY
2017-04-24,2.95,2.96,2.94,2.96,35966620,TRY
2017-04-25,2.97,2.97,2.91,2.96,43337940,TRY
2017-04-26,2.96,2.96,2.93,2.94,41081500,TRY
2017-04-27,2.95,2.99,2.93,2.94,47831448,TRY
2017-04-28,2.95,2.96,2.94,2.95,23932392,TRY
2017-05-02,2.96,2.98,2.94,2.94,27000190,TRY
2017-05-03,2.94,2.95,2.91,2.91,28812996,TRY
2017-05-04,2.92,2.92,2.85,2.85,27897136,TRY
2017-05-05,2.86,2.91,2.85,2.9,25458936,TRY
2017-05-08,2.603,2.612,2.567,2.576,28369300,TRY
2017-05-09,2.567,2.594,2.567,2.585,26945100,TRY
2017-05-10,2.576,2.612,2.567,2.603,48754800,TRY
2017-05-11,2.612,2.612,2.567,2.576,37032700,TRY
2017-05-12,2.576,2.594,2.558,2.558,22162700,TRY
2017-05-15,2.576,2.594,2.567,2.576,32074900,TRY
2017-05-16,2.585,2.621,2.576,2.603,59439200,TRY
2017-05-17,2.603,2.612,2.576,2.585,31365000,TRY
2017-05-18,2.576,2.585,2.54,2.558,31649300,TRY
2017-05-22,2.576,2.585,2.567,2.576,20456200,TRY
2017-05-23,2.567,2.612,2.567,2.603,43874100,TRY
2017-05-24,2.612,2.72,2.612,2.684,134376992,TRY
2017-05-25,2.693,2.711,2.657,2.675,60012600,TRY
2017-05-26,2.675,2.702,2.657,2.693,43156000,TRY
2017-05-29,2.702,2.72,2.684,2.702,26285700,TRY
2017-05-30,2.711,2.756,2.702,2.72,80179696,TRY
2017-05-31,2.738,2.765,2.72,2.738,70433696,TRY
2017-06-01,2.738,2.747,2.666,2.675,53228300,TRY
2017-06-02,2.711,2.72,2.684,2.711,38425900,TRY
2017-06-05,2.729,2.729,2.657,2.684,69751504,TRY
2017-06-06,2.675,2.684,2.639,2.666,32864900,TRY
2017-06-07,2.675,2.684,2.63,2.63,64402500,TRY
2017-06-08,2.648,2.666,2.63,2.657,44124500,TRY
2017-06-09,2.666,2.702,2.657,2.693,41153600,TRY
2017-06-12,2.702,2.711,2.675,2.684,29073000,TRY
2017-06-13,2.702,2.711,2.675,2.675,48119600,TRY
2017-06-14,2.666,2.675,2.639,2.648,34552700,TRY
2017-06-15,2.648,2.666,2.612,2.648,45298300,TRY
2017-06-16,2.639,2.657,2.612,2.621,20291600,TRY
2017-06-19,2.648,2.657,2.621,2.639,17802700,TRY
2017-06-20,2.657,2.657,2.621,2.63,20417900,TRY
2017-06-21,2.639,2.639,2.621,2.63,36078400,TRY
2017-06-22,2.639,2.657,2.621,2.63,37333600,TRY
2017-06-23,2.639,2.675,2.639,2.675,62679000,TRY
2017-06-28,2.684,2.684,2.639,2.657,41024200,TRY
2017-06-29,2.666,2.675,2.639,2.639,43274400,TRY
2017-06-30,2.639,2.648,2.63,2.639,20155300,TRY
2017-07-03,2.648,2.666,2.639,2.639,20492100,TRY
2017-07-04,2.639,2.666,2.63,2.648,31409200,TRY
2017-07-05,2.657,2.657,2.63,2.63,24466100,TRY
2017-07-06,2.639,2.639,2.612,2.612,42861300,TRY
2017-07-07,2.612,2.621,2.603,2.603,18636700,TRY
2017-07-10,2.621,2.63,2.603,2.621,20214100,TRY
2017-07-11,2.621,2.684,2.612,2.675,61354800,TRY
2017-07-12,2.684,2.72,2.675,2.72,66464300,TRY
2017-07-13,2.729,2.756,2.72,2.738,49919600,TRY
2017-07-14,2.747,2.792,2.711,2.774,47903900,TRY
2017-07-17,2.774,2.819,2.774,2.783,57977900,TRY
2017-07-18,2.792,2.828,2.765,2.819,47857400,TRY
2017-07-19,2.828,2.873,2.801,2.854,58749400,TRY
2017-07-20,2.864,2.908,2.845,2.873,77102896,TRY
2017-07-21,2.873,2.908,2.854,2.881,44260700,TRY
2017-07-24,2.89,2.935,2.864,2.926,80079104,TRY
2017-07-25,2.926,2.98,2.864,2.864,84462096,TRY
2017-07-26,2.864,2.89,2.837,2.873,64504000,TRY
2017-07-27,2.89,2.908,2.881,2.908,26777000,TRY
2017-07-28,2.917,2.926,2.864,2.908,39466000,TRY
2017-07-31,2.926,2.926,2.854,2.854,34725100,TRY
2017-08-01,2.864,2.881,2.81,2.828,65556100,TRY
2017-08-02,2.819,2.837,2.81,2.819,24944100,TRY
2017-08-03,2.828,2.854,2.828,2.845,31145400,TRY
2017-08-04,2.854,2.908,2.845,2.89,52238600,TRY
2017-08-07,2.917,2.917,2.89,2.908,29296900,TRY
2017-08-08,2.908,2.908,2.845,2.854,52698600,TRY
2017-08-09,2.837,2.845,2.774,2.783,61916900,TRY
2017-08-10,2.792,2.81,2.765,2.774,57102000,TRY
2017-08-11,2.765,2.774,2.693,2.747,67091800,TRY
2017-08-14,2.765,2.801,2.756,2.792,27215700,TRY
2017-08-15,2.801,2.828,2.648,2.657,91944304,TRY
2017-08-16,2.666,2.684,2.594,2.639,75376304,TRY
2017-08-17,2.657,2.666,2.621,2.648,40821500,TRY
2017-08-18,2.639,2.648,2.612,2.639,44047300,TRY
2017-08-21,2.639,2.666,2.612,2.657,46873900,TRY
2017-08-22,2.666,2.684,2.63,2.63,45896600,TRY
2017-08-23,2.63,2.648,2.603,2.621,61433600,TRY
2017-08-24,2.666,2.675,2.639,2.648,79116304,TRY
2017-08-25,2.648,2.666,2.63,2.639,37981900,TRY
2017-08-28,2.648,2.648,2.621,2.648,31342700,TRY
2017-08-29,2.648,2.648,2.612,2.63,46483200,TRY
2017-08-31,2.639,2.639,2.621,2.639,25756500,TRY
2017-09-05,2.639,2.648,2.585,2.585,53188500,TRY
2017-09-06,2.594,2.594,2.558,2.585,54913100,TRY
2017-09-07,2.585,2.594,2.567,2.576,43684200,TRY
2017-09-08,2.576,2.585,2.513,2.522,70053600,TRY
2017-09-11,2.54,2.558,2.531,2.558,55080100,TRY
2017-09-12,2.558,2.612,2.531,2.585,131836400,TRY
2017-09-13,2.594,2.603,2.567,2.576,83630096,TRY
2017-09-14,2.594,2.603,2.549,2.558,72361104,TRY
2017-09-15,2.567,2.567,2.54,2.549,36257500,TRY
2017-09-18,2.558,2.558,2.469,2.469,79377104,TRY
2017-09-19,2.469,2.504,2.442,2.478,49176800,TRY
2017-09-20,2.486,2.504,2.46,2.478,50652700,TRY
2017-09-21,2.469,2.486,2.415,2.415,47030100,TRY
2017-09-22,2.433,2.442,2.388,2.406,34284400,TRY
2017-09-25,2.397,2.397,2.334,2.352,47380300,TRY
2017-09-26,2.37,2.46,2.361,2.442,59648200,TRY
2017-09-27,2.433,2.433,2.361,2.361,47017000,TRY
2017-09-28,2.361,2.415,2.361,2.388,34395100,TRY
2017-09-29,2.397,2.424,2.379,2.406,42370300,TRY
2017-10-02,2.406,2.433,2.388,2.424,33691800,TRY
2017-10-03,2.424,2.442,2.406,2.433,53130800,TRY
2017-10-04,2.442,2.451,2.415,2.415,41975000,TRY
2017-10-05,2.424,2.433,2.397,2.397,33157800,TRY
2017-10-06,2.388,2.397,2.361,2.37,38117900,TRY
2017-10-09,2.307,2.307,2.217,2.271,58210000,TRY
2017-10-10,2.307,2.361,2.298,2.352,48411200,TRY
2017-10-11,2.343,2.388,2.343,2.37,57738100,TRY
2017-10-12,2.388,2.397,2.343,2.352,55052300,TRY
2017-10-13,2.352,2.361,2.325,2.352,40902400,TRY
2017-10-16,2.361,2.37,2.325,2.334,41551400,TRY
2017-10-17,2.334,2.352,2.325,2.325,31440900,TRY
2017-10-18,2.334,2.388,2.316,2.379,86639600,TRY
2017-10-19,2.388,2.415,2.37,2.415,73748896,TRY
2017-10-20,2.424,2.486,2.424,2.451,113445200,TRY
2017-10-23,2.442,2.442,2.406,2.406,43204000,TRY
2017-10-24,2.415,2.442,2.397,2.406,60530900,TRY
2017-10-25,2.415,2.469,2.406,2.46,63553400,TRY
2017-10-26,2.46,2.46,2.388,2.388,62563200,TRY
2017-10-27,2.388,2.433,2.361,2.424,57787000,TRY
2017-10-30,2.451,2.46,2.433,2.433,26727300,TRY
2017-10-31,2.406,2.406,2.352,2.37,59141400,TRY
2017-11-01,2.379,2.424,2.343,2.415,135043600,TRY
2017-11-02,2.451,2.495,2.406,2.469,166348992,TRY
2017-11-03,2.469,2.576,2.46,2.504,221557296,TRY
2017-11-06,2.531,2.549,2.486,2.522,92327000,TRY
2017-11-07,2.522,2.558,2.451,2.451,128061200,TRY
2017-11-08,2.469,2.478,2.397,2.433,102857696,TRY
2017-11-09,2.442,2.46,2.379,2.388,86674304,TRY
2017-11-10,2.397,2.406,2.343,2.352,71432304,TRY
2017-11-13,2.361,2.37,2.316,2.325,67991696,TRY
2017-11-14,2.325,2.406,2.325,2.397,87652096,TRY
2017-11-15,2.397,2.406,2.325,2.334,82048304,TRY
2017-11-16,2.343,2.37,2.316,2.334,69481200,TRY
2017-11-17,2.343,2.352,2.271,2.289,70282400,TRY
2017-11-20,2.298,2.298,2.208,2.217,86724096,TRY
2017-11-21,2.208,2.271,2.19,2.271,66738800,TRY
2017-11-22,2.262,2.271,2.208,2.253,63298600,TRY
2017-11-23,2.253,2.271,2.226,2.226,45130600,TRY
2017-11-24,2.226,2.253,2.208,2.244,23894400,TRY
2017-11-27,2.244,2.28,2.235,2.262,31199900,TRY
2017-11-28,2.262,2.271,2.181,2.19,74797104,TRY
2017-11-29,2.199,2.217,2.136,2.154,59062200,TRY
2017-11-30,2.172,2.208,2.172,2.208,43709300,TRY
2017-12-01,2.208,2.235,2.181,2.181,50845700,TRY
2017-12-04,2.181,2.226,2.181,2.217,31821700,TRY
2017-12-05,2.226,2.244,2.208,2.226,49499800,TRY
2017-12-06,2.235,2.271,2.217,2.244,70725504,TRY
2017-12-07,2.253,2.334,2.253,2.316,49254800,TRY
2017-12-08,2.325,2.361,2.307,2.343,42740400,TRY
2017-12-11,2.361,2.388,2.361,2.379,32086700,TRY
2017-12-12,2.379,2.379,2.352,2.361,35022700,TRY
2017-12-13,2.37,2.379,2.325,2.325,36481400,TRY
2017-12-14,2.343,2.406,2.343,2.397,74778400,TRY
2017-12-15,2.397,2.424,2.379,2.397,30245500,TRY
2017-12-18,2.415,2.522,2.415,2.522,78263904,TRY
2017-12-19,2.522,2.522,2.451,2.451,49433300,TRY
2017-12-20,2.46,2.469,2.433,2.442,39479400,TRY
2017-12-21,2.451,2.486,2.406,2.433,39432900,TRY
2017-12-22,2.442,2.469,2.442,2.451,27282400,TRY
2017-12-25,2.469,2.478,2.46,2.469,7482700,TRY
2017-12-26,2.478,2.495,2.469,2.486,14031800,TRY
2017-12-27,2.486,2.504,2.469,2.478,28085500,TRY
2017-12-28,2.549,2.558,2.522,2.549,46203300,TRY
2017-12-29,2.549,2.549,2.522,2.522,34218700,TRY
2018-01-02,2.531,2.576,2.531,2.558,36192500,TRY
2018-01-03,2.567,2.567,2.469,2.469,64888000,TRY
2018-01-04,2.469,2.504,2.424,2.433,58143100,TRY
2018-01-05,2.442,2.451,2.415,2.433,37414100,TRY
2018-01-08,2.451,2.495,2.442,2.469,43521100,TRY
2018-01-09,2.469,2.486,2.433,2.442,54971700,TRY
2018-01-10,2.442,2.486,2.433,2.469,65019200,TRY
2018-01-11,2.486,2.522,2.469,2.486,74401600,TRY
2018-01-12,2.495,2.504,2.46,2.46,46984600,TRY
2018-01-15,2.451,2.469,2.361,2.37,77238200,TRY
2018-01-16,2.361,2.433,2.334,2.424,64017600,TRY
2018-01-17,2.424,2.451,2.397,2.442,61964300,TRY
2018-01-18,2.451,2.46,2.406,2.406,54150400,TRY
2018-01-19,2.424,2.433,2.361,2.37,52072000,TRY
2018-01-22,2.388,2.397,2.343,2.361,60207200,TRY
2018-01-23,2.379,2.388,2.352,2.37,58982800,TRY
2018-01-24,2.37,2.406,2.361,2.397,77833200,TRY
2018-01-25,2.397,2.513,2.388,2.469,153135392,TRY
2018-01-26,2.486,2.54,2.406,2.415,159802208,TRY
2018-01-29,2.433,2.442,2.361,2.388,94534096,TRY
2018-01-30,2.379,2.397,2.352,2.361,56325200,TRY
2018-01-31,2.37,2.388,2.361,2.379,40463800,TRY
2018-02-01,2.388,2.406,2.334,2.343,71654496,TRY
2018-02-02,2.352,2.415,2.343,2.352,102053296,TRY
2018-02-05,2.352,2.397,2.325,2.334,100205504,TRY
2018-02-06,2.289,2.298,2.253,2.289,79578304,TRY
2018-02-07,2.307,2.325,2.289,2.289,68230400,TRY
2018-02-08,2.298,2.307,2.244,2.244,57668300,TRY
2018-02-09,2.208,2.226,2.19,2.217,72995400,TRY
2018-02-12,2.226,2.244,2.217,2.217,51347000,TRY
2018-02-13,2.226,2.226,2.199,2.199,39866400,TRY
2018-02-14,2.217,2.217,2.181,2.199,37710900,TRY
2018-02-15,2.217,2.235,2.208,2.235,47319100,TRY
2018-02-16,2.253,2.262,2.217,2.235,51200500,TRY
2018-02-19,2.244,2.253,2.208,2.208,49826300,TRY
2018-02-20,2.235,2.28,2.208,2.217,102963104,TRY
2018-02-21,2.253,2.262,2.226,2.253,51659400,TRY
2018-02-22,2.253,2.298,2.244,2.298,77733296,TRY
2018-02-23,2.307,2.334,2.298,2.316,69196200,TRY
2018-02-26,2.334,2.352,2.298,2.316,56965400,TRY
2018-02-27,2.352,2.37,2.325,2.343,158381504,TRY
2018-02-28,2.343,2.406,2.343,2.37,151000608,TRY
2018-03-01,2.37,2.388,2.334,2.352,83523200,TRY
2018-03-02,2.352,2.388,2.316,2.343,88534896,TRY
2018-03-05,2.352,2.361,2.325,2.343,47776800,TRY
2018-03-06,2.352,2.361,2.307,2.307,61279000,TRY
2018-03-07,2.307,2.361,2.289,2.361,67959104,TRY
2018-03-08,2.361,2.37,2.307,2.325,66749400,TRY
2018-03-09,2.334,2.343,2.316,2.334,37513300,TRY
2018-03-12,2.352,2.379,2.343,2.352,49614300,TRY
2018-03-13,2.361,2.37,2.325,2.334,47828000,TRY
2018-03-14,2.334,2.352,2.316,2.334,38970800,TRY
2018-03-15,2.334,2.343,2.307,2.316,46994300,TRY
2018-03-16,2.325,2.325,2.298,2.298,40119500,TRY
2018-03-19,2.298,2.307,2.262,2.262,72215600,TRY
2018-03-20,2.271,2.298,2.262,2.271,34498000,TRY
2018-03-21,2.28,2.298,2.271,2.28,38465900,TRY
2018-03-22,2.289,2.307,2.262,2.262,45495400,TRY
2018-03-23,2.244,2.271,2.226,2.271,40243400,TRY
2018-03-26,2.28,2.289,2.262,2.262,35012900,TRY
2018-03-27,2.28,2.361,2.28,2.334,136063696,TRY
2018-03-28,2.334,2.343,2.262,2.271,78310096,TRY
2018-03-29,2.28,2.289,2.262,2.271,51091300,TRY
2018-03-30,2.28,2.307,2.262,2.271,47547700,TRY
2018-04-02,2.28,2.289,2.262,2.271,26506300,TRY
2018-04-03,2.271,2.289,2.262,2.28,47056000,TRY
2018-04-04,2.28,2.352,2.28,2.298,123528200,TRY
2018-04-05,2.316,2.343,2.307,2.316,61486300,TRY
2018-04-06,2.307,2.307,2.28,2.28,57524300,TRY
2018-04-09,2.289,2.307,2.253,2.271,64761500,TRY
2018-04-10,2.289,2.289,2.19,2.199,81193200,TRY
2018-04-11,2.208,2.226,2.11,2.208,123913800,TRY
2018-04-12,2.208,2.226,2.19,2.226,88195000,TRY
2018-04-13,2.235,2.235,2.172,2.181,52551200,TRY
2018-04-16,2.19,2.235,2.19,2.235,52275600,TRY
2018-04-17,2.253,2.262,2.163,2.172,99397000,TRY
2018-04-18,2.172,2.226,2.136,2.226,81621400,TRY
2018-04-19,2.226,2.253,2.217,2.244,69275000,TRY
2018-04-20,2.244,2.244,2.208,2.217,31961900,TRY
2018-04-24,2.226,2.253,2.217,2.217,57587200,TRY
2018-04-25,2.226,2.235,2.163,2.172,80426704,TRY
2018-04-26,2.19,2.199,2.154,2.163,47710700,TRY
2018-04-27,2.172,2.181,2.145,2.172,36088300,TRY
2018-04-30,2.181,2.235,2.145,2.181,81418200,TRY
2018-05-02,2.208,2.28,2.199,2.271,70454000,TRY
2018-05-03,2.28,2.334,2.244,2.271,74623904,TRY
2018-05-04,2.262,2.307,2.262,2.28,54008100,TRY
2018-05-07,2.298,2.316,2.244,2.253,43110600,TRY
2018-05-08,2.271,2.28,2.208,2.208,60559000,TRY
2018-05-09,2.199,2.262,2.181,2.226,54409300,TRY
2018-05-10,2.244,2.253,2.19,2.235,61933200,TRY
2018-05-11,2.235,2.235,2.19,2.199,34069600,TRY
2018-05-14,2.208,2.271,2.199,2.271,40275700,TRY
2018-05-15,2.253,2.271,2.19,2.19,72550800,TRY
2018-05-16,2.199,2.199,2.163,2.163,56429000,TRY
2018-05-17,2.172,2.19,2.145,2.145,32695600,TRY
2018-05-18,2.154,2.163,2.065,2.091,68724400,TRY
2018-05-21,2.083,2.1,2.038,2.047,36084200,TRY
2018-05-22,2.056,2.091,2.047,2.091,68661400,TRY
2018-05-23,2.083,2.091,2.047,2.074,54036900,TRY
2018-05-24,2.091,2.091,1.993,2.002,52716200,TRY
2018-05-25,2.011,2.047,2.002,2.047,48959500,TRY
2018-05-28,2.074,2.11,2.074,2.1,31898700,TRY
2018-05-29,2.118,2.145,2.1,2.145,29134600,TRY
2018-05-30,2.145,2.172,2.083,2.083,51012200,TRY
2018-05-31,2.098,2.127,2.001,2.01,69491296,TRY
2018-06-01,2.01,2.02,1.933,1.971,72042000,TRY
2018-06-04,1.962,2.001,1.962,1.991,36936400,TRY
2018-06-05,1.991,2.01,1.903,1.913,58885700,TRY
2018-06-06,1.923,1.923,1.845,1.874,48893700,TRY
2018-06-07,1.874,1.913,1.855,1.913,41785400,TRY
2018-06-08,1.894,1.952,1.884,1.933,46927600,TRY
2018-06-11,1.933,1.942,1.874,1.913,30517000,TRY
2018-06-12,1.913,1.923,1.855,1.865,45916400,TRY
2018-06-13,1.855,1.874,1.826,1.826,32148900,TRY
2018-06-14,1.835,1.855,1.806,1.855,21658300,TRY
2018-06-18,1.845,1.874,1.835,1.855,31803900,TRY
2018-06-19,1.855,1.913,1.835,1.894,40292500,TRY
2018-06-20,1.894,1.971,1.865,1.962,50295700,TRY
2018-06-21,1.962,1.971,1.913,1.952,34013700,TRY
2018-06-22,1.952,1.981,1.942,1.952,14819400,TRY
2018-06-25,2.088,2.107,1.903,1.933,39035400,TRY
2018-06-26,1.933,1.962,1.923,1.942,17212700,TRY
2018-06-27,1.942,2.001,1.933,1.991,34241700,TRY
2018-06-28,1.981,2.02,1.971,1.991,24506600,TRY
2018-06-29,2.01,2.02,1.962,1.971,29672100,TRY
2018-07-02,1.952,1.981,1.933,1.942,39181400,TRY
2018-07-03,1.942,1.952,1.894,1.903,26984300,TRY
2018-07-04,1.903,1.923,1.884,1.903,36862800,TRY
2018-07-05,1.913,1.933,1.903,1.923,45052100,TRY
2018-07-06,1.923,1.942,1.894,1.903,42390000,TRY
2018-07-09,1.923,1.933,1.894,1.903,40858800,TRY
2018-07-10,1.903,1.913,1.797,1.797,88608400,TRY
2018-07-11,1.787,1.787,1.68,1.69,59936100,TRY
2018-07-12,1.7,1.729,1.631,1.651,73050400,TRY
2018-07-13,1.661,1.68,1.631,1.651,39448200,TRY
2018-07-16,1.661,1.67,1.631,1.631,24745400,TRY
2018-07-17,1.631,1.651,1.622,1.651,20518600,TRY
2018-07-18,1.651,1.661,1.593,1.622,41331400,TRY
2018-07-19,1.622,1.631,1.612,1.622,25158000,TRY
2018-07-20,1.631,1.651,1.622,1.641,18518000,TRY
2018-07-23,1.651,1.67,1.651,1.67,23916800,TRY
2018-07-24,1.67,1.68,1.602,1.612,46869600,TRY
2018-07-25,1.622,1.68,1.612,1.68,36118300,TRY
2018-07-26,1.68,1.729,1.641,1.67,59513300,TRY
2018-07-27,1.68,1.69,1.641,1.67,33271100,TRY
2018-07-30,1.661,1.68,1.641,1.68,35678100,TRY
2018-07-31,1.68,1.709,1.67,1.709,43308800,TRY
2018-08-01,1.719,1.719,1.68,1.68,22074000,TRY
2018-08-02,1.641,1.651,1.602,1.631,36889800,TRY
2018-08-03,1.622,1.7,1.622,1.68,40470400,TRY
2018-08-06,1.67,1.68,1.641,1.651,31943700,TRY
2018-08-07,1.651,1.67,1.631,1.661,24041600,TRY
2018-08-08,1.661,1.7,1.651,1.68,45575000,TRY
2018-08-09,1.661,1.758,1.651,1.709,74585800,TRY
2018-08-10,1.709,1.719,1.525,1.651,61730900,TRY
2018-08-13,1.563,1.612,1.476,1.563,57914700,TRY
2018-08-14,1.593,1.738,1.583,1.729,115417800,TRY
2018-08-15,1.748,1.845,1.719,1.797,123397200,TRY
2018-08-16,1.816,1.845,1.661,1.661,47747100,TRY
2018-08-17,1.641,1.69,1.583,1.612,50516400,TRY
2018-08-20,1.622,1.67,1.602,1.67,9953400,TRY
2018-08-27,1.709,1.758,1.68,1.729,31926300,TRY
2018-08-28,1.748,1.767,1.729,1.758,32535600,TRY
2018-08-29,1.748,1.777,1.729,1.748,20071200,TRY
2018-08-31,1.748,1.797,1.709,1.787,27266300,TRY
2018-09-03,1.777,1.826,1.777,1.806,24643400,TRY
2018-09-04,1.816,1.816,1.748,1.777,22556400,TRY
2018-09-05,1.767,1.797,1.767,1.777,18446700,TRY
2018-09-06,1.777,1.787,1.748,1.758,22610700,TRY
2018-09-07,1.767,1.806,1.758,1.777,36556000,TRY
2018-09-10,1.777,1.787,1.709,1.719,24494400,TRY
2018-09-11,1.719,1.729,1.7,1.709,10209000,TRY
2018-09-12,1.719,1.767,1.709,1.748,20260800,TRY
2018-09-13,1.758,1.797,1.709,1.738,30752300,TRY
2018-09-14,1.758,1.806,1.748,1.758,29167500,TRY
2018-09-17,1.758,1.797,1.738,1.787,22522100,TRY
2018-09-18,1.787,1.806,1.767,1.767,17878500,TRY
2018-09-19,1.787,1.884,1.767,1.884,50620300,TRY
2018-09-20,1.884,1.884,1.777,1.787,33004500,TRY
2018-09-21,1.797,1.816,1.777,1.797,21934900,TRY
2018-09-24,1.797,1.826,1.777,1.816,39971100,TRY
2018-09-25,1.816,1.835,1.758,1.758,36038800,TRY
2018-09-26,1.767,1.787,1.748,1.758,24863300,TRY
2018-09-27,1.758,1.777,1.748,1.748,32704200,TRY
2018-09-28,1.767,1.777,1.729,1.738,22525200,TRY
2018-10-01,1.738,1.748,1.709,1.719,26910900,TRY
2018-10-02,1.719,1.729,1.709,1.719,17197200,TRY
2018-10-03,1.729,1.738,1.661,1.67,28550800,TRY
2018-10-04,1.67,1.67,1.593,1.593,32547500,TRY
2018-10-05,1.602,1.622,1.573,1.602,24762600,TRY
2018-10-08,1.593,1.68,1.583,1.67,30533300,TRY
2018-10-09,1.67,1.709,1.661,1.67,36330400,TRY
2018-10-10,1.68,1.68,1.631,1.67,26284800,TRY
2018-10-11,1.661,1.7,1.651,1.7,24493100,TRY
2018-10-12,1.729,1.738,1.641,1.738,38103100,TRY
2018-10-15,1.767,1.777,1.738,1.767,31070200,TRY
2018-10-16,1.777,1.787,1.748,1.777,25439800,TRY
2018-10-17,1.787,1.816,1.767,1.787,43968100,TRY
2018-10-18,1.787,1.797,1.738,1.767,27247300,TRY
2018-10-19,1.767,1.797,1.758,1.787,69509296,TRY
2018-10-22,1.797,1.826,1.719,1.738,42760500,TRY
2018-10-23,1.729,1.748,1.68,1.738,24525400,TRY
2018-10-24,1.748,1.777,1.729,1.748,40559300,TRY
2018-10-25,1.738,1.748,1.719,1.729,19362600,TRY
2018-10-26,1.729,1.738,1.7,1.7,15819000,TRY
2018-10-30,1.69,1.709,1.612,1.651,29416100,TRY
2018-10-31,1.661,1.709,1.602,1.622,35321700,TRY
2018-11-01,1.631,1.709,1.622,1.709,20864300,TRY
2018-11-02,1.709,1.709,1.67,1.69,21460000,TRY
2018-11-05,1.7,1.719,1.641,1.68,45489600,TRY
2018-11-06,1.68,1.69,1.651,1.67,41462800,TRY
2018-11-07,1.67,1.709,1.661,1.709,35668900,TRY
2018-11-08,1.709,1.719,1.641,1.651,36009700,TRY
2018-11-09,1.651,1.661,1.622,1.622,21198300,TRY
2018-11-12,1.622,1.651,1.612,1.641,29900800,TRY
2018-11-13,1.641,1.68,1.641,1.67,15553900,TRY
2018-11-14,1.661,1.661,1.593,1.631,50343900,TRY
2018-11-15,1.631,1.661,1.612,1.631,31383000,TRY
2018-11-16,1.641,1.651,1.602,1.631,42830700,TRY
2018-11-19,1.631,1.661,1.622,1.631,28486500,TRY
2018-11-20,1.631,1.641,1.573,1.583,25964000,TRY
2018-11-21,1.583,1.612,1.583,1.602,17991300,TRY
2018-11-22,1.602,1.612,1.583,1.593,16104300,TRY
2018-11-23,1.593,1.622,1.583,1.612,10979200,TRY
2018-11-26,1.622,1.641,1.612,1.612,25788400,TRY
2018-11-27,1.612,1.622,1.583,1.593,47994500,TRY
2018-11-28,1.602,1.612,1.583,1.583,35905000,TRY
2018-11-29,1.602,1.612,1.593,1.602,24155100,TRY
2018-11-30,1.602,1.602,1.573,1.573,172249600,TRY
2018-12-03,1.583,1.593,1.563,1.563,31422700,TRY
2018-12-04,1.563,1.593,1.544,1.583,51672600,TRY
2018-12-05,1.563,1.583,1.554,1.573,23458600,TRY
2018-12-06,1.563,1.583,1.554,1.573,30821800,TRY
2018-12-07,1.583,1.583,1.563,1.563,32915300,TRY
2018-12-10,1.563,1.573,1.554,1.563,17324900,TRY
2018-12-11,1.563,1.573,1.554,1.554,24595300,TRY
2018-12-12,1.563,1.563,1.486,1.505,52812600,TRY
2018-12-13,1.505,1.525,1.476,1.486,37141300,TRY
2018-12-14,1.486,1.496,1.427,1.457,27570500,TRY
2018-12-17,1.457,1.466,1.437,1.447,20139900,TRY
2018-12-18,1.437,1.486,1.427,1.486,35383500,TRY
2018-12-19,1.486,1.505,1.466,1.496,16745300,TRY
2018-12-20,1.486,1.496,1.476,1.486,17328300,TRY
2018-12-21,1.486,1.534,1.466,1.525,30792200,TRY
2018-12-24,1.525,1.534,1.505,1.515,10438100,TRY
2018-12-25,1.505,1.505,1.486,1.486,7494400,TRY
2018-12-26,1.496,1.544,1.486,1.515,10594400,TRY
2018-12-27,1.534,1.544,1.486,1.486,20047200,TRY
2018-12-28,1.486,1.496,1.457,1.476,19539700,TRY
2018-12-31,1.476,1.486,1.447,1.457,26242600,TRY
2019-01-02,1.457,1.476,1.408,1.437,47970100,TRY
2019-01-03,1.427,1.437,1.369,1.369,27819400,TRY
2019-01-04,1.379,1.398,1.34,1.389,39743400,TRY
2019-01-07,1.398,1.418,1.389,1.389,22255100,TRY
2019-01-08,1.389,1.398,1.369,1.389,28504400,TRY
2019-01-09,1.398,1.408,1.379,1.389,17247400,TRY
2019-01-10,1.398,1.408,1.389,1.389,22316900,TRY
2019-01-11,1.398,1.427,1.379,1.398,38636100,TRY
2019-01-14,1.389,1.418,1.379,1.418,28955300,TRY
2019-01-15,1.427,1.447,1.418,1.447,23725200,TRY
2019-01-16,1.447,1.457,1.418,1.427,26828700,TRY
2019-01-17,1.427,1.466,1.408,1.437,77659504,TRY
2019-01-18,1.447,1.486,1.437,1.476,38438900,TRY
2019-01-21,1.476,1.505,1.466,1.466,48051200,TRY
2019-01-22,1.466,1.505,1.466,1.496,48967200,TRY
2019-01-23,1.496,1.534,1.486,1.505,37994600,TRY
2019-01-24,1.505,1.554,1.505,1.534,45430300,TRY
2019-01-25,1.544,1.563,1.496,1.496,40338700,TRY
2019-01-28,1.505,1.544,1.496,1.515,83450600,TRY
2019-01-29,1.525,1.534,1.505,1.525,59670900,TRY
2019-01-30,1.525,1.534,1.476,1.486,69623600,TRY
2019-01-31,1.505,1.573,1.496,1.534,179965296,TRY
2019-02-01,1.534,1.554,1.486,1.496,96062400,TRY
2019-02-04,1.505,1.515,1.457,1.457,80726600,TRY
2019-02-05,1.466,1.505,1.457,1.486,80108704,TRY
2019-02-06,1.496,1.496,1.466,1.466,50989300,TRY
2019-02-07,1.466,1.476,1.437,1.447,75188400,TRY
2019-02-08,1.447,1.457,1.427,1.427,37894600,TRY
2019-02-11,1.437,1.457,1.437,1.457,75341400,TRY
2019-02-12,1.457,1.466,1.427,1.437,50553700,TRY
2019-02-13,1.447,1.447,1.36,1.369,155062496,TRY
2019-02-14,1.369,1.389,1.35,1.379,111882000,TRY
2019-02-15,1.379,1.389,1.34,1.36,116203600,TRY
2019-02-18,1.369,1.389,1.36,1.36,68046496,TRY
2019-02-19,1.36,1.389,1.35,1.369,83720304,TRY
2019-02-20,1.379,1.379,1.36,1.369,46993700,TRY
2019-02-21,1.369,1.408,1.369,1.408,64806000,TRY
2019-02-22,1.408,1.437,1.398,1.427,57985200,TRY
2019-02-25,1.437,1.457,1.427,1.447,56402600,TRY
2019-02-26,1.447,1.486,1.427,1.486,79484600,TRY
2019-02-27,1.496,1.544,1.496,1.515,108668496,TRY
2019-02-28,1.525,1.525,1.486,1.486,62305300,TRY
2019-03-01,1.476,1.486,1.427,1.466,115941504,TRY
2019-03-04,1.466,1.496,1.466,1.476,34642700,TRY
2019-03-05,1.476,1.486,1.457,1.476,45778700,TRY
2019-03-06,1.476,1.486,1.447,1.466,42495100,TRY
2019-03-07,1.457,1.486,1.457,1.457,49470000,TRY
2019-03-08,1.466,1.466,1.437,1.447,35293100,TRY
2019-03-11,1.457,1.505,1.447,1.486,80572000,TRY
2019-03-12,1.486,1.515,1.457,1.505,72582400,TRY
2019-03-13,1.505,1.534,1.496,1.525,89558096,TRY
2019-03-14,1.525,1.612,1.515,1.602,125902600,TRY
2019-03-15,1.612,1.67,1.602,1.641,131048304,TRY
2019-03-18,1.651,1.67,1.631,1.641,69544000,TRY
2019-03-19,1.651,1.7,1.641,1.68,77716000,TRY
2019-03-20,1.69,1.719,1.602,1.602,126377696,TRY
2019-03-21,1.612,1.631,1.563,1.612,78047504,TRY
2019-03-22,1.612,1.612,1.525,1.534,115546704,TRY
2019-03-25,1.534,1.554,1.496,1.525,83237600,TRY
2019-03-26,1.534,1.544,1.486,1.496,66898500,TRY
2019-03-27,1.496,1.534,1.447,1.466,138365504,TRY
2019-03-28,1.466,1.515,1.418,1.496,127544000,TRY
2019-03-29,1.496,1.505,1.457,1.486,38150000,TRY
2019-04-01,1.476,1.496,1.437,1.447,48284800,TRY
2019-04-02,1.437,1.466,1.437,1.437,43860500,TRY
2019-04-03,1.447,1.476,1.408,1.427,62720900,TRY
2019-04-04,1.427,1.466,1.418,1.466,63715700,TRY
2019-04-05,1.466,1.476,1.457,1.457,45875000,TRY
2019-04-08,1.466,1.466,1.427,1.437,25026900,TRY
2019-04-09,1.447,1.496,1.447,1.457,51454100,TRY
2019-04-10,1.466,1.466,1.437,1.447,33643100,TRY
2019-04-11,1.447,1.457,1.418,1.427,57909400,TRY
2019-04-12,1.427,1.437,1.408,1.418,22888800,TRY
2019-04-15,1.418,1.418,1.398,1.398,27320300,TRY
2019-04-16,1.408,1.457,1.408,1.437,52618200,TRY
2019-04-17,1.447,1.486,1.437,1.457,50222400,TRY
2019-04-18,1.457,1.476,1.418,1.437,39418200,TRY
2019-04-19,1.437,1.447,1.427,1.427,4307000,TRY
2019-04-22,1.427,1.437,1.418,1.437,6141000,TRY
2019-04-24,1.427,1.457,1.427,1.447,27783400,TRY
2019-04-25,1.447,1.447,1.408,1.437,33188800,TRY
2019-04-26,1.447,1.447,1.418,1.447,32823900,TRY
2019-04-29,1.447,1.466,1.437,1.437,33632100,TRY
2019-04-30,1.447,1.476,1.437,1.466,40110900,TRY
2019-05-02,1.466,1.476,1.427,1.437,22032800,TRY
2019-05-03,1.427,1.447,1.418,1.437,18380100,TRY
2019-05-06,1.418,1.418,1.369,1.398,26182200,TRY
2019-05-07,1.369,1.389,1.35,1.379,49716200,TRY
2019-05-08,1.389,1.398,1.36,1.369,28358100,TRY
2019-05-09,1.379,1.379,1.33,1.33,39795500,TRY
2019-05-10,1.34,1.35,1.311,1.311,24290100,TRY
2019-05-13,1.311,1.321,1.185,1.194,70226304,TRY
2019-05-14,1.204,1.224,1.185,1.204,37676100,TRY
2019-05-15,1.204,1.204,1.146,1.165,51120400,TRY
2019-05-16,1.165,1.185,1.136,1.146,47039100,TRY
2019-05-17,1.136,1.136,1.117,1.136,21907000,TRY
2019-05-20,1.136,1.146,1.117,1.127,27378500,TRY
2019-05-21,1.127,1.136,1.078,1.097,55539500,TRY
2019-05-22,1.088,1.107,1.058,1.058,58847700,TRY
2019-05-23,1.049,1.088,1.049,1.049,73465296,TRY
2019-05-24,1.058,1.068,1.049,1.049,44270200,TRY
2019-05-27,1.068,1.107,1.058,1.068,55037100,TRY
2019-05-28,1.068,1.088,1.068,1.088,26841600,TRY
2019-05-29,1.088,1.097,1.049,1.049,53008800,TRY
2019-05-30,1.058,1.088,1.049,1.088,74380400,TRY
2019-05-31,1.09,1.14,1.08,1.14,55126400,TRY
2019-06-03,1.13,1.14,1.11,1.11,18919400,TRY
2019-06-07,1.12,1.14,1.09,1.13,64229100,TRY
2019-06-10,1.13,1.16,1.12,1.16,45631900,TRY
2019-06-11,1.16,1.19,1.14,1.16,77855600,TRY
2019-06-12,1.17,1.18,1.14,1.16,52615900,TRY
2019-06-13,1.15,1.15,1.11,1.11,63098000,TRY
2019-06-14,1.11,1.12,1.09,1.1,55934900,TRY
2019-06-17,1.1,1.13,1.09,1.12,52372000,TRY
2019-06-18,1.13,1.15,1.11,1.15,31959300,TRY
2019-06-19,1.14,1.19,1.12,1.17,66058000,TRY
2019-06-20,1.18,1.2,1.15,1.15,70470896,TRY
2019-06-21,1.15,1.16,1.14,1.14,35467400,TRY
2019-06-24,1.17,1.17,1.14,1.14,40281100,TRY
2019-06-25,1.14,1.15,1.13,1.14,52837500,TRY
2019-06-26,1.14,1.15,1.13,1.15,21326100,TRY
2019-06-27,1.15,1.16,1.13,1.13,62414800,TRY
2019-06-28,1.13,1.14,1.12,1.13,33445600,TRY
2019-07-01,1.15,1.2,1.14,1.2,152641104,TRY
2019-07-02,1.19,1.23,1.19,1.22,115885600,TRY
2019-07-03,1.23,1.24,1.21,1.23,105201904,TRY
2019-07-04,1.24,1.25,1.21,1.23,83648896,TRY
2019-07-05,1.24,1.24,1.19,1.2,73407800,TRY
2019-07-08,1.21,1.24,1.2,1.23,104405696,TRY
2019-07-09,1.24,1.24,1.16,1.16,125744704,TRY
2019-07-10,1.16,1.19,1.13,1.18,61573300,TRY
2019-07-11,1.2,1.21,1.18,1.18,82922800,TRY
2019-07-12,1.18,1.19,1.14,1.16,105556096,TRY
2019-07-16,1.17,1.19,1.16,1.18,76281000,TRY
2019-07-17,1.18,1.2,1.16,1.19,63669000,TRY
2019-07-18,1.2,1.23,1.18,1.21,113111000,TRY
2019-07-19,1.23,1.24,1.21,1.23,71994000,TRY
2019-07-22,1.23,1.28,1.22,1.27,110394000,TRY
2019-07-23,1.27,1.32,1.27,1.28,138656992,TRY
2019-07-24,1.29,1.3,1.26,1.28,89550000,TRY
2019-07-25,1.29,1.32,1.24,1.25,121973000,TRY
2019-07-26,1.26,1.27,1.25,1.26,35780000,TRY
2019-07-29,1.27,1.28,1.26,1.27,26340000,TRY
2019-07-30,1.28,1.28,1.23,1.24,57499000,TRY
2019-07-31,1.25,1.25,1.21,1.22,59008000,TRY
2019-08-01,1.21,1.27,1.2,1.23,97128000,TRY
2019-08-02,1.23,1.24,1.2,1.21,46698000,TRY
2019-08-05,1.21,1.24,1.2,1.23,51912000,TRY
2019-08-06,1.23,1.24,1.22,1.23,35401000,TRY
2019-08-07,1.24,1.24,1.18,1.18,47438000,TRY
2019-08-08,1.2,1.2,1.17,1.18,84984000,TRY
2019-08-09,1.18,1.21,1.17,1.2,78869000,TRY
2019-08-15,1.19,1.2,1.17,1.18,47944000,TRY
2019-08-16,1.18,1.19,1.16,1.16,39163000,TRY
2019-08-19,1.17,1.18,1.14,1.15,79138000,TRY
2019-08-20,1.16,1.17,1.15,1.15,60956000,TRY
2019-08-21,1.15,1.16,1.12,1.14,93405000,TRY
2019-08-22,1.14,1.15,1.12,1.14,47512000,TRY
2019-08-23,1.14,1.17,1.14,1.17,58989000,TRY
2019-08-26,1.15,1.18,1.14,1.17,57396000,TRY
2019-08-27,1.18,1.18,1.15,1.17,47669000,TRY
2019-08-28,1.17,1.17,1.15,1.17,44380000,TRY
2019-08-29,1.17,1.2,1.16,1.18,56070000,TRY
2019-09-02,1.18,1.21,1.17,1.21,78717000,TRY
2019-09-03,1.21,1.22,1.19,1.2,36192000,TRY
2019-09-04,1.21,1.27,1.21,1.26,114734000,TRY
2019-09-05,1.27,1.29,1.23,1.24,112139000,TRY
2019-09-06,1.23,1.24,1.21,1.22,68933000,TRY
2019-09-09,1.24,1.27,1.23,1.26,78568000,TRY
2019-09-10,1.27,1.31,1.27,1.31,121057000,TRY
2019-09-11,1.31,1.32,1.29,1.29,82721000,TRY
2019-09-12,1.3,1.31,1.28,1.29,78416000,TRY
2019-09-13,1.3,1.3,1.28,1.29,20854000,TRY
2019-09-16,1.29,1.32,1.28,1.31,72567000,TRY
2019-09-17,1.32,1.32,1.27,1.28,107817000,TRY
2019-09-18,1.29,1.33,1.25,1.32,100551000,TRY
2019-09-19,1.32,1.33,1.27,1.29,151344000,TRY
2019-09-20,1.3,1.32,1.27,1.31,86695000,TRY
2019-09-23,1.31,1.32,1.29,1.31,62207000,TRY
2019-09-24,1.33,1.35,1.31,1.35,132202000,TRY
2019-09-25,1.35,1.38,1.34,1.37,67927000,TRY
2019-09-26,1.38,1.4,1.36,1.37,66057000,TRY
2019-09-27,1.38,1.45,1.38,1.41,132977000,TRY
2019-09-30,1.43,1.43,1.38,1.39,85216000,TRY
2019-10-01,1.39,1.41,1.35,1.36,93030000,TRY
2019-10-02,1.37,1.37,1.34,1.36,76395000,TRY
2019-10-03,1.37,1.38,1.31,1.33,42466000,TRY
2019-10-04,1.34,1.34,1.31,1.33,45231000,TRY
2019-10-07,1.33,1.36,1.31,1.33,97520000,TRY
2019-10-08,1.32,1.33,1.27,1.31,72127000,TRY
2019-10-09,1.32,1.34,1.25,1.27,95809000,TRY
2019-10-10,1.27,1.29,1.24,1.26,121567000,TRY
2019-10-11,1.28,1.28,1.26,1.27,51957000,TRY
2019-10-14,1.25,1.26,1.18,1.2,104677000,TRY
2019-10-15,1.22,1.23,1.19,1.19,84685000,TRY
2019-10-16,1.17,1.18,1.12,1.13,111289000,TRY
2019-10-17,1.14,1.14,1.08,1.13,137943008,TRY
2019-10-18,1.19,1.22,1.17,1.2,149844000,TRY
2019-10-21,1.21,1.22,1.19,1.2,76345000,TRY
2019-10-22,1.21,1.23,1.2,1.21,83001296,TRY
2019-10-23,1.23,1.25,1.22,1.23,82112800,TRY
2019-10-24,1.24,1.29,1.24,1.25,122282400,TRY
2019-10-25,1.25,1.27,1.22,1.23,85992400,TRY
2019-10-28,1.23,1.24,1.21,1.22,27058600,TRY
2019-10-30,1.2,1.21,1.18,1.2,67971400,TRY
2019-10-31,1.21,1.22,1.19,1.21,60484200,TRY
2019-11-01,1.21,1.21,1.18,1.2,28177800,TRY
2019-11-04,1.21,1.23,1.2,1.22,33984700,TRY
2019-11-05,1.22,1.23,1.21,1.22,32141500,TRY
2019-11-06,1.23,1.25,1.22,1.23,56469200,TRY
2019-11-07,1.24,1.29,1.24,1.29,73550496,TRY
2019-11-08,1.27,1.28,1.25,1.27,62482200,TRY
2019-11-11,1.27,1.28,1.24,1.26,58859500,TRY
2019-11-12,1.28,1.3,1.27,1.3,83401104,TRY
2019-11-13,1.31,1.32,1.3,1.3,37914500,TRY
2019-11-14,1.29,1.31,1.27,1.28,82203696,TRY
2019-11-15,1.29,1.34,1.28,1.32,73166496,TRY
2019-11-18,1.33,1.37,1.33,1.36,110972496,TRY
2019-11-19,1.37,1.45,1.36,1.44,252434304,TRY
2019-11-20,1.44,1.48,1.43,1.45,191655008,TRY
2019-11-21,1.45,1.48,1.42,1.48,154733600,TRY
2019-11-22,1.48,1.49,1.45,1.46,86051800,TRY
2019-11-25,1.48,1.49,1.43,1.46,141588800,TRY
2019-11-26,1.46,1.49,1.44,1.48,123420400,TRY
2019-11-27,1.48,1.51,1.46,1.47,121387400,TRY
2019-11-28,1.47,1.48,1.45,1.48,69438496,TRY
2019-11-29,1.48,1.49,1.45,1.46,55208700,TRY
2019-12-02,1.47,1.49,1.46,1.48,57960600,TRY
2019-12-03,1.47,1.51,1.46,1.48,106993200,TRY
2019-12-04,1.49,1.49,1.47,1.49,49585000,TRY
2019-12-05,1.49,1.51,1.45,1.48,200949104,TRY
2019-12-06,1.49,1.5,1.47,1.48,171132496,TRY
2019-12-09,1.49,1.53,1.48,1.51,207618896,TRY
2019-12-10,1.52,1.55,1.49,1.51,187712608,TRY
2019-12-11,1.53,1.53,1.47,1.48,112807504,TRY
2019-12-12,1.5,1.52,1.49,1.51,259339696,TRY
2019-12-13,1.52,1.54,1.5,1.51,166135008,TRY
2019-12-16,1.51,1.52,1.5,1.51,107059296,TRY
2019-12-17,1.52,1.53,1.5,1.51,101841104,TRY
2019-12-18,1.5,1.51,1.45,1.46,147327600,TRY
2019-12-19,1.47,1.48,1.43,1.43,142064304,TRY
2019-12-20,1.44,1.45,1.41,1.43,139280000,TRY
2019-12-23,1.44,1.45,1.41,1.43,145317904,TRY
2019-12-24,1.44,1.47,1.44,1.45,146612992,TRY
2019-12-25,1.45,1.45,1.43,1.43,83016000,TRY
2019-12-26,1.44,1.46,1.42,1.43,89077000,TRY
2019-12-27,1.44,1.45,1.43,1.44,64198000,TRY
2019-12-30,1.44,1.48,1.44,1.47,148676000,TRY
2019-12-31,1.47,1.49,1.46,1.46,153051008,TRY
