Date,Open,High,Low,Close,Volume,Currency
2010-05-04,2.15,2.16,2.09,2.1,14914700,TRY
2010-05-05,2.1,2.12,2.05,2.06,20751800,TRY
2010-05-06,2.06,2.1,2.05,2.09,17732300,TRY
2010-05-07,2.05,2.07,2.03,2.04,23263600,TRY
2010-05-10,2.12,2.17,2.1,2.15,38080800,TRY
2010-05-11,2.13,2.15,2.11,2.13,22149400,TRY
2010-05-12,2.12,2.16,2.12,2.16,22720700,TRY
2010-05-13,2.17,2.17,2.07,2.09,21987100,TRY
2010-05-14,2.08,2.08,1.95,1.97,24537100,TRY
2010-05-17,1.95,1.97,1.93,1.96,15977700,TRY
2010-05-18,1.98,2.0,1.97,1.99,10921800,TRY
2010-05-20,1.96,1.98,1.91,1.93,16079100,TRY
2010-05-21,1.93,1.93,1.87,1.91,17235100,TRY
2010-05-24,1.92,1.94,1.9,1.94,14156600,TRY
2010-05-25,1.9,1.9,1.84,1.86,14752800,TRY
2010-05-26,1.88,1.93,1.87,1.92,23841100,TRY
2010-05-27,1.91,1.96,1.9,1.95,20890100,TRY
2010-05-28,1.97,1.99,1.93,1.95,15435300,TRY
2010-05-31,1.92,1.93,1.89,1.92,10705700,TRY
2010-06-01,1.91,1.92,1.86,1.9,14274800,TRY
2010-06-02,1.89,1.92,1.88,1.92,14913000,TRY
2010-06-03,1.94,1.96,1.92,1.93,13736000,TRY
2010-06-04,1.93,1.93,1.87,1.88,11178200,TRY
2010-06-07,1.84,1.87,1.83,1.87,14200400,TRY
2010-06-08,1.87,1.89,1.83,1.85,14562400,TRY
2010-06-09,1.86,1.86,1.82,1.84,21766800,TRY
2010-06-10,1.84,1.85,1.82,1.85,23684500,TRY
2010-06-11,1.86,1.9,1.85,1.87,27019500,TRY
2010-06-14,1.89,1.93,1.89,1.91,15235300,TRY
2010-06-15,1.91,1.93,1.9,1.93,18053500,TRY
2010-06-16,1.94,1.94,1.9,1.91,10750100,TRY
2010-06-17,1.91,1.93,1.89,1.91,10050100,TRY
2010-06-18,1.91,1.92,1.89,1.9,7507200,TRY
2010-06-21,1.92,1.93,1.89,1.91,14432500,TRY
2010-06-22,1.89,1.91,1.87,1.88,10763100,TRY
2010-06-23,1.87,1.89,1.84,1.85,9326100,TRY
2010-06-24,1.85,1.87,1.83,1.86,13206600,TRY
2010-06-25,1.85,1.9,1.85,1.9,11452300,TRY
2010-06-28,1.9,1.92,1.89,1.9,18167300,TRY
2010-06-29,1.89,1.89,1.85,1.86,8313300,TRY
2010-06-30,1.86,1.88,1.85,1.86,12105400,TRY
2010-07-01,1.84,1.86,1.83,1.86,10909600,TRY
2010-07-02,1.87,1.88,1.83,1.85,20341100,TRY
2010-07-05,1.85,1.86,1.82,1.83,6601200,TRY
2010-07-06,1.84,1.88,1.83,1.88,18471000,TRY
2010-07-07,1.87,1.87,1.85,1.86,10424800,TRY
2010-07-08,1.88,1.88,1.86,1.86,9703200,TRY
2010-07-09,1.87,1.88,1.85,1.86,5561400,TRY
2010-07-12,1.86,1.9,1.85,1.89,13058200,TRY
2010-07-13,1.89,1.9,1.88,1.9,9026200,TRY
2010-07-14,1.91,1.91,1.87,1.88,19317500,TRY
2010-09-28,2.33,2.37,2.31,2.35,16234800,TRY
2010-09-29,2.35,2.4,2.33,2.37,16629700,TRY
2010-09-30,2.35,2.37,2.33,2.37,11879200,TRY
2010-10-01,2.37,2.44,2.37,2.44,11009800,TRY
2010-10-04,2.44,2.53,2.44,2.51,23372700,TRY
2010-10-05,2.51,2.53,2.46,2.53,12370200,TRY
2010-10-06,2.53,2.56,2.46,2.49,12816400,TRY
2010-10-07,2.51,2.56,2.49,2.56,10855600,TRY
2010-10-08,2.53,2.56,2.46,2.51,15711600,TRY
2010-10-11,2.53,2.65,2.53,2.65,10289800,TRY
2010-10-12,2.63,2.69,2.6,2.67,13177400,TRY
2010-10-13,2.69,2.69,2.65,2.67,8287000,TRY
2010-10-14,2.67,2.72,2.58,2.6,17496400,TRY
2010-10-15,2.58,2.63,2.53,2.6,12955500,TRY
2010-10-18,2.6,2.6,2.53,2.58,12689300,TRY
2011-04-05,2.57,2.62,2.56,2.57,25214100,TRY
2011-04-06,2.59,2.61,2.57,2.58,12000500,TRY
2011-04-07,2.58,2.6,2.54,2.6,11441800,TRY
2011-04-08,2.6,2.61,2.57,2.59,6466900,TRY
2011-04-11,2.59,2.63,2.58,2.62,12236200,TRY
2011-04-12,2.61,2.64,2.6,2.6,10684300,TRY
2011-04-13,2.61,2.62,2.57,2.58,11872000,TRY
2011-04-14,2.58,2.59,2.56,2.59,2524600,TRY
2011-04-15,2.59,2.6,2.58,2.6,3506600,TRY
2011-04-18,2.6,2.63,2.54,2.54,11713600,TRY
2011-04-19,2.57,2.62,2.57,2.61,7642400,TRY
2011-04-20,2.63,2.65,2.62,2.64,10590500,TRY
2011-04-21,2.65,2.66,2.63,2.64,7402500,TRY
2011-04-22,2.65,2.69,2.63,2.69,8699500,TRY
2011-04-25,2.69,2.72,2.69,2.71,4264200,TRY
2011-04-26,2.71,2.72,2.68,2.69,4096400,TRY
2011-04-27,2.69,2.7,2.67,2.69,3115600,TRY
2011-04-28,2.7,2.74,2.68,2.74,5970500,TRY
2011-04-29,2.74,2.81,2.71,2.8,9591800,TRY
2011-05-02,2.82,2.83,2.79,2.8,4959100,TRY
2011-05-03,2.8,2.8,2.74,2.79,5787800,TRY
2011-05-04,2.79,2.82,2.78,2.79,9129200,TRY
2011-05-05,2.79,2.8,2.74,2.75,11319200,TRY
2011-05-06,2.75,2.76,2.69,2.71,14407300,TRY
2011-05-09,2.76,2.76,2.66,2.67,18098700,TRY
2011-05-10,2.68,2.68,2.62,2.64,11698800,TRY
2011-05-11,2.64,2.65,2.58,2.6,8794600,TRY
2011-05-12,2.57,2.65,2.57,2.65,10506500,TRY
2011-05-13,2.65,2.65,2.58,2.6,4868800,TRY
2011-05-16,2.58,2.63,2.55,2.63,3515300,TRY
2011-05-17,2.64,2.64,2.58,2.6,3663700,TRY
2011-05-18,2.64,2.64,2.52,2.52,6302900,TRY
2011-05-20,2.52,2.56,2.5,2.55,3352500,TRY
2011-05-23,2.52,2.57,2.51,2.55,4786000,TRY
2011-05-24,2.55,2.61,2.53,2.61,3587600,TRY
2011-05-25,2.59,2.61,2.56,2.57,3411800,TRY
2011-05-26,2.58,2.6,2.57,2.57,3110100,TRY
2011-05-27,2.59,2.6,2.52,2.54,4106100,TRY
2011-05-30,2.54,2.61,2.54,2.55,3015400,TRY
2011-05-31,2.57,2.68,2.57,2.63,6780900,TRY
2011-06-01,2.63,2.69,2.62,2.65,5312500,TRY
2011-06-02,2.64,2.66,2.61,2.64,6327100,TRY
2011-06-03,2.65,2.66,2.58,2.62,4511200,TRY
2011-06-06,2.62,2.65,2.62,2.64,3198100,TRY
2011-06-07,2.64,2.68,2.64,2.68,5793400,TRY
2011-06-08,2.67,2.68,2.65,2.67,5590600,TRY
2011-06-09,2.66,2.66,2.64,2.64,4756900,TRY
2011-06-10,2.64,2.65,2.62,2.64,4236300,TRY
2011-06-13,2.65,2.67,2.63,2.64,5285800,TRY
2011-06-14,2.65,2.65,2.52,2.55,9399700,TRY
2011-06-15,2.54,2.56,2.49,2.55,8414700,TRY
2011-06-16,2.52,2.55,2.49,2.54,3793900,TRY
2011-06-17,2.54,2.64,2.53,2.64,9205000,TRY
2011-06-20,2.62,2.62,2.56,2.59,3674100,TRY
2011-06-21,2.62,2.62,2.56,2.6,4291900,TRY
2011-06-22,2.6,2.6,2.54,2.56,3727400,TRY
2011-06-23,2.56,2.56,2.52,2.53,4180900,TRY
2011-06-24,2.56,2.58,2.55,2.56,3120100,TRY
2011-06-27,2.54,2.59,2.54,2.58,2190700,TRY
2011-06-28,2.58,2.67,2.58,2.67,7297800,TRY
2011-06-29,2.68,2.68,2.65,2.66,3251200,TRY
2011-06-30,2.67,2.71,2.67,2.69,6541500,TRY
2011-07-01,2.7,2.73,2.66,2.72,4599600,TRY
2011-07-04,2.72,2.74,2.71,2.73,2700200,TRY
2011-07-05,2.71,2.75,2.71,2.71,3113000,TRY
2011-07-06,2.71,2.72,2.7,2.71,2181700,TRY
2011-07-07,2.72,2.73,2.69,2.73,2405600,TRY
2011-07-08,2.73,2.73,2.69,2.69,1760000,TRY
2011-07-11,2.69,2.71,2.65,2.65,2397000,TRY
2011-07-12,2.6,2.68,2.6,2.66,3137100,TRY
2011-07-13,2.68,2.69,2.65,2.69,3292000,TRY
2011-07-14,2.67,2.69,2.66,2.67,1607900,TRY
2011-07-15,2.67,2.71,2.65,2.71,5740100,TRY
2011-07-18,2.68,2.73,2.68,2.71,2317400,TRY
2011-07-19,2.71,2.72,2.65,2.69,3111100,TRY
2011-07-20,2.69,2.69,2.65,2.65,3935600,TRY
2011-07-21,2.65,2.66,2.56,2.64,4654000,TRY
2011-07-22,2.64,2.65,2.6,2.64,3448600,TRY
2011-07-25,2.62,2.67,2.56,2.67,2733600,TRY
2011-07-26,2.68,2.68,2.63,2.67,4959900,TRY
2011-07-27,2.67,2.69,2.62,2.63,6373700,TRY
2011-07-28,2.63,2.65,2.62,2.64,10522300,TRY
2011-07-29,2.63,2.63,2.58,2.6,6125200,TRY
2011-08-01,2.6,2.62,2.52,2.54,7104800,TRY
2011-08-02,2.55,2.55,2.49,2.52,5872100,TRY
2011-08-03,2.5,2.5,2.41,2.42,10770200,TRY
2011-08-04,2.48,2.54,2.4,2.42,21978600,TRY
2011-08-05,2.34,2.36,2.28,2.33,15055600,TRY
2011-08-08,2.28,2.29,2.07,2.09,15319900,TRY
2011-08-09,2.1,2.13,1.93,2.13,13882300,TRY
2011-08-10,2.15,2.2,2.0,2.06,11805200,TRY
2011-08-11,2.1,2.15,1.98,2.13,8953400,TRY
2011-08-12,2.13,2.21,2.07,2.19,8123600,TRY
2011-08-15,2.21,2.28,2.21,2.28,6536500,TRY
2011-08-16,2.26,2.3,2.22,2.29,7465200,TRY
2011-08-17,2.29,2.3,2.24,2.27,6890500,TRY
2011-08-18,2.26,2.27,2.13,2.17,7715600,TRY
2011-08-19,2.15,2.19,2.07,2.18,9572100,TRY
2011-08-22,2.15,2.21,2.13,2.19,7998900,TRY
2011-08-23,2.2,2.21,2.12,2.14,5695700,TRY
2011-08-24,2.14,2.16,2.11,2.13,6042600,TRY
2011-08-25,2.15,2.15,2.1,2.11,3779600,TRY
2011-08-26,2.11,2.15,2.1,2.15,4380000,TRY
2011-08-29,2.17,2.17,2.15,2.15,798100,TRY
2011-09-02,2.17,2.24,2.17,2.24,6530800,TRY
2011-09-05,2.21,2.21,2.17,2.19,3168200,TRY
2011-09-06,2.17,2.2,2.16,2.18,3753200,TRY
2011-09-07,2.21,2.23,2.18,2.18,5722200,TRY
2011-09-08,2.19,2.21,2.17,2.21,10808800,TRY
2011-09-09,2.2,2.21,2.12,2.13,14558400,TRY
2011-09-12,2.11,2.11,2.07,2.11,8803900,TRY
2011-09-13,2.12,2.13,2.08,2.11,14040800,TRY
2011-09-14,2.1,2.15,2.09,2.1,20961700,TRY
2011-09-15,2.11,2.14,2.1,2.13,13722100,TRY
2011-09-16,2.13,2.14,2.11,2.13,13634900,TRY
2011-09-19,2.11,2.14,2.11,2.12,9983300,TRY
2011-09-20,2.12,2.24,2.11,2.21,20014700,TRY
2011-09-21,2.21,2.24,2.19,2.19,15997300,TRY
2011-09-22,2.17,2.17,2.09,2.1,12545400,TRY
2011-09-23,2.1,2.1,1.96,2.0,14231800,TRY
2011-09-26,1.96,2.04,1.93,2.02,8499300,TRY
2011-09-27,2.06,2.11,2.05,2.11,8224100,TRY
2011-09-28,2.09,2.15,2.09,2.14,14197300,TRY
2011-09-29,2.13,2.17,2.13,2.15,6499700,TRY
2011-09-30,2.15,2.17,2.07,2.11,9333000,TRY
2011-10-03,2.1,2.13,2.06,2.11,12077000,TRY
2011-10-04,2.09,2.1,2.02,2.03,13266400,TRY
2011-10-05,2.05,2.07,2.03,2.04,6623200,TRY
2011-10-06,2.06,2.08,2.03,2.04,8907500,TRY
2011-10-07,2.05,2.06,2.03,2.06,4144700,TRY
2011-10-10,2.07,2.1,2.04,2.1,9079100,TRY
2011-10-11,2.1,2.16,2.08,2.14,14797500,TRY
2011-10-12,2.14,2.18,2.14,2.16,9220900,TRY
2011-10-13,2.17,2.18,2.15,2.16,7551000,TRY
2011-10-14,2.17,2.19,2.15,2.18,8711500,TRY
2011-10-17,2.19,2.21,2.16,2.18,8819500,TRY
2011-10-18,2.17,2.27,2.16,2.27,14386700,TRY
2011-10-19,2.28,2.3,2.21,2.25,8374500,TRY
2011-10-20,2.23,2.25,2.22,2.24,6556300,TRY
2011-10-21,2.24,2.33,2.22,2.32,12839600,TRY
2011-10-24,2.32,2.35,2.28,2.35,7915600,TRY
2011-10-25,2.36,2.41,2.35,2.38,8592400,TRY
2011-10-26,2.4,2.43,2.36,2.37,4785900,TRY
2011-10-27,2.43,2.49,2.43,2.48,10541300,TRY
2011-10-28,2.5,2.52,2.5,2.51,1867800,TRY
2011-10-31,2.51,2.52,2.35,2.38,7081700,TRY
2011-11-01,2.33,2.33,2.23,2.23,9551600,TRY
2011-11-02,2.25,2.27,2.21,2.25,8135700,TRY
2011-11-03,2.21,2.26,2.17,2.24,10453200,TRY
2011-11-04,2.25,2.26,2.22,2.24,6724700,TRY
2011-11-10,2.15,2.21,2.15,2.19,5747300,TRY
2011-11-11,2.19,2.22,2.16,2.2,6860400,TRY
2011-11-14,2.21,2.24,2.19,2.2,6884300,TRY
2011-11-15,2.2,2.22,2.17,2.21,4906700,TRY
2011-11-16,2.21,2.26,2.2,2.24,6712000,TRY
2011-11-17,2.24,2.25,2.19,2.21,6891700,TRY
2011-11-18,2.19,2.21,2.18,2.19,6622300,TRY
2011-11-21,2.18,2.19,2.1,2.1,4087900,TRY
2011-11-22,2.13,2.13,2.02,2.05,6043100,TRY
2011-11-23,2.04,2.09,2.0,2.0,5940900,TRY
2011-11-24,2.02,2.04,1.93,1.95,6650800,TRY
2011-11-25,1.95,2.02,1.91,2.02,6814600,TRY
2011-11-28,2.04,2.09,2.04,2.07,5677000,TRY
2011-11-29,2.07,2.1,2.05,2.08,13036500,TRY
2011-11-30,2.07,2.22,2.05,2.22,8422800,TRY
2011-12-01,2.22,2.22,2.13,2.15,6883100,TRY
2011-12-02,2.15,2.21,2.15,2.18,4760900,TRY
2011-12-05,2.19,2.22,2.19,2.21,3210100,TRY
2011-12-06,2.18,2.24,2.17,2.18,6828100,TRY
2011-12-07,2.21,2.24,2.2,2.24,8640700,TRY
2011-12-08,2.24,2.26,2.19,2.22,7256700,TRY
2011-12-09,2.15,2.27,2.15,2.26,6147700,TRY
2011-12-12,2.23,2.27,2.19,2.21,6100100,TRY
2011-12-13,2.21,2.22,2.17,2.18,5080100,TRY
2011-12-14,2.17,2.17,2.05,2.06,4254400,TRY
2011-12-15,2.06,2.09,2.04,2.06,5578000,TRY
2011-12-16,2.07,2.08,2.02,2.04,4112000,TRY
2011-12-19,2.02,2.06,2.01,2.02,6520300,TRY
2011-12-20,2.04,2.09,2.02,2.08,6253300,TRY
2011-12-21,2.1,2.12,2.06,2.07,4905900,TRY
2011-12-22,2.08,2.1,2.03,2.1,4870100,TRY
2011-12-23,2.11,2.2,2.11,2.19,5835400,TRY
2011-12-26,2.2,2.22,2.17,2.21,2214100,TRY
2011-12-27,2.2,2.28,2.2,2.25,6002700,TRY
2011-12-28,2.24,2.26,2.2,2.21,4355600,TRY
2011-12-29,2.21,2.21,2.15,2.2,3362400,TRY
2011-12-30,2.21,2.22,2.13,2.13,3603500,TRY
2012-01-02,2.15,2.17,2.13,2.14,4322400,TRY
2012-01-03,2.17,2.19,2.13,2.19,6306000,TRY
2012-01-04,2.19,2.21,2.16,2.18,7437800,TRY
2012-01-05,2.19,2.19,2.14,2.19,4659200,TRY
2012-01-06,2.18,2.2,2.12,2.17,3904600,TRY
2012-01-09,2.17,2.18,2.13,2.17,4108600,TRY
2012-01-10,2.19,2.22,2.18,2.21,4134500,TRY
2012-01-11,2.2,2.25,2.19,2.23,7557500,TRY
2012-01-12,2.24,2.3,2.23,2.28,5317500,TRY
2012-01-13,2.3,2.32,2.24,2.28,3222500,TRY
2012-01-16,2.29,2.34,2.27,2.34,5639000,TRY
2012-01-17,2.36,2.37,2.32,2.35,5957200,TRY
2012-01-18,2.34,2.39,2.33,2.38,5505700,TRY
2012-01-19,2.37,2.38,2.3,2.3,6032300,TRY
2012-01-20,2.31,2.31,2.24,2.27,7429400,TRY
2012-01-23,2.26,2.3,2.24,2.28,5021600,TRY
2012-01-24,2.28,2.36,2.26,2.34,17081300,TRY
2012-01-25,2.34,2.42,2.33,2.34,12785100,TRY
2012-01-26,2.36,2.47,2.36,2.45,13827500,TRY
2012-01-27,2.43,2.5,2.43,2.46,7230200,TRY
2012-01-30,2.44,2.47,2.43,2.47,3447900,TRY
2012-01-31,2.49,2.57,2.47,2.53,11198200,TRY
2012-02-01,2.54,2.69,2.54,2.69,6714600,TRY
2012-02-02,2.69,2.72,2.62,2.72,6099300,TRY
2012-02-03,2.71,2.71,2.63,2.64,8799700,TRY
2012-02-06,2.64,2.64,2.56,2.64,6645400,TRY
2012-02-07,2.64,2.65,2.59,2.61,5628300,TRY
2012-02-08,2.62,2.65,2.58,2.6,4700200,TRY
2012-02-09,2.6,2.63,2.5,2.52,7971600,TRY
2012-02-10,2.5,2.58,2.49,2.51,8822200,TRY
2012-02-13,2.54,2.6,2.54,2.6,5349800,TRY
2012-02-14,2.59,2.63,2.54,2.56,13199900,TRY
2012-02-15,2.59,2.6,2.54,2.56,5718700,TRY
2012-02-16,2.56,2.57,2.49,2.52,7766600,TRY
2012-02-17,2.56,2.61,2.56,2.59,11102700,TRY
2012-02-20,2.62,2.64,2.6,2.6,14306500,TRY
2012-02-21,2.6,2.62,2.55,2.57,5107100,TRY
2012-02-22,2.15,2.15,2.107,2.112,7838200,TRY
2012-02-23,2.112,2.123,2.08,2.085,5541700,TRY
2012-02-24,2.101,2.155,2.091,2.145,5836600,TRY
2012-02-27,2.145,2.193,2.139,2.177,14494900,TRY
2012-02-28,2.183,2.242,2.183,2.22,11620500,TRY
2012-02-29,2.226,2.226,2.183,2.22,7790700,TRY
2012-03-01,2.204,2.242,2.199,2.22,4821400,TRY
2012-03-02,2.215,2.226,2.204,2.21,1669000,TRY
2012-03-05,2.199,2.215,2.183,2.188,3570800,TRY
2012-03-06,2.193,2.199,2.15,2.155,5771700,TRY
2012-03-07,2.155,2.166,2.128,2.15,5057600,TRY
2012-03-08,2.172,2.199,2.145,2.15,4922600,TRY
2012-03-09,2.155,2.161,2.118,2.123,6030400,TRY
2012-03-12,2.123,2.134,2.101,2.107,6196100,TRY
2012-03-13,2.128,2.145,2.118,2.118,6653500,TRY
2012-03-14,2.139,2.172,2.128,2.15,13092700,TRY
2012-03-15,2.155,2.155,2.128,2.134,6774700,TRY
2012-03-16,2.134,2.155,2.134,2.15,10254400,TRY
2012-03-19,2.155,2.188,2.15,2.172,25942800,TRY
2012-03-20,2.172,2.183,2.128,2.139,16830900,TRY
2012-03-21,2.145,2.155,2.128,2.134,9127200,TRY
2012-03-22,2.134,2.145,2.112,2.118,11403800,TRY
2012-03-23,2.123,2.134,2.107,2.112,6345800,TRY
2012-03-26,2.112,2.172,2.112,2.172,12581800,TRY
2012-03-27,2.183,2.183,2.155,2.166,8889400,TRY
2012-03-28,2.015,2.015,1.928,1.939,328347904,TRY
2012-03-29,1.939,1.944,1.879,1.896,96210200,TRY
2012-03-30,1.906,1.912,1.896,1.901,53021500,TRY
2012-04-02,1.901,1.912,1.885,1.901,46235200,TRY
2012-04-03,1.912,1.923,1.901,1.917,44140700,TRY
2012-04-04,1.912,1.944,1.912,1.928,84201000,TRY
2012-04-05,1.933,1.939,1.912,1.917,59383900,TRY
2012-04-06,1.923,1.928,1.896,1.901,28609500,TRY
2012-04-09,1.896,1.912,1.89,1.896,20959600,TRY
2012-04-10,1.901,1.901,1.836,1.847,33803000,TRY
2012-04-11,1.836,1.852,1.82,1.852,26264100,TRY
2012-04-12,1.852,1.874,1.847,1.874,22358600,TRY
2012-04-13,1.869,1.89,1.852,1.869,29172900,TRY
2012-04-16,1.852,1.869,1.852,1.858,25518400,TRY
2012-04-17,1.858,1.874,1.852,1.852,20592700,TRY
2012-04-18,1.863,1.863,1.814,1.82,36479600,TRY
2012-04-19,1.82,1.831,1.793,1.809,15515500,TRY
2012-04-20,1.809,1.814,1.798,1.814,17978600,TRY
2012-04-24,1.804,1.814,1.793,1.804,19809800,TRY
2012-04-25,1.809,1.836,1.804,1.825,24362900,TRY
2012-04-26,1.841,1.89,1.841,1.869,37708500,TRY
2012-04-27,1.869,1.89,1.869,1.874,23545100,TRY
2012-04-30,1.923,1.93,1.876,1.891,7793000,TRY
2012-05-02,1.899,1.907,1.837,1.845,10888600,TRY
2012-05-03,1.853,1.86,1.829,1.845,5398000,TRY
2012-05-04,1.845,1.86,1.829,1.845,7869000,TRY
2012-05-07,1.814,1.837,1.782,1.837,6828100,TRY
2012-05-08,1.837,1.853,1.814,1.837,9617300,TRY
2012-05-09,1.837,1.837,1.759,1.759,9557800,TRY
2012-05-10,1.775,1.79,1.72,1.751,12076200,TRY
2012-05-11,1.736,1.751,1.728,1.744,16359700,TRY
2012-05-14,1.736,1.751,1.705,1.712,6104400,TRY
2012-05-15,1.72,1.767,1.72,1.759,15770600,TRY
2012-05-16,1.744,1.782,1.72,1.767,15891700,TRY
2012-05-17,1.767,1.79,1.72,1.72,14038000,TRY
2012-05-18,1.697,1.712,1.666,1.673,12081500,TRY
2012-05-21,1.681,1.689,1.627,1.635,13316400,TRY
2012-05-22,1.65,1.658,1.635,1.65,10905200,TRY
2012-05-23,1.635,1.658,1.627,1.627,13858900,TRY
2012-05-24,1.642,1.65,1.603,1.603,18149000,TRY
2012-05-25,1.596,1.65,1.588,1.65,15540200,TRY
2012-05-28,1.658,1.673,1.627,1.673,14784000,TRY
2012-05-29,1.681,1.723,1.673,1.715,16374900,TRY
2012-05-30,1.715,1.731,1.69,1.715,16991300,TRY
2012-05-31,1.706,1.79,1.706,1.79,30805200,TRY
2012-06-01,1.773,1.773,1.731,1.765,14476800,TRY
2012-06-04,1.748,1.773,1.74,1.765,20011800,TRY
2012-06-05,1.773,1.773,1.731,1.731,9657000,TRY
2012-06-06,1.74,1.765,1.731,1.756,12419900,TRY
2012-06-07,1.773,1.806,1.765,1.773,21502100,TRY
2012-06-08,1.765,1.798,1.765,1.79,18181600,TRY
2012-06-11,1.815,1.815,1.765,1.765,18036000,TRY
2012-06-12,1.773,1.781,1.765,1.781,16582300,TRY
2012-06-13,1.79,1.798,1.773,1.781,18398300,TRY
2012-06-14,1.79,1.806,1.773,1.781,19914700,TRY
2012-06-15,1.798,1.798,1.74,1.74,27890700,TRY
2012-06-18,1.756,1.756,1.731,1.74,13497400,TRY
2012-06-19,1.74,1.765,1.74,1.765,16062300,TRY
2012-06-20,1.79,1.79,1.765,1.765,17544500,TRY
2012-06-21,1.756,1.781,1.748,1.773,26178900,TRY
2012-06-22,1.765,1.79,1.756,1.781,20373300,TRY
2012-06-25,1.765,1.765,1.74,1.74,18137900,TRY
2012-06-26,1.748,1.756,1.74,1.748,10858700,TRY
2012-06-27,1.748,1.781,1.748,1.773,17743300,TRY
2012-06-28,1.773,1.773,1.598,1.648,67065900,TRY
2012-06-29,1.665,1.681,1.648,1.673,26174800,TRY
2012-07-02,1.673,1.69,1.657,1.69,13552200,TRY
2012-07-03,1.698,1.731,1.69,1.723,16975300,TRY
2012-07-04,1.731,1.74,1.698,1.715,11183800,TRY
2012-07-05,1.715,1.715,1.681,1.681,12760500,TRY
2012-07-06,1.69,1.706,1.681,1.706,10646300,TRY
2012-07-09,1.706,1.715,1.69,1.69,7626500,TRY
2012-07-10,1.698,1.706,1.69,1.706,9106600,TRY
2012-07-11,1.698,1.723,1.698,1.715,10756100,TRY
2012-07-12,1.715,1.731,1.706,1.731,20609100,TRY
2012-07-13,1.731,1.756,1.706,1.731,28032200,TRY
2012-07-16,1.731,1.731,1.698,1.698,11660700,TRY
2012-07-17,1.706,1.715,1.681,1.681,12739200,TRY
2012-07-18,1.69,1.706,1.681,1.698,6713100,TRY
2012-07-19,1.698,1.715,1.69,1.69,10147500,TRY
2012-07-20,1.69,1.698,1.607,1.607,41221900,TRY
2012-07-23,1.607,1.607,1.573,1.582,18013700,TRY
2012-07-24,1.59,1.623,1.582,1.615,16169800,TRY
2012-07-25,1.615,1.631,1.607,1.623,17749000,TRY
2012-07-26,1.623,1.648,1.607,1.648,22477800,TRY
2012-07-27,1.648,1.665,1.631,1.648,21661400,TRY
2012-07-30,1.657,1.673,1.631,1.665,21029700,TRY
2012-07-31,1.657,1.665,1.631,1.64,20050100,TRY
2012-08-01,1.64,1.648,1.631,1.648,7778100,TRY
2012-08-02,1.648,1.648,1.607,1.615,12446700,TRY
2012-08-03,1.615,1.64,1.615,1.64,16510600,TRY
2012-08-06,1.64,1.657,1.623,1.631,10759100,TRY
2012-08-07,1.631,1.69,1.623,1.681,31706600,TRY
2012-08-08,1.665,1.723,1.648,1.69,60719700,TRY
2012-08-09,1.698,1.706,1.665,1.69,28779500,TRY
2012-08-10,1.681,1.69,1.648,1.665,14432100,TRY
2012-08-13,1.665,1.673,1.648,1.648,12392700,TRY
2012-08-14,1.657,1.657,1.615,1.615,19015300,TRY
2012-08-15,1.615,1.64,1.598,1.623,24231200,TRY
2012-08-16,1.623,1.648,1.623,1.64,20088900,TRY
2012-08-17,1.665,1.69,1.665,1.681,28723500,TRY
2012-08-22,1.681,1.69,1.648,1.673,12656600,TRY
2012-08-23,1.69,1.715,1.681,1.715,30558900,TRY
2012-08-24,1.706,1.723,1.681,1.69,27478700,TRY
2012-08-27,1.69,1.706,1.681,1.698,13695200,TRY
2012-08-28,1.706,1.706,1.673,1.681,18107300,TRY
2012-08-29,1.681,1.698,1.665,1.698,21400100,TRY
2012-08-31,1.69,1.698,1.673,1.69,16634700,TRY
2012-09-03,1.698,1.706,1.69,1.698,14065500,TRY
2012-09-04,1.698,1.715,1.69,1.69,19953000,TRY
2012-09-05,1.698,1.706,1.681,1.69,17870300,TRY
2012-09-06,1.69,1.773,1.69,1.773,54961400,TRY
2012-09-07,1.773,1.823,1.765,1.815,68491800,TRY
2012-09-10,1.815,1.865,1.806,1.856,49292300,TRY
2012-09-11,1.856,1.873,1.798,1.815,48343000,TRY
2012-09-12,1.823,1.848,1.798,1.831,30733500,TRY
2012-09-13,1.84,1.856,1.798,1.815,43562900,TRY
2012-09-14,1.84,1.898,1.84,1.881,51658700,TRY
2012-09-17,1.881,1.923,1.873,1.898,29436900,TRY
2012-09-18,1.89,1.906,1.865,1.906,43976100,TRY
2012-09-19,1.915,1.94,1.898,1.898,50372500,TRY
2012-09-20,1.89,1.898,1.865,1.89,29262200,TRY
2012-09-21,1.89,1.915,1.881,1.915,27002000,TRY
2012-09-24,1.898,1.906,1.865,1.881,18772600,TRY
2012-09-25,1.89,1.915,1.881,1.906,19497500,TRY
2012-09-26,1.898,1.931,1.881,1.881,51261900,TRY
2012-09-27,1.89,1.898,1.848,1.856,21100900,TRY
2012-09-28,1.856,1.873,1.798,1.84,29156000,TRY
2012-10-01,1.831,1.831,1.815,1.831,18562200,TRY
2012-10-02,1.831,1.848,1.815,1.823,20366700,TRY
2012-10-03,1.815,1.823,1.781,1.798,20732600,TRY
2012-10-04,1.79,1.823,1.79,1.815,28035200,TRY
2012-10-05,1.823,1.848,1.823,1.823,23998700,TRY
2012-10-08,1.815,1.823,1.798,1.815,11182900,TRY
2012-10-09,1.823,1.823,1.806,1.815,18954300,TRY
2012-10-10,1.806,1.831,1.806,1.806,19135700,TRY
2012-10-11,1.815,1.848,1.806,1.848,45638700,TRY
2012-10-12,1.848,1.873,1.848,1.848,43980300,TRY
2012-10-15,1.848,1.856,1.815,1.823,16324900,TRY
2012-10-16,1.84,1.848,1.823,1.84,26225200,TRY
2012-10-17,1.84,1.848,1.831,1.831,11913500,TRY
2012-10-18,1.84,1.865,1.823,1.831,50709500,TRY
2012-10-19,1.831,1.84,1.748,1.773,54981700,TRY
2012-10-22,1.781,1.781,1.731,1.765,15226500,TRY
2012-10-23,1.765,1.765,1.74,1.756,14753700,TRY
2012-10-24,1.765,1.765,1.74,1.756,5576800,TRY
2012-10-30,1.765,1.79,1.756,1.781,16121200,TRY
2012-10-31,1.79,1.79,1.773,1.773,14434100,TRY
2012-11-01,1.773,1.831,1.765,1.823,35886000,TRY
2012-11-02,1.823,1.84,1.79,1.815,24163200,TRY
2012-11-05,1.815,1.848,1.798,1.823,20383400,TRY
2012-11-06,1.823,1.865,1.815,1.815,36407000,TRY
2012-11-07,1.823,1.84,1.773,1.831,32872000,TRY
2012-11-08,1.831,1.84,1.79,1.815,20324000,TRY
2012-11-09,1.823,1.831,1.806,1.815,14435300,TRY
2012-11-12,1.815,1.848,1.815,1.831,18149400,TRY
2012-11-13,1.831,1.856,1.823,1.84,20504400,TRY
2012-11-14,1.848,1.848,1.806,1.815,21859400,TRY
2012-11-15,1.815,1.831,1.806,1.806,9594700,TRY
2012-11-16,1.806,1.823,1.806,1.815,7550000,TRY
2012-11-19,1.815,1.823,1.79,1.798,7577300,TRY
2012-11-20,1.806,1.815,1.798,1.806,8788000,TRY
2012-11-21,1.806,1.815,1.79,1.79,9765500,TRY
2012-11-22,1.798,1.806,1.781,1.781,7945800,TRY
2012-11-23,1.79,1.798,1.781,1.79,4794700,TRY
2012-11-26,1.798,1.823,1.798,1.806,9955600,TRY
2012-11-27,1.815,1.823,1.806,1.806,8706500,TRY
2012-11-28,1.815,1.856,1.806,1.856,33966800,TRY
2012-11-29,1.865,1.873,1.856,1.856,21513300,TRY
2012-11-30,1.856,1.881,1.848,1.873,27533100,TRY
2012-12-03,1.873,1.906,1.873,1.898,21537900,TRY
2012-12-04,1.898,1.931,1.898,1.923,38886900,TRY
2012-12-05,1.931,1.981,1.898,1.981,38487700,TRY
2012-12-06,1.973,2.014,1.964,1.998,41583700,TRY
2012-12-07,2.006,2.006,1.964,1.981,19788400,TRY
2012-12-10,1.998,2.048,1.973,2.023,54582800,TRY
2012-12-11,2.031,2.048,1.998,1.998,40385400,TRY
2012-12-12,2.006,2.014,1.99,2.006,18801500,TRY
2012-12-13,2.014,2.023,1.981,1.981,10503500,TRY
2012-12-14,1.99,2.039,1.99,2.031,40333500,TRY
2012-12-17,2.039,2.056,2.031,2.031,21460500,TRY
2012-12-18,2.048,2.073,2.039,2.056,24190600,TRY
2012-12-19,2.064,2.089,2.039,2.039,40916800,TRY
2012-12-20,2.039,2.048,2.006,2.023,19634300,TRY
2012-12-21,2.006,2.039,2.006,2.023,27819300,TRY
2012-12-24,2.023,2.064,2.023,2.048,13166100,TRY
2012-12-25,2.056,2.073,2.039,2.048,16114000,TRY
2012-12-26,2.056,2.081,2.048,2.056,20843900,TRY
2012-12-27,2.064,2.081,2.048,2.056,19260100,TRY
2012-12-28,2.073,2.073,2.039,2.056,15929100,TRY
2012-12-31,2.056,2.056,2.023,2.039,10045200,TRY
2013-01-02,2.064,2.098,2.048,2.089,53729000,TRY
2013-01-03,2.098,2.139,2.098,2.131,47877100,TRY
2013-01-04,2.114,2.131,2.106,2.114,21856200,TRY
2013-01-08,2.156,2.164,2.106,2.114,31911200,TRY
2013-01-09,2.123,2.139,2.114,2.131,21852400,TRY
2013-01-10,2.131,2.148,2.106,2.114,35098400,TRY
2013-01-11,2.123,2.139,2.114,2.123,29729700,TRY
2013-01-14,2.131,2.214,2.114,2.198,99370896,TRY
2013-01-15,2.206,2.206,2.173,2.173,38756600,TRY
2013-01-16,2.181,2.214,2.173,2.189,64811900,TRY
2013-01-17,2.206,2.223,2.189,2.198,53915200,TRY
2013-01-18,2.214,2.231,2.198,2.198,53099200,TRY
2013-01-21,2.206,2.214,2.198,2.198,25726100,TRY
2013-01-22,2.206,2.214,2.164,2.173,58056600,TRY
2013-01-23,2.173,2.189,2.164,2.181,29645200,TRY
2013-01-24,2.181,2.206,2.173,2.181,35178700,TRY
2013-01-25,2.189,2.214,2.173,2.173,47115100,TRY
2013-01-28,2.181,2.181,2.081,2.098,38546500,TRY
2013-01-29,2.114,2.114,2.081,2.106,22917200,TRY
2013-01-30,2.114,2.131,2.039,2.048,22802700,TRY
2013-01-31,2.048,2.081,2.048,2.081,18250100,TRY
2013-02-01,2.073,2.081,2.056,2.073,11400100,TRY
2013-02-04,2.073,2.089,2.048,2.064,16721300,TRY
2013-02-05,2.073,2.106,2.064,2.089,22307900,TRY
2013-02-06,2.089,2.114,2.081,2.089,25629200,TRY
2013-02-07,2.089,2.098,2.039,2.039,18919000,TRY
2013-02-08,2.048,2.056,1.998,2.023,26061100,TRY
2013-02-11,2.023,2.031,1.981,1.99,15751500,TRY
2013-02-12,1.998,2.006,1.964,1.973,19571200,TRY
2013-02-13,1.981,2.014,1.981,1.99,18052300,TRY
2013-02-14,1.981,1.99,1.948,1.956,18333900,TRY
2013-02-15,1.956,1.981,1.94,1.956,22007900,TRY
2013-02-18,1.964,1.973,1.94,1.94,12554500,TRY
2013-02-19,1.948,1.948,1.915,1.923,16962600,TRY
2013-02-20,1.923,1.923,1.856,1.89,38170400,TRY
2013-02-21,1.89,1.915,1.848,1.848,34156400,TRY
2013-02-22,1.856,1.873,1.806,1.806,21841700,TRY
2013-02-25,1.815,1.865,1.79,1.856,28574900,TRY
2013-02-26,1.831,1.89,1.831,1.881,30648800,TRY
2013-02-27,1.89,1.915,1.881,1.898,21692000,TRY
2013-02-28,1.906,1.931,1.898,1.931,23126000,TRY
2013-03-01,1.931,1.94,1.906,1.923,18562600,TRY
2013-03-04,1.923,1.931,1.898,1.906,20897800,TRY
2013-03-05,1.915,1.923,1.89,1.898,23368200,TRY
2013-03-06,1.906,1.923,1.898,1.923,22971900,TRY
2013-03-07,1.931,1.956,1.906,1.906,35650400,TRY
2013-03-08,1.915,1.931,1.898,1.915,27740100,TRY
2013-03-11,1.915,1.931,1.906,1.906,21611300,TRY
2013-03-12,1.906,1.923,1.906,1.915,14343500,TRY
2013-03-13,1.915,1.923,1.881,1.881,15558700,TRY
2013-03-14,1.89,1.898,1.865,1.865,18742800,TRY
2013-03-15,1.873,1.881,1.84,1.848,39370600,TRY
2013-03-18,1.831,1.856,1.823,1.848,10487800,TRY
2013-03-19,1.856,1.873,1.84,1.848,14776500,TRY
2013-03-20,1.848,1.873,1.84,1.865,22831900,TRY
2013-03-21,1.865,1.89,1.848,1.856,20000700,TRY
2013-03-22,1.865,1.873,1.856,1.873,17887300,TRY
2013-03-25,1.881,1.906,1.873,1.906,27084300,TRY
2013-03-26,1.915,1.923,1.89,1.89,25282600,TRY
2013-03-27,1.898,1.94,1.89,1.94,23848900,TRY
2013-03-28,1.956,1.973,1.923,1.956,43223900,TRY
2013-03-29,1.964,1.973,1.931,1.948,18673700,TRY
2013-04-01,1.948,1.973,1.94,1.956,17729900,TRY
2013-04-02,1.956,1.964,1.931,1.94,22617900,TRY
2013-04-03,1.94,1.948,1.906,1.915,15665800,TRY
2013-04-04,1.915,1.923,1.898,1.898,14661400,TRY
2013-04-05,1.906,1.906,1.89,1.89,13075700,TRY
2013-04-08,1.898,1.923,1.881,1.915,22541800,TRY
2013-04-09,1.915,1.94,1.898,1.906,25777700,TRY
2013-04-10,1.906,1.915,1.89,1.898,15736500,TRY
2013-04-11,1.906,1.931,1.906,1.923,27327400,TRY
2013-04-15,1.933,1.961,1.933,1.952,15691900,TRY
2013-04-16,1.952,1.971,1.914,1.923,41688900,TRY
2013-04-17,1.933,1.933,1.886,1.886,18890800,TRY
2013-04-18,1.886,1.905,1.857,1.867,16501300,TRY
2013-04-19,1.876,1.886,1.857,1.886,21399100,TRY
2013-04-22,1.895,1.905,1.876,1.886,9153200,TRY
2013-04-24,1.905,1.933,1.895,1.923,14664700,TRY
2013-04-25,1.923,1.942,1.914,1.923,27756300,TRY
2013-04-26,1.923,1.952,1.914,1.933,20511600,TRY
2013-04-29,1.942,1.952,1.895,1.914,28379000,TRY
2013-04-30,1.923,1.942,1.914,1.933,21059200,TRY
2013-05-02,1.933,1.971,1.933,1.952,32649100,TRY
2013-05-03,1.961,1.971,1.923,1.942,33886800,TRY
2013-05-06,1.933,1.961,1.933,1.952,14667500,TRY
2013-05-07,1.952,1.961,1.905,1.923,38926800,TRY
2013-05-08,1.923,1.952,1.914,1.942,17846600,TRY
2013-05-09,1.942,1.942,1.914,1.933,14585900,TRY
2013-05-10,1.933,1.989,1.914,1.952,66403200,TRY
2013-05-13,1.942,1.961,1.933,1.952,17879700,TRY
2013-05-14,1.961,2.027,1.961,2.018,59712200,TRY
2013-05-15,2.055,2.131,2.046,2.093,111613504,TRY
2013-05-16,2.103,2.103,2.055,2.055,62593400,TRY
2013-05-17,2.084,2.084,2.027,2.046,40335000,TRY
2013-05-20,2.055,2.103,2.046,2.093,48492900,TRY
2013-05-21,2.103,2.112,2.055,2.093,46101900,TRY
2013-05-22,2.084,2.084,2.046,2.065,40583200,TRY
2013-05-23,2.027,2.037,2.008,2.037,37633800,TRY
2013-05-24,2.046,2.065,2.027,2.037,21609300,TRY
2013-05-27,2.027,2.074,2.018,2.065,24818000,TRY
2013-05-28,2.074,2.103,2.065,2.084,27343200,TRY
2013-05-29,2.065,2.074,2.037,2.055,20199700,TRY
2013-05-30,2.069,2.117,2.05,2.107,51726000,TRY
2013-05-31,2.107,2.146,2.059,2.146,73953400,TRY
2013-06-03,1.925,2.069,1.925,1.973,38037200,TRY
2013-06-04,2.012,2.107,2.012,2.088,50158400,TRY
2013-06-05,2.069,2.117,2.059,2.079,38446100,TRY
2013-06-06,2.079,2.107,1.945,1.992,47302900,TRY
2013-06-07,1.992,2.059,1.992,2.05,34256600,TRY
2013-06-10,2.031,2.05,1.992,2.012,21709400,TRY
2013-06-11,2.031,2.079,1.973,2.012,34854700,TRY
2013-06-12,2.021,2.069,2.012,2.059,32383600,TRY
2013-06-13,2.05,2.079,2.04,2.04,26438800,TRY
2013-06-14,2.059,2.088,2.059,2.079,30941600,TRY
2013-06-17,2.05,2.079,2.031,2.05,25882900,TRY
2013-06-18,2.059,2.069,2.031,2.031,13118500,TRY
2013-06-19,2.04,2.059,2.021,2.04,14615600,TRY
2013-06-20,2.012,2.012,1.925,1.925,32503500,TRY
2013-06-21,1.945,1.973,1.906,1.935,31821900,TRY
2013-06-24,1.935,1.954,1.83,1.858,32533600,TRY
2013-06-25,1.868,1.906,1.849,1.849,19658200,TRY
2013-06-26,1.858,1.897,1.858,1.887,12593600,TRY
2013-06-27,1.897,1.916,1.887,1.897,21351000,TRY
2013-06-28,1.906,1.916,1.849,1.906,26409900,TRY
2013-07-01,1.916,1.935,1.897,1.916,13609500,TRY
2013-07-02,1.925,1.925,1.887,1.887,14957100,TRY
2013-07-03,1.868,1.877,1.83,1.849,30628500,TRY
2013-07-04,1.849,1.877,1.839,1.868,13569300,TRY
2013-07-05,1.868,1.877,1.83,1.839,11815700,TRY
2014-02-12,2.275,2.292,2.275,2.292,7776205,TRY
2014-02-13,2.284,2.292,2.267,2.275,6057500,TRY
2014-02-14,2.275,2.284,2.25,2.25,19332476,TRY
2014-02-17,2.258,2.267,2.233,2.25,13119279,TRY
2014-02-18,2.258,2.258,2.207,2.207,8281622,TRY
2014-02-19,2.207,2.224,2.173,2.19,12660188,TRY
2014-02-20,2.173,2.199,2.148,2.19,10319778,TRY
2014-02-21,2.19,2.199,2.156,2.173,8688399,TRY
2014-02-24,2.182,2.182,2.148,2.156,9260827,TRY
2014-02-25,2.122,2.139,2.105,2.105,9515296,TRY
2014-02-26,2.122,2.139,2.08,2.088,11923499,TRY
2014-02-27,2.088,2.097,2.071,2.088,6219362,TRY
2014-02-28,2.088,2.097,2.029,2.054,24024506,TRY
2014-03-03,2.012,2.029,1.986,2.003,8741812,TRY
2014-03-04,2.029,2.08,2.02,2.071,9619990,TRY
2014-03-05,2.071,2.097,2.029,2.046,18019736,TRY
2014-03-06,2.122,2.182,2.114,2.148,40011728,TRY
2014-03-07,2.148,2.173,2.131,2.156,11832965,TRY
2014-03-10,2.148,2.156,2.122,2.131,12849405,TRY
2014-03-11,2.139,2.207,2.139,2.207,17892580,TRY
2014-03-12,2.199,2.233,2.19,2.224,15067856,TRY
2014-03-13,2.241,2.25,2.182,2.182,7968215,TRY
2014-03-14,2.173,2.216,2.156,2.207,13585945,TRY
2014-03-17,2.224,2.25,2.216,2.233,6615659,TRY
2014-03-18,2.233,2.25,2.182,2.199,15603032,TRY
2014-03-19,2.199,2.224,2.173,2.182,12087224,TRY
2014-03-20,2.199,2.216,2.165,2.199,10791973,TRY
2014-03-21,2.182,2.199,2.173,2.19,5505070,TRY
2014-03-24,2.19,2.207,2.156,2.165,7808161,TRY
2014-03-25,2.182,2.207,2.165,2.207,5594251,TRY
2014-03-26,2.216,2.267,2.216,2.267,11592576,TRY
2014-03-27,2.267,2.301,2.258,2.292,17146872,TRY
2014-03-28,2.292,2.309,2.275,2.309,7382738,TRY
2014-07-14,3.96,3.96,3.887,3.896,11051478,TRY
2014-07-15,3.905,3.914,3.795,3.832,28151696,TRY
2014-07-16,3.841,3.933,3.786,3.923,24813780,TRY
2014-07-17,3.942,4.024,3.933,3.951,22051280,TRY
2014-07-18,3.923,4.079,3.896,4.043,25337668,TRY
2014-07-21,4.061,4.171,4.052,4.162,19201736,TRY
2014-07-22,4.18,4.217,4.043,4.088,19100730,TRY
2014-07-23,4.098,4.235,4.098,4.217,11658998,TRY
2014-07-24,4.235,4.382,4.235,4.327,20958704,TRY
2014-07-25,4.354,4.363,4.263,4.272,14101941,TRY
2014-07-31,4.253,4.29,4.125,4.152,21738868,TRY
2014-08-01,4.152,4.189,4.033,4.152,15711148,TRY
2014-08-04,4.217,4.253,4.107,4.107,18540722,TRY
2014-08-05,4.134,4.134,3.923,3.942,22348652,TRY
2014-08-06,3.905,4.07,3.868,3.969,16822672,TRY
2014-08-07,3.987,3.997,3.887,3.914,13109181,TRY
2014-08-08,3.841,3.997,3.841,3.969,13601014,TRY
2014-08-11,4.07,4.079,3.877,3.905,17972214,TRY
2014-08-12,3.896,3.987,3.887,3.987,11954227,TRY
2014-08-13,3.942,3.942,3.694,3.722,45769772,TRY
2014-08-14,3.731,3.822,3.712,3.722,26495132,TRY
2014-08-15,3.74,3.768,3.639,3.667,21829320,TRY
2014-08-18,3.694,3.768,3.639,3.731,19389612,TRY
2014-08-19,3.758,3.887,3.758,3.868,21373448,TRY
2014-08-20,3.868,3.969,3.841,3.887,23021856,TRY
2014-08-21,3.887,3.942,3.85,3.896,19774946,TRY
2014-08-22,3.905,3.905,3.859,3.877,12830210,TRY
2014-08-25,3.896,3.951,3.887,3.942,9888438,TRY
2014-08-26,3.942,3.987,3.933,3.969,11553238,TRY
2014-08-27,3.987,4.024,3.914,3.923,11708579,TRY
2014-08-28,3.923,3.951,3.887,3.923,6424033,TRY
2014-08-29,3.923,3.923,3.85,3.85,12462597,TRY
2014-09-01,3.85,3.896,3.841,3.887,6005011,TRY
2014-09-02,3.896,3.951,3.896,3.933,12797902,TRY
2014-09-03,3.951,3.997,3.942,3.969,11275828,TRY
2014-09-04,3.951,4.015,3.942,3.997,13767164,TRY
2014-09-05,3.987,4.015,3.978,3.987,6886324,TRY
2014-09-08,3.997,3.997,3.914,3.96,9725248,TRY
2014-09-09,3.951,3.969,3.896,3.905,10457627,TRY
2014-09-10,3.905,3.96,3.887,3.942,13253272,TRY
2014-09-11,3.951,3.978,3.905,3.96,10315112,TRY
2014-09-12,3.96,4.107,3.951,4.079,23674636,TRY
2014-09-15,4.116,4.125,3.96,4.033,12818549,TRY
2014-09-16,4.043,4.061,3.997,4.006,8319576,TRY
2014-09-17,4.033,4.061,3.978,3.987,7645078,TRY
2014-09-18,3.969,3.987,3.942,3.978,8434349,TRY
2014-09-19,3.997,4.033,3.942,3.942,8102887,TRY
2014-09-22,3.96,4.015,3.905,3.969,6189102,TRY
2014-09-23,3.987,4.043,3.978,4.015,11134717,TRY
2014-09-24,4.024,4.07,3.887,3.887,16578241,TRY
2014-09-25,3.887,3.978,3.841,3.96,10379555,TRY
2014-09-26,3.969,4.006,3.933,3.933,6976630,TRY
2014-09-29,3.942,3.969,3.85,3.877,8725837,TRY
2014-09-30,3.905,3.933,3.85,3.877,10846481,TRY
2014-10-01,3.877,3.933,3.868,3.877,8719869,TRY
2014-10-02,3.887,3.896,3.768,3.795,10181493,TRY
2014-10-03,3.832,3.832,3.758,3.804,2980736,TRY
2014-10-08,3.758,3.758,3.667,3.712,12190666,TRY
2014-10-09,3.758,3.859,3.758,3.822,9022463,TRY
2014-10-10,3.804,3.822,3.74,3.74,9977730,TRY
2014-10-13,3.768,3.905,3.768,3.877,10035969,TRY
2014-10-14,3.877,3.997,3.877,3.978,17333534,TRY
2014-10-15,3.987,4.107,3.987,4.061,19054322,TRY
2014-10-16,4.079,4.134,3.96,4.061,28958940,TRY
2014-10-17,4.088,4.217,4.079,4.125,26976208,TRY
2014-10-20,4.162,4.189,4.088,4.098,19536102,TRY
2014-10-21,4.098,4.143,4.061,4.107,16409059,TRY
2014-10-22,4.134,4.162,4.07,4.098,18053892,TRY
2014-10-23,4.098,4.226,4.07,4.207,20484954,TRY
2014-10-24,4.198,4.272,4.152,4.18,20381806,TRY
2014-10-27,4.207,4.235,4.162,4.207,9977347,TRY
2014-10-28,4.207,4.226,4.18,4.189,7582484,TRY
2014-10-30,4.207,4.29,4.171,4.253,20830760,TRY
2014-10-31,4.299,4.308,4.217,4.244,14510392,TRY
2014-11-03,4.253,4.253,4.207,4.244,10346680,TRY
2014-11-04,4.253,4.317,4.235,4.29,12638273,TRY
2014-11-05,4.299,4.299,4.098,4.098,16472430,TRY
2014-11-06,4.116,4.134,3.896,3.914,16383311,TRY
2014-11-07,3.942,3.96,3.877,3.96,14242482,TRY
2014-11-10,3.978,4.07,3.96,4.033,16220784,TRY
2014-11-11,4.052,4.107,4.033,4.107,11041338,TRY
2014-11-12,4.125,4.143,4.079,4.134,14816165,TRY
2014-11-13,4.143,4.207,4.088,4.116,10040544,TRY
2014-11-14,4.125,4.162,4.033,4.061,11317288,TRY
2014-11-17,4.07,4.088,3.951,3.951,6786490,TRY
2014-11-18,3.969,4.015,3.933,3.951,11608615,TRY
2014-11-19,3.969,4.061,3.96,3.987,15552226,TRY
2014-11-20,3.997,4.061,3.997,4.033,12831143,TRY
2014-11-21,4.052,4.07,4.015,4.024,11932650,TRY
2014-11-24,4.024,4.043,3.969,3.997,7620791,TRY
2014-11-25,3.987,4.088,3.969,4.061,11925304,TRY
2014-11-26,4.07,4.143,4.061,4.116,15063439,TRY
2014-11-27,4.125,4.171,4.116,4.171,8798637,TRY
2014-11-28,4.162,4.198,4.125,4.134,6923682,TRY
2014-12-01,4.098,4.162,4.07,4.079,8508945,TRY
2014-12-02,4.079,4.143,4.07,4.098,11035093,TRY
2014-12-03,4.125,4.134,4.098,4.125,8620650,TRY
2014-12-04,4.134,4.244,4.125,4.235,13513349,TRY
2014-12-05,4.235,4.253,4.189,4.207,6782346,TRY
2014-12-08,4.198,4.217,4.162,4.198,5352867,TRY
2014-12-09,4.189,4.189,4.098,4.098,8761919,TRY
2014-12-10,4.116,4.162,4.07,4.162,11186495,TRY
2014-12-11,4.162,4.189,3.978,3.997,22446486,TRY
2014-12-12,3.997,3.997,3.923,3.942,17068764,TRY
2014-12-15,3.933,3.987,3.868,3.887,13905402,TRY
2014-12-16,3.905,3.923,3.813,3.822,17766784,TRY
2014-12-17,3.822,3.868,3.813,3.832,14139179,TRY
2014-12-18,3.859,3.933,3.859,3.914,9617505,TRY
2014-12-19,3.96,4.134,3.96,4.033,32626004,TRY
2014-12-22,4.043,4.043,3.951,3.987,12489375,TRY
2014-12-23,3.987,4.033,3.96,4.006,10654899,TRY
2014-12-24,4.006,4.098,4.006,4.098,6452247,TRY
2014-12-25,4.088,4.107,4.043,4.061,2107498,TRY
2014-12-26,4.061,4.143,4.061,4.07,6069075,TRY
2014-12-29,4.07,4.07,4.006,4.015,5246101,TRY
2014-12-30,4.015,4.061,3.978,4.033,5183528,TRY
2014-12-31,4.052,4.088,4.033,4.088,2671269,TRY
2015-01-02,4.125,4.125,4.033,4.043,3765587,TRY
2015-01-05,4.052,4.079,4.024,4.024,5643570,TRY
2015-01-06,4.024,4.061,3.978,4.015,11383282,TRY
2015-01-07,4.033,4.107,4.006,4.061,13863471,TRY
2015-01-08,4.088,4.317,4.088,4.308,27258524,TRY
2015-01-09,4.308,4.418,4.217,4.327,23974004,TRY
2015-01-12,4.345,4.391,4.253,4.253,11539543,TRY
2015-01-13,4.281,4.372,4.253,4.317,12872595,TRY
2015-01-14,4.308,4.372,4.253,4.327,15811473,TRY
2015-01-15,4.363,4.409,4.317,4.363,18466184,TRY
2015-01-16,4.363,4.363,4.18,4.189,21043942,TRY
2015-01-19,4.226,4.272,4.198,4.244,8290687,TRY
2015-01-20,4.272,4.354,4.235,4.263,9650496,TRY
2015-01-21,4.29,4.354,4.281,4.327,14970099,TRY
2015-01-22,4.354,4.391,4.327,4.372,12995320,TRY
2015-01-23,4.382,4.482,4.354,4.455,31941918,TRY
2015-01-26,4.428,4.446,4.372,4.428,10705443,TRY
2015-01-27,4.446,4.446,4.372,4.409,8697175,TRY
2015-01-28,4.437,4.446,4.281,4.281,13615216,TRY
2015-01-29,4.272,4.299,4.052,4.052,35585288,TRY
2015-01-30,4.088,4.098,3.933,4.033,35663316,TRY
2015-02-02,4.052,4.116,4.033,4.107,16042777,TRY
2015-02-03,4.107,4.116,3.96,4.015,16221660,TRY
2015-02-04,4.033,4.043,3.942,4.033,16165419,TRY
2015-02-05,4.006,4.043,3.896,3.923,26048132,TRY
2015-02-06,3.933,3.96,3.859,3.859,17278708,TRY
2015-02-09,3.868,3.978,3.749,3.942,19672340,TRY
2015-02-10,3.96,4.033,3.951,3.951,18854814,TRY
2015-02-11,3.987,4.015,3.887,3.96,17156874,TRY
2015-02-12,4.024,4.033,3.905,3.969,18592988,TRY
2015-02-13,3.987,3.987,3.914,3.923,12201534,TRY
2015-02-16,3.978,3.978,3.896,3.914,6071528,TRY
2015-02-17,3.905,3.933,3.868,3.914,8757959,TRY
2015-02-18,3.933,3.942,3.85,3.896,8369405,TRY
2015-02-19,3.914,3.933,3.868,3.923,8964177,TRY
2015-02-20,3.914,3.933,3.859,3.896,6316645,TRY
2015-02-23,3.887,3.978,3.868,3.96,12216497,TRY
2015-02-24,3.96,4.006,3.914,3.978,13583385,TRY
2015-02-25,4.024,4.079,4.006,4.061,13005776,TRY
2015-02-26,4.043,4.116,3.987,3.997,14112797,TRY
2015-02-27,3.997,4.015,3.841,3.868,16341218,TRY
2015-03-02,3.868,3.905,3.832,3.868,11176187,TRY
2015-03-03,3.868,3.896,3.813,3.868,10894966,TRY
2015-03-04,3.887,3.887,3.74,3.758,11200705,TRY
2015-03-05,3.703,3.804,3.703,3.722,13700485,TRY
2015-03-06,3.722,3.822,3.685,3.694,17253516,TRY
2015-03-09,3.777,3.804,3.74,3.758,12276000,TRY
2015-03-10,3.777,3.786,3.639,3.639,9763044,TRY
2015-03-11,3.648,3.712,3.52,3.557,18369308,TRY
2015-03-12,3.612,3.639,3.575,3.612,14195788,TRY
2015-03-13,3.621,3.685,3.557,3.575,13595693,TRY
2015-03-16,3.621,3.685,3.575,3.612,7114635,TRY
2015-03-17,3.63,3.712,3.63,3.712,8203517,TRY
2015-03-18,3.712,3.768,3.685,3.768,10779620,TRY
2015-03-19,3.841,3.841,3.777,3.777,10209280,TRY
2015-03-20,3.804,3.85,3.749,3.804,9026828,TRY
2015-03-23,3.804,3.841,3.795,3.832,6484818,TRY
2015-03-24,3.822,3.822,3.703,3.703,9278440,TRY
2015-03-25,3.74,3.795,3.712,3.731,11176593,TRY
2015-03-26,3.676,3.703,3.648,3.667,10732687,TRY
2015-03-27,3.658,3.685,3.603,3.676,9815870,TRY
2015-03-30,3.703,3.731,3.639,3.712,14232414,TRY
2015-03-31,3.731,3.74,3.667,3.703,14726521,TRY
2015-04-01,3.722,3.841,3.712,3.832,15351505,TRY
2015-04-02,3.85,3.969,3.832,3.923,16927016,TRY
2015-04-03,3.942,3.951,3.859,3.933,6330443,TRY
2015-04-06,3.942,3.942,3.868,3.923,4961357,TRY
2015-04-07,3.933,4.033,3.905,4.015,12651150,TRY
2015-04-08,4.015,4.052,3.951,4.015,12759201,TRY
2015-04-09,3.987,4.07,3.987,4.033,10407674,TRY
2015-04-10,4.024,4.079,3.978,4.015,12648233,TRY
2015-04-13,4.006,4.024,3.923,3.951,11122458,TRY
2015-04-14,3.942,4.006,3.868,3.969,14369105,TRY
2015-04-15,3.96,3.978,3.905,3.969,9253349,TRY
2015-04-16,3.997,4.107,3.969,4.088,15963566,TRY
2015-04-17,4.125,4.171,4.061,4.079,9218795,TRY
2015-04-20,4.107,4.125,4.052,4.116,7240125,TRY
2015-04-21,4.107,4.207,4.07,4.198,12218370,TRY
2015-04-22,4.189,4.244,4.152,4.152,7777222,TRY
2015-04-24,4.171,4.207,4.116,4.18,11868370,TRY
2015-04-27,4.18,4.308,4.18,4.244,10246371,TRY
2015-04-28,4.198,4.327,4.143,4.299,20683516,TRY
2015-04-29,4.308,4.327,4.162,4.198,20548684,TRY
2015-04-30,4.226,4.281,4.125,4.125,18666200,TRY
2015-05-04,4.125,4.217,4.088,4.18,8527161,TRY
2015-05-05,4.189,4.263,4.152,4.226,11836383,TRY
2015-05-06,4.235,4.244,4.152,4.18,9837925,TRY
2015-05-07,4.18,4.244,4.125,4.235,8614891,TRY
2015-05-08,4.244,4.327,4.217,4.308,10904247,TRY
2015-05-11,4.308,4.372,4.299,4.308,9308630,TRY
2015-05-12,4.308,4.354,4.272,4.327,13252668,TRY
2015-05-13,4.336,4.372,4.317,4.372,7333670,TRY
2015-05-14,3.796,3.867,3.788,3.851,11361436,TRY
2015-05-15,3.859,3.907,3.835,3.891,8423168,TRY
2015-05-18,3.899,3.907,3.867,3.899,5488728,TRY
2015-05-20,3.891,3.923,3.875,3.915,9192894,TRY
2015-05-21,3.923,3.971,3.835,3.883,10891419,TRY
2015-05-22,3.891,3.939,3.843,3.843,10316733,TRY
2015-05-25,3.851,3.859,3.811,3.819,5961452,TRY
2015-05-26,3.828,3.828,3.707,3.724,19803206,TRY
2015-05-27,3.724,3.793,3.663,3.776,15537042,TRY
2015-05-28,3.785,3.802,3.698,3.698,10133730,TRY
2015-05-29,3.707,3.793,3.68,3.715,13790983,TRY
2015-06-01,3.715,3.715,3.654,3.663,7509494,TRY
2015-06-02,3.68,3.837,3.68,3.819,17606604,TRY
2015-06-03,3.819,3.95,3.776,3.897,14705436,TRY
2015-06-04,3.88,3.976,3.871,3.976,11746124,TRY
2015-06-05,3.967,4.002,3.837,3.871,10865297,TRY
2015-06-08,3.628,3.837,3.602,3.828,11194982,TRY
2015-06-09,3.845,3.863,3.707,3.707,14555221,TRY
2015-06-10,3.724,3.759,3.689,3.707,10346530,TRY
2015-06-11,3.724,3.741,3.672,3.724,9525001,TRY
2015-06-12,3.724,3.776,3.698,3.698,8258768,TRY
2015-06-15,3.715,3.715,3.628,3.663,7282414,TRY
2015-06-16,3.672,3.741,3.654,3.715,5935072,TRY
2015-06-17,3.733,3.767,3.707,3.759,10135836,TRY
2015-06-18,3.793,3.837,3.767,3.837,9289177,TRY
2015-06-19,3.837,3.897,3.819,3.889,8247195,TRY
2015-06-22,3.906,3.924,3.793,3.793,10250851,TRY
2015-06-23,3.819,3.863,3.793,3.854,7858792,TRY
2015-06-24,3.854,3.924,3.854,3.906,7975746,TRY
2015-06-25,3.906,3.915,3.837,3.845,7663921,TRY
2015-06-26,3.845,3.854,3.785,3.854,7420697,TRY
2015-06-29,3.811,3.811,3.776,3.776,7389558,TRY
2015-06-30,3.785,3.793,3.689,3.767,12750399,TRY
2015-07-01,3.776,3.776,3.707,3.707,5035437,TRY
2015-07-02,3.715,3.715,3.637,3.663,9681507,TRY
2015-07-03,3.68,3.707,3.646,3.654,5567124,TRY
2015-07-06,3.646,3.724,3.62,3.689,7398696,TRY
2015-07-07,3.715,3.741,3.646,3.646,16638920,TRY
2015-07-08,3.663,3.663,3.602,3.654,11476759,TRY
2015-07-09,3.663,3.724,3.654,3.715,9881717,TRY
2015-07-10,3.75,3.75,3.672,3.707,9702055,TRY
2015-07-13,3.707,3.715,3.672,3.68,6721514,TRY
2015-07-14,3.698,3.715,3.602,3.602,13780120,TRY
2015-07-15,3.611,3.663,3.594,3.594,7969089,TRY
2015-07-16,3.602,3.611,3.576,3.585,3600517,TRY
2015-07-20,3.602,3.602,3.516,3.516,11259354,TRY
2015-07-21,3.533,3.62,3.516,3.62,10602659,TRY
2015-07-22,3.628,3.628,3.542,3.542,11887256,TRY
2015-07-23,3.559,3.559,3.359,3.385,21257194,TRY
2015-07-24,3.481,3.481,3.368,3.377,10117253,TRY
2015-07-27,3.377,3.507,3.377,3.507,13276067,TRY
2015-07-28,3.507,3.524,3.437,3.49,10880434,TRY
2015-07-29,3.516,3.637,3.472,3.568,17601584,TRY
2015-07-30,3.533,3.62,3.524,3.585,12854951,TRY
2015-07-31,3.594,3.689,3.585,3.611,24441576,TRY
2015-08-03,3.628,3.637,3.55,3.568,10013578,TRY
2015-08-04,3.568,3.654,3.568,3.62,14447316,TRY
2015-08-05,3.602,3.646,3.55,3.576,13797322,TRY
2015-08-06,3.611,3.646,3.533,3.533,19057096,TRY
2015-08-07,3.55,3.55,3.446,3.455,13432528,TRY
2015-08-10,3.472,3.472,3.342,3.342,10551316,TRY
2015-08-11,3.377,3.516,3.377,3.498,16630922,TRY
2015-08-12,3.472,3.481,3.368,3.385,13421168,TRY
2015-08-13,3.429,3.446,3.325,3.446,13950999,TRY
2015-08-14,3.429,3.455,3.368,3.42,8360257,TRY
2015-08-17,3.42,3.429,3.359,3.377,11182858,TRY
2015-08-18,3.359,3.437,3.351,3.385,13459697,TRY
2015-08-19,3.403,3.429,3.342,3.342,8434640,TRY
2015-08-20,3.342,3.359,3.281,3.325,9191279,TRY
2015-08-21,3.316,3.333,3.238,3.29,12824086,TRY
2015-08-24,3.264,3.264,3.073,3.186,13335032,TRY
2015-08-25,3.22,3.281,3.194,3.238,8523445,TRY
2015-08-26,3.212,3.281,3.168,3.281,12301810,TRY
2015-08-27,3.325,3.411,3.316,3.411,10418229,TRY
2015-08-28,3.437,3.455,3.325,3.368,5282436,TRY
2015-08-31,3.359,3.437,3.359,3.437,11082015,TRY
2015-09-01,3.429,3.429,3.351,3.377,8213175,TRY
2015-09-02,3.385,3.403,3.307,3.307,6058665,TRY
2015-09-03,3.333,3.359,3.299,3.359,6642854,TRY
2015-09-04,3.333,3.351,3.247,3.272,6454492,TRY
2015-09-07,3.247,3.247,3.177,3.194,5284665,TRY
2015-09-08,3.22,3.238,3.168,3.177,7836196,TRY
2015-09-09,3.212,3.247,3.177,3.203,9434876,TRY
2015-09-10,3.194,3.203,3.151,3.168,10995906,TRY
2015-09-11,3.186,3.212,3.16,3.203,9397692,TRY
2015-09-14,3.229,3.272,3.186,3.264,8047240,TRY
2015-09-15,3.272,3.351,3.247,3.333,10728796,TRY
2015-09-16,3.342,3.385,3.325,3.377,6112971,TRY
2015-09-17,3.377,3.429,3.368,3.429,8260663,TRY
2015-09-18,3.429,3.429,3.359,3.403,12717416,TRY
2015-09-21,3.394,3.42,3.377,3.377,11000413,TRY
2015-09-22,3.385,3.42,3.255,3.272,16055563,TRY
2015-09-23,3.272,3.307,3.255,3.255,4306515,TRY
2015-09-28,3.247,3.316,3.194,3.229,16092155,TRY
2015-09-29,3.194,3.307,3.194,3.29,10754588,TRY
2015-09-30,3.316,3.325,3.238,3.238,15385457,TRY
2015-10-01,3.264,3.272,3.203,3.238,13911462,TRY
2015-10-02,3.238,3.247,3.212,3.229,9822382,TRY
2015-10-05,3.264,3.307,3.238,3.299,25794564,TRY
2015-10-06,3.299,3.342,3.29,3.316,11931222,TRY
2015-10-07,3.342,3.455,3.333,3.455,19190824,TRY
2015-10-08,3.429,3.49,3.403,3.429,19050924,TRY
2015-10-09,3.455,3.559,3.455,3.559,16913120,TRY
2015-10-12,3.516,3.654,3.507,3.611,13735868,TRY
2015-10-13,3.628,3.628,3.455,3.472,14937225,TRY
2015-10-14,3.463,3.533,3.42,3.516,15591492,TRY
2015-10-15,3.55,3.62,3.481,3.481,18156740,TRY
2015-10-16,3.516,3.542,3.455,3.542,13081667,TRY
2015-10-19,3.524,3.576,3.516,3.559,10099563,TRY
2015-10-20,3.559,3.559,3.481,3.481,11555222,TRY
2015-10-21,3.481,3.516,3.42,3.437,15456397,TRY
2015-10-22,3.429,3.472,3.411,3.446,10262544,TRY
2015-10-23,3.49,3.516,3.429,3.455,10935379,TRY
2015-10-26,3.455,3.481,3.437,3.463,7860117,TRY
2015-10-27,3.463,3.507,3.42,3.498,20237926,TRY
2015-10-28,3.507,3.542,3.498,3.542,8400520,TRY
2015-10-30,3.533,3.611,3.49,3.594,13384674,TRY
2015-11-02,3.689,3.793,3.611,3.611,28187424,TRY
2015-11-03,3.62,3.654,3.611,3.628,10829260,TRY
2015-11-04,3.654,3.707,3.637,3.707,10540107,TRY
2015-11-05,3.628,3.637,3.524,3.559,23668900,TRY
2015-11-06,3.559,3.559,3.394,3.394,23405272,TRY
2015-11-09,3.42,3.446,3.368,3.385,17338510,TRY
2015-11-10,3.403,3.42,3.377,3.377,18530704,TRY
2015-11-11,3.394,3.429,3.385,3.394,11386221,TRY
2015-11-12,3.411,3.437,3.377,3.403,13108739,TRY
2015-11-13,3.403,3.42,3.351,3.359,19976400,TRY
2015-11-16,3.359,3.368,3.316,3.333,15050542,TRY
2015-11-17,3.342,3.368,3.316,3.316,11752993,TRY
2015-11-18,3.316,3.325,3.264,3.264,16543690,TRY
2015-11-19,3.281,3.325,3.272,3.316,14488631,TRY
2015-11-20,3.325,3.351,3.307,3.351,9448296,TRY
2015-11-23,3.342,3.359,3.272,3.272,12744488,TRY
2015-11-24,3.281,3.29,3.125,3.134,24947596,TRY
2015-11-25,3.142,3.16,3.108,3.151,18139928,TRY
2015-11-26,3.134,3.22,3.125,3.194,16891804,TRY
2015-11-27,3.177,3.255,3.177,3.238,14511485,TRY
2015-11-30,3.238,3.299,3.238,3.264,17046364,TRY
2015-12-01,3.281,3.307,3.203,3.229,20100958,TRY
2015-12-02,3.247,3.255,3.142,3.142,22124036,TRY
2015-12-03,3.16,3.194,3.125,3.125,14695545,TRY
2015-12-04,3.142,3.151,2.986,3.038,22062636,TRY
2015-12-07,3.047,3.055,2.969,2.995,17123352,TRY
2015-12-08,2.986,3.003,2.917,2.917,16872052,TRY
2015-12-09,2.925,2.969,2.891,2.951,16267924,TRY
2015-12-10,2.934,3.03,2.882,2.899,20617776,TRY
2015-12-11,2.908,2.943,2.856,2.873,22870440,TRY
2015-12-14,2.899,2.925,2.726,2.726,23091666,TRY
2015-12-15,2.743,2.856,2.734,2.856,18792420,TRY
2015-12-16,2.847,2.856,2.795,2.83,13545189,TRY
2015-12-17,2.847,2.873,2.812,2.821,23508220,TRY
2015-12-18,2.812,2.821,2.7,2.7,23669268,TRY
2015-12-21,2.717,2.743,2.682,2.7,22628082,TRY
2015-12-22,2.7,2.708,2.647,2.682,16205442,TRY
2015-12-23,2.682,2.778,2.682,2.76,20084260,TRY
2015-12-24,2.778,2.812,2.769,2.795,12161179,TRY
2015-12-25,2.812,2.812,2.786,2.786,2597582,TRY
2015-12-28,2.804,2.83,2.76,2.769,10189824,TRY
2015-12-29,2.786,2.786,2.717,2.752,10870349,TRY
2015-12-30,2.752,2.76,2.717,2.717,5113740,TRY
2015-12-31,2.726,2.726,2.639,2.639,10742887,TRY
2016-01-04,2.604,2.604,2.561,2.569,15917242,TRY
2016-01-05,2.587,2.604,2.491,2.587,35381952,TRY
2016-01-06,2.569,2.717,2.569,2.708,29051708,TRY
2016-01-07,2.682,2.7,2.613,2.682,23163528,TRY
2016-01-08,2.7,2.726,2.595,2.595,18357876,TRY
2016-01-11,2.595,2.665,2.578,2.63,16062645,TRY
2016-01-12,2.63,2.665,2.578,2.63,21873932,TRY
2016-01-13,2.647,2.682,2.63,2.656,29913192,TRY
2016-01-14,2.639,2.665,2.595,2.622,20113074,TRY
2016-01-15,2.622,2.656,2.561,2.569,23604600,TRY
2016-01-18,2.587,2.613,2.569,2.595,11560368,TRY
2016-01-19,2.622,2.656,2.569,2.595,32098826,TRY
2016-01-20,2.587,2.595,2.535,2.535,14503020,TRY
2016-01-21,2.526,2.552,2.457,2.509,22902400,TRY
2016-01-22,2.552,2.63,2.543,2.622,18368168,TRY
2016-01-25,2.665,2.7,2.622,2.647,22131628,TRY
2016-01-26,2.63,2.665,2.604,2.647,19453452,TRY
2016-01-27,2.647,2.708,2.647,2.674,25563298,TRY
2016-01-28,2.691,2.691,2.639,2.656,23014852,TRY
2016-01-29,2.682,2.691,2.665,2.682,25544844,TRY
2016-02-01,2.682,2.7,2.665,2.691,12229676,TRY
2016-02-02,2.7,2.717,2.674,2.674,15739955,TRY
2016-02-03,2.674,2.726,2.639,2.7,15189468,TRY
2016-02-04,2.734,2.795,2.708,2.786,25362546,TRY
2016-02-05,2.804,2.856,2.795,2.847,13865014,TRY
2016-02-08,2.865,2.873,2.778,2.795,14739487,TRY
2016-02-09,2.769,2.778,2.674,2.726,17228232,TRY
2016-02-10,2.734,2.786,2.691,2.717,19137340,TRY
2016-02-11,2.691,2.708,2.622,2.7,16292160,TRY
2016-02-12,2.734,2.743,2.674,2.674,11893409,TRY
2016-02-15,2.691,2.726,2.613,2.726,17506198,TRY
2016-02-16,2.752,2.76,2.691,2.708,11528033,TRY
2016-02-17,2.708,2.804,2.682,2.769,12899580,TRY
2016-02-18,2.769,2.83,2.76,2.821,13230834,TRY
2016-02-19,2.812,2.821,2.769,2.804,7360597,TRY
2016-02-22,2.838,2.847,2.812,2.83,11826605,TRY
2016-02-23,2.83,2.934,2.812,2.925,18692290,TRY
2016-02-24,2.925,2.969,2.865,2.891,17211762,TRY
2016-02-25,2.917,2.934,2.891,2.925,10772251,TRY
2016-02-26,2.934,2.969,2.908,2.925,18831266,TRY
2016-02-29,2.917,3.021,2.917,2.995,15190554,TRY
2016-03-01,3.03,3.038,2.995,3.03,14277427,TRY
2016-03-02,3.055,3.064,2.986,3.021,15433346,TRY
2016-03-03,3.03,3.047,2.995,3.012,17219802,TRY
2016-03-04,3.021,3.082,2.977,3.073,24626184,TRY
2016-03-07,3.082,3.125,3.038,3.125,16586567,TRY
2016-03-08,3.116,3.203,3.099,3.116,34718940,TRY
2016-03-09,3.073,3.09,3.012,3.09,22362848,TRY
2016-03-10,3.116,3.186,3.108,3.142,25425160,TRY
2016-03-11,3.168,3.168,3.09,3.168,17741896,TRY
2016-03-14,3.16,3.238,3.142,3.22,19212828,TRY
2016-03-15,3.229,3.247,3.16,3.186,15846538,TRY
2016-03-16,3.186,3.203,3.134,3.177,13159146,TRY
2016-03-17,3.22,3.29,3.194,3.281,20191784,TRY
2016-03-18,3.299,3.455,3.272,3.455,40156128,TRY
2016-03-21,3.455,3.542,3.437,3.472,19827572,TRY
2016-03-22,3.463,3.463,3.359,3.429,21386876,TRY
2016-03-23,3.429,3.446,3.351,3.359,15315576,TRY
2016-03-24,3.368,3.507,3.351,3.507,15790847,TRY
2016-03-25,3.507,3.524,3.455,3.463,3415882,TRY
2016-03-28,3.481,3.559,3.463,3.559,8155494,TRY
2016-03-29,3.576,3.654,3.559,3.602,21641470,TRY
2016-03-30,3.654,3.741,3.646,3.715,21896272,TRY
2016-03-31,3.724,3.741,3.62,3.68,27232756,TRY
2016-04-01,3.689,3.707,3.637,3.707,17023632,TRY
2016-04-04,3.707,3.776,3.68,3.741,14198517,TRY
2016-04-05,3.733,3.776,3.689,3.724,15870066,TRY
2016-04-06,3.767,3.767,3.672,3.672,13666634,TRY
2016-04-07,3.715,3.793,3.707,3.793,20774782,TRY
2016-04-08,3.837,3.924,3.767,3.906,19002444,TRY
2016-04-11,3.924,4.08,3.915,4.071,19070952,TRY
2016-04-12,4.08,4.253,4.028,4.193,29144844,TRY
2016-04-13,4.227,4.332,4.201,4.306,20215640,TRY
2016-04-14,4.323,4.392,4.149,4.279,33103976,TRY
2016-04-15,4.253,4.288,4.097,4.132,24082286,TRY
2016-04-18,4.097,4.21,4.097,4.184,16785852,TRY
2016-04-19,4.21,4.21,4.123,4.141,10807004,TRY
2016-04-20,4.132,4.323,4.106,4.236,25700876,TRY
2016-04-21,4.297,4.384,4.288,4.34,19371224,TRY
2016-04-22,4.349,4.384,4.219,4.279,15332954,TRY
2016-04-25,4.271,4.375,4.253,4.323,14010169,TRY
2016-04-26,4.349,4.357,4.132,4.141,27702670,TRY
2016-04-27,4.158,4.167,4.019,4.045,25622856,TRY
2016-04-28,4.054,4.123,3.967,4.088,29312726,TRY
2016-04-29,4.071,4.08,4.01,4.054,14726068,TRY
2016-05-02,4.045,4.097,3.993,3.993,14026309,TRY
2016-05-03,4.01,4.036,3.819,3.854,22107178,TRY
2016-05-04,3.837,4.019,3.785,3.976,17214188,TRY
2016-05-05,3.897,4.114,3.889,4.062,18552160,TRY
2016-05-06,4.062,4.097,3.967,4.071,10861049,TRY
2016-05-09,4.097,4.219,3.958,3.958,17546420,TRY
2016-05-10,3.941,3.941,3.793,3.88,23610808,TRY
2016-05-11,3.906,3.984,3.897,3.958,18904228,TRY
2016-05-12,3.976,4.002,3.785,3.793,23891278,TRY
2016-05-13,3.776,3.811,3.689,3.785,19590116,TRY
2016-05-16,3.802,3.819,3.707,3.802,10857552,TRY
2016-05-17,3.819,3.837,3.689,3.715,18162544,TRY
2016-05-18,3.698,3.828,3.663,3.793,18140404,TRY
2016-05-20,3.811,3.88,3.767,3.837,16475148,TRY
2016-05-23,3.845,3.863,3.724,3.75,15319093,TRY
2016-05-24,3.75,3.845,3.698,3.819,15753059,TRY
2016-05-25,3.866,3.885,3.829,3.866,14723756,TRY
2016-05-26,3.866,3.941,3.847,3.913,17266080,TRY
2016-05-27,3.922,3.95,3.838,3.838,13049528,TRY
2016-05-30,3.838,3.903,3.829,3.875,5943292,TRY
2016-05-31,3.913,3.913,3.81,3.838,15386739,TRY
2016-06-01,3.838,3.857,3.67,3.689,17458886,TRY
2016-06-02,3.717,3.736,3.652,3.67,11408171,TRY
2016-06-03,3.68,3.819,3.642,3.764,12199531,TRY
2016-06-06,3.791,3.857,3.764,3.829,8385279,TRY
2016-06-07,3.857,3.903,3.847,3.885,14253593,TRY
2016-06-08,3.922,3.941,3.857,3.931,14664061,TRY
2016-06-09,3.941,3.95,3.782,3.801,15446324,TRY
2016-06-10,3.782,3.838,3.764,3.791,7508526,TRY
2016-06-13,3.791,3.801,3.67,3.801,12154364,TRY
2016-06-14,3.801,3.81,3.698,3.717,11458044,TRY
2016-06-15,3.754,3.773,3.726,3.764,7872464,TRY
2016-06-16,3.745,3.801,3.67,3.67,10844164,TRY
2016-06-17,3.708,3.736,3.633,3.68,13343117,TRY
2016-06-20,3.754,3.773,3.717,3.773,9145360,TRY
2016-06-21,3.773,3.801,3.745,3.782,14158554,TRY
2016-06-22,3.791,3.81,3.708,3.717,10320245,TRY
2016-06-23,3.726,3.791,3.689,3.773,15320055,TRY
2016-06-24,3.577,3.67,3.54,3.67,10897674,TRY
2016-06-27,3.661,3.689,3.633,3.642,10108940,TRY
2016-06-28,3.689,3.819,3.68,3.801,15665296,TRY
2016-06-29,3.819,3.857,3.773,3.829,16255518,TRY
2016-06-30,3.838,3.875,3.754,3.782,17535236,TRY
2016-07-01,3.801,3.931,3.791,3.922,15704833,TRY
2016-07-04,3.931,3.931,3.894,3.922,4044815,TRY
2016-07-08,3.885,3.959,3.866,3.941,12010027,TRY
2016-07-11,3.968,4.034,3.941,4.015,17456194,TRY
2016-07-12,4.015,4.201,3.996,4.192,20052128,TRY
2016-07-13,4.183,4.22,4.108,4.127,14197521,TRY
2016-07-14,4.173,4.332,4.155,4.304,21760144,TRY
2016-07-15,4.295,4.416,4.285,4.416,17485226,TRY
2016-07-18,4.304,4.369,4.173,4.369,22702084,TRY
2016-07-19,4.322,4.444,4.192,4.341,16267449,TRY
2016-07-20,4.369,4.369,4.211,4.257,16262071,TRY
2016-07-21,4.239,4.257,3.978,3.987,19463412,TRY
2016-07-22,4.071,4.071,3.829,3.913,18791754,TRY
2016-07-25,3.922,4.211,3.922,4.155,12002147,TRY
2016-07-26,4.192,4.192,4.071,4.136,10479928,TRY
2016-07-27,4.136,4.313,4.136,4.304,10322015,TRY
2016-07-28,4.332,4.444,4.313,4.35,12412429,TRY
2016-07-29,4.35,4.35,4.183,4.229,14539257,TRY
2016-08-01,4.313,4.36,4.257,4.332,9278440,TRY
2016-08-02,4.35,4.35,4.211,4.22,9300320,TRY
2016-08-03,4.22,4.239,4.09,4.155,8208457,TRY
2016-08-04,4.173,4.36,4.117,4.35,11807904,TRY
2016-08-05,4.369,4.499,4.322,4.481,21009908,TRY
2016-08-08,4.537,4.639,4.537,4.593,15206679,TRY
2016-08-09,4.62,4.695,4.574,4.639,14476168,TRY
2016-08-10,4.648,4.658,4.537,4.63,9218356,TRY
2016-08-11,4.611,4.62,4.444,4.602,17009640,TRY
2016-08-12,4.658,4.658,4.546,4.602,8900988,TRY
2016-08-15,4.62,4.62,4.546,4.565,5778973,TRY
2016-08-16,4.574,4.602,4.388,4.406,11882322,TRY
2016-08-17,4.416,4.574,4.406,4.518,11467639,TRY
2016-08-18,4.565,4.583,4.453,4.471,9454633,TRY
2016-08-19,4.471,4.574,4.434,4.565,8343386,TRY
2016-08-22,4.546,4.574,4.481,4.518,7925037,TRY
2016-08-23,4.527,4.537,4.434,4.434,7564756,TRY
2016-08-24,4.36,4.388,3.931,4.369,14035067,TRY
2016-08-25,4.378,4.397,4.322,4.36,11515063,TRY
2016-08-26,4.35,4.369,4.295,4.35,5770544,TRY
2016-08-29,4.35,4.35,4.257,4.285,3521052,TRY
2016-08-31,4.276,4.285,4.145,4.145,13123826,TRY
2016-09-01,4.155,4.22,4.155,4.201,8360489,TRY
2016-09-02,4.183,4.248,4.183,4.201,9046942,TRY
2016-09-05,4.22,4.322,4.22,4.322,15590670,TRY
2016-09-06,4.35,4.388,4.304,4.322,8305271,TRY
2016-09-07,4.285,4.35,4.285,4.341,6195573,TRY
2016-09-08,4.35,4.388,4.229,4.239,11523126,TRY
2016-09-09,4.22,4.229,4.071,4.099,18327084,TRY
2016-09-16,4.043,4.043,3.913,3.968,23515302,TRY
2016-09-19,3.996,4.034,3.968,4.015,14928729,TRY
2016-09-20,3.987,4.006,3.959,3.987,10922036,TRY
2016-09-21,3.996,4.062,3.968,4.052,15563292,TRY
2016-09-22,4.099,4.136,4.08,4.108,16073864,TRY
2016-09-23,4.117,4.164,4.09,4.117,11749780,TRY
2016-09-26,3.866,4.034,3.847,3.987,11323754,TRY
2016-09-27,4.024,4.043,3.941,3.95,9932025,TRY
2016-09-28,3.95,3.968,3.903,3.913,12161509,TRY
2016-09-29,3.941,3.95,3.885,3.903,13321490,TRY
2016-09-30,3.903,3.903,3.847,3.847,11257902,TRY
2016-10-03,3.875,3.922,3.866,3.913,11806381,TRY
2016-10-04,3.922,4.034,3.913,3.922,23580340,TRY
2016-10-05,3.903,4.117,3.903,4.09,17705512,TRY
2016-10-06,4.117,4.183,3.959,3.978,19072292,TRY
2016-10-07,3.996,4.015,3.95,3.959,11053554,TRY
2016-10-10,3.987,3.996,3.931,3.941,8692626,TRY
2016-10-11,3.941,3.941,3.866,3.875,14609521,TRY
2016-10-12,3.885,3.922,3.847,3.885,12463189,TRY
2016-10-13,3.875,3.987,3.875,3.968,22589600,TRY
2016-10-14,3.996,4.062,3.95,4.024,18871924,TRY
2016-10-17,4.015,4.062,3.941,4.052,14540094,TRY
2016-10-18,4.071,4.108,4.034,4.108,32633570,TRY
2016-10-19,4.127,4.145,4.08,4.127,24632602,TRY
2016-10-20,4.136,4.145,4.052,4.071,18378408,TRY
2016-10-21,4.071,4.071,3.913,3.913,38926668,TRY
2016-10-24,3.931,3.968,3.931,3.95,16128292,TRY
2016-10-25,3.959,4.024,3.95,3.978,23204292,TRY
2016-10-26,3.968,4.006,3.913,3.931,17663064,TRY
2016-10-27,3.931,3.95,3.894,3.913,14118633,TRY
2016-10-28,3.903,3.913,3.866,3.894,5760371,TRY
2016-10-31,3.913,3.922,3.866,3.913,12645397,TRY
2016-11-01,3.913,3.941,3.81,3.81,17621416,TRY
2016-11-02,3.829,3.894,3.801,3.866,14814626,TRY
2016-11-03,3.875,3.913,3.847,3.885,10755309,TRY
2016-11-04,3.838,3.866,3.596,3.624,25483172,TRY
2016-11-07,3.68,3.745,3.652,3.736,21168500,TRY
2016-11-08,3.736,3.754,3.661,3.726,15580909,TRY
2016-11-09,3.633,3.764,3.624,3.764,22813064,TRY
2016-11-10,3.801,3.931,3.801,3.885,25411832,TRY
2016-11-11,3.875,3.987,3.847,3.978,33917416,TRY
2016-11-14,3.978,4.052,3.903,4.024,20660152,TRY
2016-11-15,4.034,4.071,3.987,4.062,24918856,TRY
2016-11-16,4.062,4.099,3.987,4.024,20328204,TRY
2016-11-17,4.034,4.062,3.968,3.987,20174818,TRY
2016-11-18,3.959,4.034,3.931,4.006,13643169,TRY
2016-11-21,4.006,4.052,3.987,4.024,11357974,TRY
2016-11-22,4.015,4.136,4.015,4.071,22819288,TRY
2016-11-23,4.09,4.127,4.08,4.099,10863144,TRY
2016-11-24,4.099,4.183,4.09,4.117,15173305,TRY
2016-11-25,4.099,4.164,4.062,4.145,10193181,TRY
2016-11-28,4.183,4.304,4.183,4.295,18549094,TRY
2016-11-29,4.285,4.378,4.257,4.285,18318624,TRY
2016-11-30,4.295,4.388,4.192,4.388,23133864,TRY
2016-12-01,4.388,4.416,4.266,4.304,14500097,TRY
2016-12-02,4.304,4.397,4.229,4.36,15831257,TRY
2016-12-05,4.322,4.462,4.322,4.425,12508155,TRY
2016-12-06,4.471,4.676,4.453,4.676,24029548,TRY
2016-12-07,4.676,4.788,4.648,4.695,19794120,TRY
2016-12-08,4.723,4.779,4.611,4.779,18012510,TRY
2016-12-09,4.798,4.816,4.695,4.714,12861781,TRY
2016-12-12,4.686,4.807,4.658,4.807,11493613,TRY
2016-12-13,4.835,4.909,4.807,4.816,17203316,TRY
2016-12-14,4.825,4.853,4.704,4.723,16708150,TRY
2016-12-15,4.704,4.807,4.695,4.788,10293854,TRY
2016-12-16,4.798,4.844,4.788,4.844,10057784,TRY
2016-12-19,4.863,4.863,4.648,4.695,13985684,TRY
2016-12-20,4.695,4.76,4.676,4.704,7668426,TRY
2016-12-21,4.723,4.798,4.704,4.732,8350228,TRY
2016-12-22,4.732,4.816,4.732,4.816,8252090,TRY
2016-12-23,4.816,4.835,4.732,4.742,4598421,TRY
2016-12-26,4.751,4.76,4.714,4.732,1183111,TRY
2016-12-27,4.742,4.788,4.742,4.77,2520138,TRY
2016-12-28,4.77,4.807,4.76,4.798,4939611,TRY
2016-12-29,4.779,4.807,4.732,4.732,5806754,TRY
2016-12-30,4.732,4.798,4.732,4.788,6936278,TRY
2017-01-02,4.76,4.788,4.732,4.751,3839463,TRY
2017-01-03,4.76,4.76,4.593,4.639,13065997,TRY
2017-01-04,4.639,4.658,4.378,4.425,22630544,TRY
2017-01-05,4.444,4.518,4.332,4.509,23066328,TRY
2017-01-06,4.509,4.509,4.406,4.481,18944852,TRY
2017-01-09,4.453,4.537,4.416,4.49,11406984,TRY
2017-01-10,4.49,4.63,4.462,4.63,17968834,TRY
2017-01-11,4.583,4.965,4.583,4.937,32239158,TRY
2017-01-12,4.993,5.273,4.956,5.235,27161186,TRY
2017-01-13,5.226,5.273,5.123,5.254,18197848,TRY
2017-01-16,5.254,5.366,5.217,5.273,14449334,TRY
2017-01-17,5.319,5.338,5.179,5.245,16100945,TRY
2017-01-18,5.291,5.291,5.086,5.152,15406486,TRY
2017-01-19,5.189,5.235,5.096,5.142,11017213,TRY
2017-01-20,5.133,5.226,5.03,5.207,9603972,TRY
2017-01-23,5.226,5.282,5.161,5.226,8463853,TRY
2017-01-24,5.198,5.356,5.198,5.356,14320066,TRY
2017-01-25,5.356,5.375,5.189,5.217,9954940,TRY
2017-01-26,5.245,5.301,5.189,5.254,9778602,TRY
2017-01-27,5.217,5.301,5.207,5.301,6258848,TRY
2017-01-30,5.291,5.478,5.273,5.431,10496062,TRY
2017-01-31,5.422,5.459,5.375,5.412,7655092,TRY
2017-02-01,5.403,5.543,5.394,5.543,10009156,TRY
2017-02-02,5.561,5.589,5.45,5.496,11054232,TRY
2017-02-03,5.459,5.515,5.366,5.515,16536778,TRY
2017-02-06,5.571,5.599,5.45,5.515,13415352,TRY
2017-02-07,5.478,5.515,5.329,5.338,23921160,TRY
2017-02-08,5.375,5.412,5.273,5.329,17885902,TRY
2017-02-09,5.329,5.394,5.273,5.329,18138128,TRY
2017-02-10,5.366,5.45,5.179,5.338,50892456,TRY
2017-02-13,5.329,5.487,5.263,5.468,17343610,TRY
2017-02-14,5.44,5.561,5.412,5.561,16802272,TRY
2017-02-15,5.58,5.58,5.459,5.496,12585373,TRY
2017-02-16,5.524,5.543,5.459,5.505,12020513,TRY
2017-02-17,5.505,5.561,5.478,5.515,12050695,TRY
2017-02-20,5.543,5.543,5.366,5.431,9258288,TRY
2017-02-21,5.459,5.496,5.375,5.487,12578129,TRY
2017-02-22,5.478,5.524,5.45,5.505,12318119,TRY
2017-02-23,5.533,5.683,5.468,5.683,18169556,TRY
2017-02-24,5.683,5.683,5.496,5.543,15959900,TRY
2017-02-27,5.543,5.58,5.515,5.533,6449582,TRY
2017-02-28,5.552,5.552,5.45,5.533,12858702,TRY
2017-03-01,5.543,5.552,5.496,5.543,8618378,TRY
2017-03-02,5.543,5.683,5.524,5.664,15457022,TRY
2017-03-03,5.645,5.729,5.571,5.627,9277998,TRY
2017-03-06,5.654,5.692,5.617,5.627,7690216,TRY
2017-03-07,5.645,5.654,5.552,5.571,8727335,TRY
2017-03-08,5.58,5.599,5.44,5.45,9391697,TRY
2017-03-09,5.45,5.515,5.45,5.496,7917634,TRY
2017-03-10,5.515,5.599,5.459,5.487,10461702,TRY
2017-03-13,5.487,5.524,5.422,5.524,7127596,TRY
2017-03-14,5.524,5.58,5.45,5.45,9529222,TRY
2017-03-15,5.478,5.617,5.478,5.589,13404204,TRY
2017-03-16,5.645,5.776,5.636,5.766,15714747,TRY
2017-03-17,5.776,5.869,5.757,5.785,17574396,TRY
2017-03-20,5.757,5.785,5.627,5.701,9252625,TRY
2017-03-21,5.72,5.813,5.654,5.692,12877885,TRY
2017-03-22,5.627,5.664,5.543,5.636,11846732,TRY
2017-03-23,5.664,5.664,5.515,5.543,10041914,TRY
2017-03-24,5.524,5.608,5.496,5.561,9423108,TRY
2017-03-27,5.552,5.561,5.422,5.459,11518002,TRY
2017-03-28,5.505,5.524,5.403,5.505,10350475,TRY
2017-03-29,5.496,5.561,5.468,5.515,13579733,TRY
2017-03-30,5.533,5.561,5.487,5.543,9384587,TRY
2017-03-31,5.533,5.561,5.487,5.496,8039408,TRY
2017-04-03,5.515,5.524,5.44,5.459,6911138,TRY
2017-04-04,5.468,5.58,5.384,5.58,17479040,TRY
2017-04-05,5.62,5.63,5.53,5.58,16723902,TRY
2017-04-06,5.57,5.66,5.54,5.56,15207354,TRY
2017-04-07,5.54,5.59,5.52,5.53,11622614,TRY
2017-04-10,5.55,5.69,5.55,5.68,14843255,TRY
2017-04-11,4.482,4.506,4.403,4.411,21922222,TRY
2017-04-12,4.427,4.466,4.396,4.403,10666849,TRY
2017-04-13,4.419,4.419,4.246,4.309,30946716,TRY
2017-04-14,4.301,4.34,4.269,4.301,5428684,TRY
2017-04-17,4.34,4.403,4.301,4.38,17164926,TRY
2017-04-18,4.388,4.49,4.38,4.482,29872164,TRY
2017-04-19,4.49,4.585,4.474,4.506,59251096,TRY
2017-04-20,4.537,4.569,4.49,4.569,45186448,TRY
2017-04-21,4.671,4.703,4.593,4.6,69202448,TRY
2017-04-24,4.64,4.774,4.608,4.742,52415276,TRY
2017-04-25,4.766,4.892,4.711,4.884,62209000,TRY
2017-04-26,4.884,5.018,4.868,4.994,55914936,TRY
2017-04-27,5.018,5.097,4.978,5.073,63469504,TRY
2017-04-28,5.097,5.199,5.042,5.128,41506516,TRY
2017-05-02,5.12,5.144,5.026,5.049,40206936,TRY
2017-05-03,5.049,5.097,4.955,4.986,23424040,TRY
2017-05-04,4.994,5.042,4.939,4.978,15806958,TRY
2017-05-05,4.939,5.002,4.892,4.978,26373852,TRY
2017-05-08,5.002,5.01,4.931,4.963,19312756,TRY
2017-05-09,4.947,5.191,4.947,5.191,37552060,TRY
2017-05-10,5.16,5.238,5.144,5.175,59372992,TRY
2017-05-11,5.183,5.278,5.12,5.168,33012056,TRY
2017-05-12,5.183,5.238,5.049,5.081,29386968,TRY
2017-05-15,5.12,5.136,5.057,5.073,19292920,TRY
2017-05-16,5.089,5.104,5.034,5.065,18144244,TRY
2017-05-17,5.042,5.12,5.002,5.042,25390416,TRY
2017-05-18,5.026,5.104,4.994,5.049,20563672,TRY
2017-05-22,5.081,5.191,5.081,5.183,23405254,TRY
2017-05-23,5.175,5.231,5.128,5.16,23760900,TRY
2017-05-24,5.144,5.191,5.104,5.112,18814444,TRY
2017-05-25,5.12,5.199,5.089,5.16,18389062,TRY
2017-05-26,5.16,5.175,5.081,5.104,15812682,TRY
2017-05-29,5.12,5.16,5.104,5.104,7698250,TRY
2017-05-30,5.112,5.136,5.073,5.104,9125698,TRY
2017-05-31,5.136,5.136,5.018,5.034,17716374,TRY
2017-06-01,5.042,5.049,4.955,5.002,20368922,TRY
2017-06-02,5.034,5.199,5.026,5.183,33234294,TRY
2017-06-05,5.191,5.199,5.097,5.12,15488947,TRY
2017-06-06,5.12,5.12,5.049,5.089,15459080,TRY
2017-06-07,5.073,5.128,5.018,5.026,23814574,TRY
2017-06-08,5.057,5.089,5.049,5.049,16762959,TRY
2017-06-09,5.065,5.136,5.065,5.073,17747192,TRY
2017-06-12,5.081,5.215,5.081,5.168,20172660,TRY
2017-06-13,5.183,5.231,5.065,5.073,25438004,TRY
2017-06-14,5.089,5.097,5.026,5.026,18518590,TRY
2017-06-15,5.026,5.104,4.986,5.073,21803856,TRY
2017-06-16,5.065,5.097,4.971,4.994,17071808,TRY
2017-06-19,5.026,5.049,4.978,5.002,14322864,TRY
2017-06-20,5.034,5.073,4.994,5.002,10407196,TRY
2017-06-21,5.002,5.144,4.963,5.144,23359486,TRY
2017-06-22,5.152,5.175,5.065,5.089,15949270,TRY
2017-06-23,5.089,5.144,5.089,5.112,12313687,TRY
2017-06-28,5.144,5.372,5.12,5.364,38234332,TRY
2017-06-29,5.372,5.561,5.349,5.498,28041330,TRY
2017-06-30,5.475,5.609,5.412,5.553,26222834,TRY
2017-07-03,5.546,5.601,5.498,5.577,15614985,TRY
2017-07-04,5.546,5.569,5.49,5.538,15910346,TRY
2017-07-05,5.538,5.679,5.53,5.632,26337544,TRY
2017-07-06,5.64,5.695,5.553,5.561,20289888,TRY
2017-07-07,5.585,5.656,5.561,5.561,10479753,TRY
2017-07-10,5.624,5.79,5.624,5.75,15543399,TRY
2017-07-11,5.766,5.892,5.758,5.837,25208520,TRY
2017-07-12,5.869,5.939,5.821,5.939,14367880,TRY
2017-07-13,5.947,6.042,5.924,6.003,15871927,TRY
2017-07-14,6.003,6.026,5.947,5.979,9164054,TRY
2017-07-17,5.995,6.034,5.963,5.995,10571314,TRY
2017-07-18,5.995,6.042,5.971,5.995,13220149,TRY
2017-07-19,6.026,6.097,5.987,6.097,25543576,TRY
2017-07-20,6.105,6.105,6.026,6.026,18103322,TRY
2017-07-21,6.034,6.278,6.003,6.247,18790140,TRY
2017-07-24,6.286,6.294,6.121,6.184,18363840,TRY
2017-07-25,6.192,6.255,6.16,6.231,11620374,TRY
2017-07-26,6.215,6.286,6.207,6.231,12867348,TRY
2017-07-27,6.262,6.349,6.239,6.286,11547860,TRY
2017-07-28,6.278,6.278,6.215,6.215,10001330,TRY
2017-07-31,6.223,6.278,6.176,6.176,9014601,TRY
2017-08-01,6.192,6.223,6.121,6.152,8275557,TRY
2017-08-02,6.184,6.231,6.144,6.184,5559692,TRY
2017-08-03,6.192,6.349,6.176,6.349,19205736,TRY
2017-08-04,6.349,6.483,6.349,6.452,17502156,TRY
2017-08-07,6.483,6.546,6.475,6.491,11315214,TRY
2017-08-08,6.514,6.538,6.412,6.412,10878642,TRY
2017-08-09,6.412,6.522,6.325,6.325,22566284,TRY
2017-08-10,6.333,6.42,6.144,6.144,16626833,TRY
2017-08-11,6.081,6.16,5.908,6.121,21238716,TRY
2017-08-14,6.184,6.302,6.184,6.302,12664741,TRY
2017-08-15,6.318,6.333,6.01,6.026,14659206,TRY
2017-08-16,6.034,6.215,5.845,6.176,25732948,TRY
2017-08-17,6.231,6.27,6.089,6.113,12630274,TRY
2017-08-18,6.081,6.152,5.987,6.152,10323418,TRY
2017-08-21,6.136,6.428,6.073,6.365,24171364,TRY
2017-08-22,6.381,6.499,6.325,6.436,16606928,TRY
2017-08-23,6.428,6.467,6.388,6.444,11191736,TRY
2017-08-24,6.444,6.483,6.333,6.333,9742249,TRY
2017-08-25,6.349,6.412,6.302,6.318,7772950,TRY
2017-08-28,6.341,6.381,6.302,6.381,8953491,TRY
2017-08-29,6.349,6.396,6.333,6.396,9088770,TRY
2017-08-31,6.412,6.522,6.388,6.475,9893496,TRY
2017-09-05,6.491,6.514,6.381,6.396,10430500,TRY
2017-09-06,6.396,6.475,6.318,6.42,16231117,TRY
2017-09-07,6.436,6.483,6.381,6.42,14107635,TRY
2017-09-08,6.42,6.436,6.341,6.341,12691393,TRY
2017-09-11,6.373,6.436,6.373,6.381,18974292,TRY
2017-09-12,6.388,6.404,6.31,6.318,18700004,TRY
2017-09-13,6.325,6.349,6.152,6.152,21406928,TRY
2017-09-14,6.192,6.302,6.168,6.286,12647578,TRY
2017-09-15,6.302,6.325,6.184,6.184,13544359,TRY
2017-09-18,6.207,6.207,6.066,6.089,9169626,TRY
2017-09-19,6.089,6.128,5.861,5.892,15558345,TRY
2017-09-20,5.924,6.042,5.884,5.971,13125575,TRY
2017-09-21,5.947,6.003,5.9,5.924,9372385,TRY
2017-09-22,5.955,5.963,5.806,5.837,10411837,TRY
2017-09-25,5.766,5.908,5.719,5.908,13343397,TRY
2017-09-26,5.963,6.192,5.947,6.192,14981438,TRY
2017-09-27,6.215,6.215,6.026,6.144,17226408,TRY
2017-09-28,6.144,6.192,6.05,6.05,13949592,TRY
2017-09-29,6.058,6.152,6.034,6.089,13679566,TRY
2017-10-02,6.089,6.286,6.089,6.239,11967924,TRY
2017-10-03,6.247,6.459,6.247,6.459,19897516,TRY
2017-10-04,6.467,6.491,6.31,6.341,12131029,TRY
2017-10-05,6.349,6.459,6.341,6.412,10043862,TRY
2017-10-06,6.381,6.42,6.341,6.388,8037920,TRY
2017-10-09,6.294,6.388,6.097,6.341,18554772,TRY
2017-10-10,6.396,6.475,6.325,6.436,11138638,TRY
2017-10-11,6.412,6.459,6.357,6.365,12643634,TRY
2017-10-12,6.428,6.664,6.428,6.664,24770584,TRY
2017-10-13,6.672,6.79,6.656,6.688,15433584,TRY
2017-10-16,6.719,6.798,6.672,6.672,15252062,TRY
2017-10-17,6.688,6.759,6.617,6.648,11626117,TRY
2017-10-18,6.688,6.696,6.585,6.585,12866220,TRY
2017-10-19,6.609,6.68,6.593,6.664,6989478,TRY
2017-10-20,6.696,6.735,6.656,6.68,17082064,TRY
2017-10-23,6.672,6.696,6.57,6.625,9073671,TRY
2017-10-24,6.633,6.79,6.617,6.79,19855268,TRY
2017-10-25,6.814,6.893,6.79,6.877,14972095,TRY
2017-10-26,6.869,6.885,6.743,6.751,9394736,TRY
2017-10-27,6.727,6.751,6.625,6.704,15767944,TRY
2017-10-30,6.735,6.798,6.688,6.743,7391838,TRY
2017-10-31,6.727,7.011,6.719,7.011,17956368,TRY
2017-11-01,7.011,7.287,6.932,7.263,15170215,TRY
2017-11-02,7.294,7.357,7.208,7.271,10634709,TRY
2017-11-03,7.263,7.397,7.168,7.223,11949245,TRY
2017-11-06,7.263,7.72,7.239,7.499,14564751,TRY
2017-11-07,7.507,7.665,7.499,7.562,11984757,TRY
2017-11-08,7.657,7.775,7.476,7.491,15851015,TRY
2017-11-09,7.57,7.767,7.554,7.736,15542963,TRY
2017-11-10,7.743,7.743,7.586,7.609,10776742,TRY
2017-11-13,7.68,7.688,7.436,7.436,12951192,TRY
2017-11-14,7.42,7.476,7.231,7.373,17073976,TRY
2017-11-15,7.405,7.428,7.042,7.042,17098812,TRY
2017-11-16,7.066,7.153,6.948,6.963,25893530,TRY
2017-11-17,6.995,7.027,6.869,6.932,7932607,TRY
2017-11-20,6.94,6.971,6.743,6.901,12765809,TRY
2017-11-21,6.838,7.074,6.767,7.066,17568888,TRY
2017-11-22,7.192,7.192,6.893,7.09,17333472,TRY
2017-11-23,7.129,7.208,7.027,7.208,9797581,TRY
2017-11-24,7.184,7.507,7.168,7.357,15097805,TRY
2017-11-27,7.405,7.405,7.16,7.16,10641705,TRY
2017-11-28,7.145,7.263,6.798,6.798,13191973,TRY
2017-11-29,6.838,6.979,6.499,6.759,11366832,TRY
2017-11-30,6.822,6.908,6.704,6.782,20235752,TRY
2017-12-01,6.798,6.838,6.617,6.617,11119821,TRY
2017-12-04,6.617,6.979,6.617,6.979,12453319,TRY
2017-12-05,7.019,7.145,6.932,6.995,11884714,TRY
2017-12-06,6.963,6.963,6.767,6.838,9551982,TRY
2017-12-07,6.885,7.145,6.869,7.058,12541558,TRY
2017-12-08,7.082,7.16,7.003,7.042,8892293,TRY
2017-12-11,7.113,7.357,7.066,7.334,14053026,TRY
2017-12-12,7.318,7.373,7.121,7.129,10804879,TRY
2017-12-13,7.153,7.302,7.034,7.113,13396728,TRY
2017-12-14,7.153,7.349,6.987,7.294,18981564,TRY
2017-12-15,7.294,7.428,7.247,7.349,14734993,TRY
2017-12-18,7.381,7.578,7.381,7.452,13035686,TRY
2017-12-19,7.46,7.554,7.381,7.397,14506143,TRY
2017-12-20,7.405,7.594,7.342,7.578,15742379,TRY
2017-12-21,7.594,7.641,7.46,7.46,10620535,TRY
2017-12-22,7.499,7.665,7.499,7.594,9801983,TRY
2017-12-25,7.625,7.696,7.602,7.696,3829516,TRY
2017-12-26,7.712,7.743,7.578,7.586,4807260,TRY
2017-12-27,7.609,7.696,7.531,7.633,5796738,TRY
2017-12-28,7.673,7.806,7.657,7.783,9532136,TRY
2017-12-29,7.806,7.917,7.775,7.893,11423247,TRY
2018-01-02,7.98,8.09,7.94,8.09,8856193,TRY
2018-01-03,8.106,8.334,7.917,8.019,13677925,TRY
2018-01-04,8.019,8.177,7.838,7.877,16615490,TRY
2018-01-05,7.932,8.003,7.901,7.964,10612734,TRY
2018-01-08,8.035,8.059,7.838,7.838,11946142,TRY
2018-01-09,7.846,7.909,7.696,7.806,12668864,TRY
2018-01-10,7.798,7.822,7.625,7.641,16292239,TRY
2018-01-11,7.736,7.759,7.57,7.72,18803318,TRY
2018-01-12,7.743,7.932,7.696,7.877,22503942,TRY
2018-01-15,7.869,8.003,7.704,7.72,16629035,TRY
2018-01-16,7.68,7.909,7.657,7.877,12683614,TRY
2018-01-17,7.885,8.003,7.783,8.003,13722091,TRY
2018-01-18,8.011,8.035,7.885,7.917,13277248,TRY
2018-01-19,7.901,7.995,7.775,7.791,9827048,TRY
2018-01-22,7.814,7.995,7.814,7.988,12285190,TRY
2018-01-23,8.027,8.051,7.893,7.901,15625327,TRY
2018-01-24,7.901,8.019,7.901,7.932,11154833,TRY
2018-01-25,7.932,7.964,7.846,7.854,10490765,TRY
2018-01-26,7.869,7.956,7.869,7.932,10519130,TRY
2018-01-29,7.98,7.988,7.838,7.885,15376424,TRY
2018-01-30,7.854,7.932,7.806,7.822,10244862,TRY
2018-01-31,7.846,7.901,7.83,7.838,13340499,TRY
2018-02-01,7.909,8.074,7.901,8.066,33526976,TRY
2018-02-02,8.098,8.137,7.846,7.909,24020432,TRY
2018-02-05,7.869,7.893,7.665,7.72,17751012,TRY
2018-02-06,7.523,7.814,7.46,7.767,14289269,TRY
2018-02-07,7.814,7.83,7.673,7.673,15244238,TRY
2018-02-08,7.72,7.728,7.499,7.586,11322778,TRY
2018-02-09,7.499,7.743,7.444,7.633,10425144,TRY
2018-02-12,7.688,7.743,7.602,7.602,9897159,TRY
2018-02-13,7.641,7.814,7.602,7.806,16970710,TRY
2018-02-14,7.869,7.956,7.814,7.854,12604302,TRY
2018-02-15,7.925,8.129,7.917,8.106,16996442,TRY
2018-02-16,8.177,8.208,8.066,8.153,10497152,TRY
2018-02-19,8.177,8.224,7.94,8.059,7426358,TRY
2018-02-20,8.09,8.279,8.003,8.043,11121997,TRY
2018-02-21,8.114,8.271,8.074,8.271,11853536,TRY
2018-02-22,8.232,8.263,8.09,8.216,10726794,TRY
2018-02-23,8.255,8.531,8.24,8.484,15610496,TRY
2018-02-26,8.531,8.578,8.318,8.484,11504411,TRY
2018-02-27,8.492,8.697,8.492,8.586,12556512,TRY
2018-02-28,8.586,9.004,8.515,8.949,25197528,TRY
2018-03-01,8.909,8.949,8.728,8.744,14427114,TRY
2018-03-02,8.657,8.665,8.334,8.413,17680472,TRY
2018-03-05,8.413,8.633,8.31,8.492,9124971,TRY
2018-03-06,8.57,8.649,8.326,8.46,9530217,TRY
2018-03-07,8.397,8.444,8.232,8.263,10353831,TRY
2018-03-08,8.271,8.381,8.263,8.366,8731391,TRY
2018-03-09,8.366,8.578,8.31,8.555,7748989,TRY
2018-03-12,8.602,8.783,8.515,8.547,7925417,TRY
2018-03-13,8.578,8.689,8.515,8.586,8002258,TRY
2018-03-14,8.594,8.681,8.523,8.586,6621506,TRY
2018-03-15,8.602,8.744,8.523,8.712,11576406,TRY
2018-03-16,8.728,8.775,8.61,8.626,10874590,TRY
2018-03-19,8.626,8.641,8.437,8.476,6293614,TRY
2018-03-20,8.515,8.641,8.437,8.626,9115373,TRY
2018-03-21,8.649,8.767,8.633,8.752,12677155,TRY
2018-03-22,8.752,8.799,8.72,8.736,13156321,TRY
2018-03-23,8.618,8.626,8.413,8.523,23094924,TRY
2018-03-26,8.57,8.586,8.318,8.358,11455061,TRY
2018-03-27,8.46,8.492,8.326,8.405,10603212,TRY
2018-03-28,8.366,8.429,8.114,8.137,11470102,TRY
2018-03-29,8.192,8.248,8.169,8.192,11408373,TRY
2018-03-30,8.232,8.326,8.216,8.255,6035511,TRY
2018-04-02,8.279,8.31,8.153,8.153,3425256,TRY
2018-04-03,8.169,8.397,8.169,8.35,12040727,TRY
2018-04-04,8.389,8.397,8.216,8.334,10554318,TRY
2018-04-05,8.358,8.468,8.248,8.452,11507469,TRY
2018-04-06,8.421,8.476,8.342,8.389,7135816,TRY
2018-04-09,8.429,8.452,8.161,8.192,10349514,TRY
2018-04-10,8.224,8.224,7.995,8.074,12815241,TRY
2018-04-11,8.019,8.24,7.743,8.224,15861068,TRY
2018-04-12,8.192,8.437,8.121,8.429,14427152,TRY
2018-04-13,8.444,8.563,8.381,8.531,12522569,TRY
2018-04-16,8.539,8.563,8.444,8.5,6940992,TRY
2018-04-17,8.57,8.626,8.295,8.374,16204712,TRY
2018-04-18,8.374,8.665,8.24,8.665,17300922,TRY
2018-04-19,8.673,8.925,8.61,8.846,14200385,TRY
2018-04-20,8.815,8.996,8.76,8.98,10663011,TRY
2018-04-24,8.996,8.996,8.744,8.901,12031166,TRY
2018-04-25,8.909,8.957,8.539,8.689,12934087,TRY
2018-04-26,8.712,8.76,8.563,8.744,11133344,TRY
2018-04-27,8.649,8.649,8.374,8.381,11923809,TRY
2018-04-30,8.421,8.429,7.94,8.003,14867875,TRY
2018-05-02,8.066,8.468,8.051,8.468,16690405,TRY
2018-05-03,8.468,8.689,8.271,8.421,18643856,TRY
2018-05-04,8.413,8.563,8.169,8.279,17010210,TRY
2018-05-07,8.224,8.271,7.783,7.783,13738508,TRY
2018-05-08,7.83,8.2,7.798,8.121,23274506,TRY
2018-05-09,8.035,8.334,7.925,8.295,15057918,TRY
2018-05-10,8.358,8.405,8.082,8.326,11077953,TRY
2018-05-11,8.334,8.665,8.326,8.444,16277483,TRY
2018-05-14,8.5,8.799,8.452,8.736,9695305,TRY
2018-05-15,8.641,8.925,8.602,8.886,16914296,TRY
2018-05-16,8.901,9.232,8.862,9.185,14039912,TRY
2018-05-17,9.185,9.295,9.027,9.106,9879371,TRY
2018-05-18,9.106,9.35,8.988,9.043,9095500,TRY
2018-05-21,9.059,9.28,9.004,9.185,7856245,TRY
2018-05-22,9.201,9.429,9.051,9.358,9365667,TRY
2018-05-23,9.256,9.358,8.988,9.075,12680787,TRY
2018-05-24,9.232,9.327,8.87,8.909,10252782,TRY
2018-05-25,8.98,9.413,8.949,9.405,13587014,TRY
2018-05-28,9.453,9.807,9.398,9.744,12879067,TRY
2018-05-29,9.719,10.057,9.66,10.04,13325935,TRY
2018-05-30,9.989,10.124,9.744,9.812,15204706,TRY
2018-05-31,9.863,9.913,8.908,9.491,24044640,TRY
2018-06-01,9.499,9.896,9.22,9.541,18167656,TRY
2018-06-04,9.575,9.71,9.465,9.55,11038494,TRY
2018-06-05,9.601,9.651,9.457,9.482,10411597,TRY
2018-06-06,9.524,9.567,9.136,9.296,13681905,TRY
2018-06-07,9.288,9.524,9.22,9.389,9907682,TRY
2018-06-08,9.347,9.347,8.662,8.722,13080591,TRY
2018-06-11,8.722,9.102,8.468,9.026,18727676,TRY
2018-06-12,8.967,9.102,8.806,8.967,13185152,TRY
2018-06-13,8.916,9.094,8.781,8.857,14952344,TRY
2018-06-14,8.832,9.127,8.603,8.941,10847702,TRY
2018-06-18,8.933,8.933,8.603,8.713,10854251,TRY
2018-06-19,8.662,9.254,8.62,9.203,13726563,TRY
2018-06-20,9.169,9.169,8.815,8.848,14227792,TRY
2018-06-21,8.848,8.874,8.654,8.84,13392809,TRY
2018-06-22,8.874,9.017,8.772,8.891,10728364,TRY
2018-06-25,9.085,9.169,8.578,8.671,10834387,TRY
2018-06-26,8.722,8.848,8.603,8.823,9989852,TRY
2018-06-27,8.832,8.958,8.696,8.705,13356595,TRY
2018-06-28,8.705,8.806,8.62,8.62,12043003,TRY
2018-06-29,8.671,8.747,8.603,8.62,12257355,TRY
2018-07-02,8.578,8.671,8.493,8.654,13012461,TRY
2018-07-03,8.654,9.085,8.612,8.924,22115976,TRY
2018-07-04,8.984,8.992,8.815,8.857,9666330,TRY
2018-07-05,8.882,9.153,8.882,9.085,12083007,TRY
2018-07-06,9.127,9.161,8.908,8.992,11286233,TRY
2018-07-09,9.094,9.195,8.891,8.992,11468226,TRY
2018-07-10,8.874,9.246,8.848,9.246,18315542,TRY
2018-07-11,9.203,9.347,8.95,9.169,17717304,TRY
2018-07-12,9.169,9.246,8.4,8.586,28194498,TRY
2018-07-13,8.62,8.671,8.265,8.46,16779550,TRY
2018-07-16,8.536,8.671,8.4,8.569,13267314,TRY
2018-07-17,8.561,8.95,8.536,8.95,15933939,TRY
2018-07-18,8.916,9.415,8.891,9.33,20890356,TRY
2018-07-19,9.339,9.634,9.178,9.524,24871862,TRY
2018-07-20,9.499,9.567,9.322,9.499,9201204,TRY
2018-07-23,9.465,9.634,9.465,9.499,10150704,TRY
2018-07-24,9.482,9.55,9.102,9.102,16604367,TRY
2018-07-25,9.085,9.305,9.034,9.271,18411344,TRY
2018-07-26,9.313,9.322,8.975,9.186,20426440,TRY
2018-07-27,9.169,9.296,9.102,9.262,11422690,TRY
2018-07-30,9.178,9.33,9.153,9.296,9678307,TRY
2018-07-31,9.237,9.406,9.22,9.33,18446998,TRY
2018-08-01,9.355,9.871,9.347,9.871,28413086,TRY
2018-08-02,9.719,10.192,9.617,10.175,23713524,TRY
2018-08-03,10.15,10.234,9.863,10.015,16153149,TRY
2018-08-06,9.93,10.049,9.829,9.905,10627000,TRY
2018-08-07,9.93,10.226,9.854,10.226,12716076,TRY
2018-08-08,10.217,10.327,10.124,10.243,11960564,TRY
2018-08-09,10.091,10.471,9.964,10.319,16179741,TRY
2018-08-10,9.719,10.513,8.739,9.998,38567688,TRY
2018-08-13,9.964,10.293,9.381,9.601,39815164,TRY
2018-08-14,9.719,10.015,9.296,9.482,25430704,TRY
2018-08-15,9.643,9.939,9.44,9.601,26182540,TRY
2018-08-16,9.812,9.812,8.781,8.815,26719960,TRY
2018-08-17,8.772,9.575,8.62,9.575,29456206,TRY
2018-08-20,9.533,9.643,9.313,9.457,6851233,TRY
2018-08-27,9.634,9.77,9.44,9.77,21526288,TRY
2018-08-28,9.727,10.192,9.516,10.116,20871352,TRY
2018-08-29,10.074,10.091,9.685,9.744,14668877,TRY
2018-08-31,9.787,10.006,9.668,10.006,18914576,TRY
2018-09-03,9.896,10.293,9.863,10.192,14882515,TRY
2018-09-04,10.226,10.243,9.787,9.829,14081582,TRY
2018-09-05,9.829,9.913,9.601,9.634,15927990,TRY
2018-09-06,9.719,9.795,9.516,9.516,11886992,TRY
2018-09-07,9.584,9.787,9.533,9.567,15687358,TRY
2018-09-10,9.575,9.651,9.482,9.508,9203654,TRY
2018-09-11,9.508,9.592,9.431,9.524,10319102,TRY
2018-09-12,9.55,9.719,9.491,9.491,15194326,TRY
2018-09-13,9.558,9.668,9.313,9.533,18004928,TRY
2018-09-14,9.601,9.626,9.296,9.296,17919240,TRY
2018-09-17,9.288,9.474,9.237,9.372,8558896,TRY
2018-09-18,9.423,9.533,9.305,9.305,12414747,TRY
2018-09-19,9.364,9.491,9.364,9.415,10265776,TRY
2018-09-20,9.508,9.592,9.313,9.381,16192631,TRY
2018-09-21,9.389,9.668,9.389,9.634,19319764,TRY
2018-09-24,9.66,9.702,9.448,9.575,12776556,TRY
2018-09-25,9.634,9.651,9.423,9.482,13259302,TRY
2018-09-26,9.508,9.524,9.195,9.262,12864436,TRY
2018-09-27,9.271,9.592,9.169,9.508,18190220,TRY
2018-09-28,9.482,9.499,9.271,9.322,17252092,TRY
2018-10-01,9.347,9.55,9.305,9.313,10884250,TRY
2018-10-02,9.339,9.457,9.305,9.44,12165038,TRY
2018-10-03,9.406,9.465,9.246,9.279,8464995,TRY
2018-10-04,9.262,9.398,9.017,9.355,13155758,TRY
2018-10-05,9.313,9.415,9.119,9.415,14410116,TRY
2018-10-08,9.322,9.372,9.203,9.322,13095308,TRY
2018-10-09,9.322,9.465,9.246,9.448,12249354,TRY
2018-10-10,9.474,9.55,9.077,9.094,13636358,TRY
2018-10-11,9.077,9.212,8.916,9.001,14835906,TRY
2018-10-12,9.085,9.355,8.891,9.254,15330866,TRY
2018-10-15,9.262,9.423,9.127,9.288,13413790,TRY
2018-10-16,9.288,9.372,9.161,9.203,17058572,TRY
2018-10-17,9.271,9.296,8.815,8.941,23023208,TRY
2018-10-18,8.916,9.043,8.705,8.705,15218145,TRY
2018-10-19,8.705,8.764,8.595,8.629,14355204,TRY
2018-10-22,8.662,8.696,8.324,8.324,17718248,TRY
2018-10-23,8.223,8.434,8.206,8.324,15648674,TRY
2018-10-24,8.324,8.358,7.834,7.902,15909771,TRY
2018-10-25,7.885,8.164,7.674,8.079,17017640,TRY
2018-10-26,8.079,8.113,7.598,7.598,15994536,TRY
2018-10-30,7.648,7.674,7.293,7.378,21473620,TRY
2018-10-31,7.378,7.716,7.336,7.657,28413432,TRY
2018-11-01,7.606,7.75,7.403,7.462,17953568,TRY
2018-11-02,7.581,8.054,7.555,7.919,25188586,TRY
2018-11-05,7.919,8.003,7.741,8.003,14737228,TRY
2018-11-06,8.037,8.088,7.8,7.868,13027936,TRY
2018-11-07,7.868,7.944,7.724,7.733,12202226,TRY
2018-11-08,7.724,7.784,7.437,7.606,12792274,TRY
2018-11-09,7.614,7.691,7.437,7.691,9938961,TRY
2018-11-12,7.691,7.699,7.336,7.336,10759061,TRY
2018-11-13,7.336,7.64,7.336,7.437,14086281,TRY
2018-11-14,7.437,7.75,7.386,7.631,15324046,TRY
2018-11-15,7.665,7.665,7.454,7.454,15167734,TRY
2018-11-16,7.488,7.564,7.386,7.479,12023842,TRY
2018-11-19,7.479,7.64,7.378,7.403,16296995,TRY
2018-11-20,7.403,7.42,6.938,6.955,24378436,TRY
2018-11-21,6.998,7.099,6.837,7.023,19409292,TRY
2018-11-22,7.031,7.141,6.921,6.947,14632649,TRY
2018-11-23,6.938,6.981,6.837,6.879,7659317,TRY
2018-11-26,6.905,6.93,6.761,6.786,10249111,TRY
2018-11-27,6.778,6.812,6.524,6.524,17294568,TRY
2018-11-28,6.55,6.71,6.507,6.558,20875216,TRY
2018-11-29,6.626,6.693,6.364,6.372,27363552,TRY
2018-11-30,6.372,6.558,6.355,6.414,28342064,TRY
2018-12-03,6.592,7.099,6.592,6.871,43183644,TRY
2018-12-04,6.812,6.905,6.643,6.668,17267112,TRY
2018-12-05,6.66,7.031,6.583,6.955,21910032,TRY
2018-12-06,6.837,6.913,6.558,6.592,26134592,TRY
2018-12-07,6.66,6.693,6.516,6.617,15644702,TRY
2018-12-10,6.583,6.634,6.279,6.279,19989902,TRY
2018-12-11,6.296,6.44,6.22,6.262,35822500,TRY
2018-12-12,6.322,6.397,6.22,6.22,28906474,TRY
2018-12-13,6.262,6.558,6.195,6.558,45097532,TRY
2018-12-14,6.516,6.516,6.254,6.372,18576186,TRY
2018-12-17,6.381,6.431,6.279,6.347,7728769,TRY
2018-12-18,6.305,6.338,6.237,6.322,15561562,TRY
2018-12-19,6.347,6.516,6.322,6.457,24119324,TRY
2018-12-20,6.389,6.423,6.271,6.288,17640212,TRY
2018-12-21,6.296,6.355,6.237,6.271,17142714,TRY
2018-12-24,6.305,6.381,6.262,6.271,8924365,TRY
2018-12-25,6.237,6.245,6.161,6.186,5244880,TRY
2018-12-26,6.212,6.229,6.11,6.144,4960752,TRY
2018-12-27,6.229,6.245,6.009,6.009,10073729,TRY
2018-12-28,6.043,6.127,6.009,6.009,9502284,TRY
2018-12-31,6.017,6.144,5.966,6.102,9893873,TRY
2019-01-02,6.076,6.161,5.916,5.916,11481756,TRY
2019-01-03,5.891,6.102,5.874,5.975,21871406,TRY
2019-01-04,6.034,6.161,5.958,6.161,22100716,TRY
2019-01-07,6.203,6.279,6.161,6.195,24687844,TRY
2019-01-08,6.203,6.279,6.102,6.279,18223480,TRY
2019-01-09,6.322,6.49,6.279,6.465,25786688,TRY
2019-01-10,6.49,6.499,6.347,6.364,13556347,TRY
2019-01-11,6.389,6.482,6.229,6.254,21550994,TRY
2019-01-14,6.169,6.338,6.085,6.338,18046032,TRY
2019-01-15,6.372,6.457,6.262,6.338,26152244,TRY
2019-01-16,6.33,6.338,6.178,6.254,20294716,TRY
2019-01-17,6.254,6.347,6.22,6.288,22813076,TRY
2019-01-18,6.381,6.685,6.372,6.668,35785056,TRY
2019-01-21,6.719,7.065,6.702,6.913,39012836,TRY
2019-01-22,6.913,7.175,6.837,7.141,26504058,TRY
2019-01-23,7.099,7.192,6.921,7.09,30875372,TRY
2019-01-24,7.116,7.209,7.031,7.192,26783218,TRY
2019-01-25,7.277,7.336,7.107,7.158,24507800,TRY
2019-01-28,7.184,7.386,6.947,6.955,31539588,TRY
2019-01-29,6.981,7.285,6.972,7.277,28730634,TRY
2019-01-30,7.319,7.369,7.09,7.124,38019288,TRY
2019-01-31,7.268,7.319,7.133,7.175,28706532,TRY
2019-02-01,7.167,7.226,6.981,6.998,19406748,TRY
2019-02-04,6.998,7.15,6.972,6.989,13069587,TRY
2019-02-05,7.048,7.107,6.905,6.981,13053341,TRY
2019-02-06,7.023,7.031,6.643,6.93,27340804,TRY
2019-02-07,6.938,7.268,6.871,7.26,48856944,TRY
2019-02-08,7.141,7.344,6.947,7.023,37969268,TRY
2019-02-11,7.099,7.217,7.04,7.192,24013600,TRY
2019-02-12,7.226,7.336,7.15,7.192,29471432,TRY
2019-02-13,7.277,7.386,7.15,7.15,30171748,TRY
2019-02-14,7.192,7.327,6.998,7.319,30572556,TRY
2019-02-15,7.344,7.386,7.133,7.26,28273512,TRY
2019-02-18,7.277,7.538,7.251,7.471,32599448,TRY
2019-02-19,7.496,7.665,7.42,7.648,40542776,TRY
2019-02-20,7.648,7.657,7.437,7.437,22309796,TRY
2019-02-21,7.454,7.547,7.429,7.471,20724512,TRY
2019-02-22,7.505,7.826,7.462,7.817,30636900,TRY
2019-02-25,7.91,8.054,7.682,7.682,26499832,TRY
2019-02-26,7.775,8.029,7.775,7.944,29637810,TRY
2019-02-27,7.944,8.062,7.834,7.978,18587292,TRY
2019-02-28,7.978,8.079,7.851,7.877,25378638,TRY
2019-03-01,7.936,7.961,7.564,7.614,28914196,TRY
2019-03-04,7.648,7.716,7.64,7.657,14438290,TRY
2019-03-05,7.657,7.691,7.488,7.488,21995340,TRY
2019-03-06,7.521,7.733,7.521,7.598,20297712,TRY
2019-03-07,7.598,7.699,7.521,7.521,15854599,TRY
2019-03-08,7.538,7.572,7.302,7.42,14899017,TRY
2019-03-11,7.446,7.623,7.437,7.572,16395243,TRY
2019-03-12,7.606,7.665,7.437,7.581,18934572,TRY
2019-03-13,7.581,7.657,7.471,7.555,14762524,TRY
2019-03-14,7.572,7.784,7.521,7.741,20030974,TRY
2019-03-15,7.767,7.961,7.724,7.961,32241412,TRY
2019-03-18,7.978,8.071,7.91,7.97,19371904,TRY
2019-03-19,7.978,8.214,7.953,7.978,30652100,TRY
2019-03-20,7.995,8.054,7.784,7.792,18447404,TRY
2019-03-21,7.834,7.893,7.547,7.674,24784706,TRY
2019-03-22,7.691,7.707,7.386,7.437,20422724,TRY
2019-03-25,7.462,7.809,7.403,7.792,30964946,TRY
2019-03-26,7.826,7.97,7.631,7.699,30532832,TRY
2019-03-27,7.733,7.8,7.082,7.462,51328368,TRY
2019-03-28,7.471,7.91,7.42,7.741,36489908,TRY
2019-03-29,7.75,7.834,7.564,7.707,20116084,TRY
2019-04-01,7.741,7.817,7.589,7.623,23349234,TRY
2019-04-02,7.589,7.767,7.488,7.488,29226854,TRY
2019-04-03,7.564,7.699,7.564,7.691,12981380,TRY
2019-04-04,7.657,7.995,7.657,7.995,23309468,TRY
2019-04-05,8.029,8.088,7.843,7.936,21794694,TRY
2019-04-08,7.944,8.037,7.8,7.936,12564962,TRY
2019-04-09,7.986,8.231,7.978,8.164,16606368,TRY
2019-04-10,8.206,8.257,8.029,8.062,16205960,TRY
2019-04-11,8.054,8.071,7.868,7.877,9840363,TRY
2019-04-12,7.843,8.003,7.75,7.986,10383274,TRY
2019-04-15,7.936,7.97,7.758,7.758,20430950,TRY
2019-04-16,7.809,7.843,7.724,7.75,15779667,TRY
2019-04-17,7.809,7.919,7.792,7.792,15174233,TRY
2019-04-18,7.792,7.834,7.733,7.826,9905155,TRY
2019-04-19,7.809,7.877,7.809,7.834,4780995,TRY
2019-04-22,7.826,7.868,7.758,7.8,3110548,TRY
2019-04-24,7.8,7.817,7.674,7.674,16942692,TRY
2019-04-25,7.674,7.699,7.403,7.471,18271524,TRY
2019-04-26,7.505,7.564,7.327,7.361,16014905,TRY
2019-04-29,7.412,7.665,7.395,7.64,23448434,TRY
2019-04-30,7.64,7.817,7.623,7.741,15462818,TRY
2019-05-02,7.733,7.834,7.614,7.648,12890369,TRY
2019-05-03,7.631,7.707,7.513,7.623,9962471,TRY
2019-05-06,7.581,7.606,7.42,7.505,14564164,TRY
2019-05-07,7.353,7.564,7.302,7.53,37486732,TRY
2019-05-08,7.59,7.72,7.45,7.46,23959872,TRY
2019-05-09,7.46,7.46,7.32,7.39,11342436,TRY
2019-05-10,7.43,7.62,7.43,7.53,18484404,TRY
2019-05-13,7.54,7.56,7.23,7.4,16604781,TRY
2019-05-14,7.41,7.66,7.35,7.64,16483790,TRY
2019-05-15,7.66,7.66,7.46,7.59,9582265,TRY
2019-05-16,7.6,7.73,7.57,7.61,12807172,TRY
2019-05-17,7.75,7.88,7.42,7.48,23328156,TRY
2019-05-20,7.5,7.52,7.38,7.43,7552829,TRY
2019-05-21,7.42,7.45,7.13,7.25,14314997,TRY
2019-05-22,7.26,7.32,7.1,7.1,15307318,TRY
2019-05-23,7.1,7.27,7.06,7.27,8506562,TRY
2019-05-24,7.3,7.37,7.24,7.28,14747385,TRY
2019-05-27,7.3,7.32,7.1,7.12,10658448,TRY
2019-05-28,7.16,7.28,7.14,7.17,26228028,TRY
2019-05-29,7.2,7.35,7.16,7.25,22485174,TRY
2019-05-30,7.31,7.39,7.23,7.34,24317456,TRY
2019-05-31,7.33,7.33,7.22,7.25,16499686,TRY
2019-06-03,7.25,7.3,7.23,7.29,5514275,TRY
2019-06-07,7.3,7.5,7.29,7.49,16830322,TRY
2019-06-10,7.49,7.69,7.47,7.64,22967572,TRY
2019-06-11,7.68,7.75,7.61,7.74,20093240,TRY
2019-06-12,7.71,7.77,7.55,7.6,16898384,TRY
2019-06-13,7.55,7.56,7.44,7.47,10613558,TRY
2019-06-14,7.48,7.52,7.32,7.38,16195859,TRY
2019-06-17,7.36,7.36,7.24,7.35,18470868,TRY
2019-06-18,7.36,7.48,7.3,7.45,42214484,TRY
2019-06-19,7.44,7.54,7.33,7.4,25702164,TRY
2019-06-20,7.46,7.6,7.44,7.48,30660092,TRY
2019-06-21,7.5,7.56,7.41,7.56,13415420,TRY
2019-06-24,7.65,7.74,7.59,7.6,19790920,TRY
2019-06-25,7.61,7.72,7.54,7.66,14028624,TRY
2019-06-26,7.68,7.75,7.63,7.68,16280354,TRY
2019-06-27,7.71,7.87,7.68,7.83,19378208,TRY
2019-06-28,7.84,7.88,7.69,7.87,18570764,TRY
2019-07-01,7.96,8.07,7.91,7.96,27837232,TRY
2019-07-02,7.97,7.99,7.85,7.88,13606738,TRY
2019-07-03,7.88,7.93,7.78,7.78,12632292,TRY
2019-07-04,7.79,7.83,7.66,7.78,12781296,TRY
2019-07-05,7.78,7.8,7.56,7.58,13884195,TRY
2019-07-08,7.45,7.67,7.42,7.53,20630794,TRY
2019-07-09,7.51,7.56,7.17,7.28,23962914,TRY
2019-07-10,7.22,7.28,7.13,7.19,20887500,TRY
2019-07-11,7.27,7.5,7.25,7.48,21696268,TRY
2019-07-12,7.49,7.55,7.17,7.22,16884972,TRY
2019-07-16,7.32,7.46,7.29,7.37,10605913,TRY
2019-07-17,7.41,7.49,7.36,7.44,10826159,TRY
2019-07-18,7.41,7.53,7.34,7.49,18454324,TRY
2019-07-19,7.55,7.82,7.55,7.72,41461524,TRY
2019-07-22,7.72,7.81,7.62,7.67,15415814,TRY
2019-07-23,7.68,7.74,7.64,7.67,13536722,TRY
2019-07-24,7.67,7.78,7.65,7.73,16682426,TRY
2019-07-25,7.75,7.77,7.59,7.66,14415503,TRY
2019-07-26,7.62,7.73,7.61,7.7,12640109,TRY
2019-07-29,7.7,7.72,7.66,7.67,9190653,TRY
2019-07-30,7.67,7.71,7.5,7.52,16267527,TRY
2019-07-31,7.52,7.54,7.37,7.43,13163914,TRY
2019-08-01,7.35,7.41,7.27,7.36,12320743,TRY
2019-08-02,7.31,7.33,7.2,7.22,12859637,TRY
2019-08-05,7.17,7.25,7.06,7.08,13712486,TRY
2019-08-06,7.1,7.17,7.06,7.07,11309001,TRY
2019-08-07,7.1,7.12,6.7,6.73,27657476,TRY
2019-08-08,6.78,6.88,6.69,6.75,24300038,TRY
2019-08-09,6.76,6.87,6.72,6.73,17611528,TRY
2019-08-15,6.58,6.6,6.36,6.36,30670920,TRY
2019-08-16,6.39,6.43,6.21,6.21,21217172,TRY
2019-08-19,6.24,6.34,6.12,6.13,21447832,TRY
2019-08-20,6.14,6.28,6.13,6.23,19038272,TRY
2019-08-21,6.25,6.28,6.11,6.11,24302148,TRY
2019-08-22,6.13,6.24,6.08,6.21,30857734,TRY
2019-08-23,6.24,6.47,6.21,6.39,43754376,TRY
2019-08-26,6.27,6.46,6.27,6.43,17071484,TRY
2019-08-27,6.45,6.47,6.31,6.43,30652502,TRY
2019-08-28,6.43,6.45,6.33,6.33,19983262,TRY
2019-08-29,6.35,6.49,6.33,6.41,23686786,TRY
2019-09-02,6.42,6.49,6.4,6.44,27632128,TRY
2019-09-03,6.44,6.54,6.41,6.48,37611236,TRY
2019-09-04,6.53,6.56,6.48,6.5,26727440,TRY
2019-09-05,6.54,6.7,6.54,6.64,43275984,TRY
2019-09-06,6.65,6.71,6.56,6.57,23022700,TRY
2019-09-09,6.63,6.86,6.63,6.84,30692562,TRY
2019-09-10,6.85,6.92,6.84,6.9,21675112,TRY
2019-09-11,6.92,7.07,6.87,6.9,28508900,TRY
2019-09-12,6.95,7.14,6.95,7.06,30346876,TRY
2019-09-13,7.06,7.1,7.02,7.09,12813594,TRY
2019-09-16,7.05,7.07,6.93,7.0,14824114,TRY
2019-09-17,7.01,7.08,6.94,7.02,18735672,TRY
2019-09-18,7.03,7.17,6.98,7.1,22543676,TRY
2019-09-19,7.08,7.11,6.92,6.92,20193868,TRY
2019-09-20,6.93,6.95,6.76,6.78,24690576,TRY
2019-09-23,6.81,6.82,6.53,6.53,32736564,TRY
2019-09-24,6.73,6.78,6.65,6.65,41908900,TRY
2019-09-25,6.6,6.72,6.6,6.72,20023428,TRY
2019-09-26,6.73,6.75,6.6,6.64,19164692,TRY
2019-09-27,6.66,6.85,6.65,6.83,33310592,TRY
2019-09-30,6.87,6.95,6.83,6.85,26258540,TRY
2019-10-01,6.87,6.94,6.78,6.8,28037304,TRY
2019-10-02,6.77,6.82,6.69,6.72,18632108,TRY
2019-10-03,6.74,6.82,6.57,6.61,20312464,TRY
2019-10-04,6.63,6.69,6.58,6.68,13457312,TRY
2019-10-07,6.65,6.78,6.58,6.64,29993064,TRY
2019-10-08,6.57,6.66,6.52,6.63,19072986,TRY
2019-10-09,6.64,6.7,6.55,6.55,19206026,TRY
2019-10-10,6.57,6.73,6.57,6.72,30425708,TRY
2019-10-11,6.73,6.97,6.7,6.9,37269128,TRY
2019-10-14,6.9,6.99,6.52,6.67,38430472,TRY
2019-10-15,6.61,6.77,6.59,6.66,23153682,TRY
2019-10-16,6.6,6.7,6.53,6.67,19502516,TRY
2019-10-17,6.67,6.71,6.47,6.57,30058832,TRY
2019-10-18,6.84,6.88,6.57,6.59,58812660,TRY
2019-10-21,6.6,6.62,6.5,6.5,26354372,TRY
2019-10-22,6.51,6.52,6.42,6.46,27095312,TRY
2019-10-23,6.5,6.61,6.45,6.6,34230936,TRY
2019-10-24,6.64,6.71,6.56,6.59,43806396,TRY
2019-10-25,6.6,6.66,6.56,6.58,21638522,TRY
2019-10-28,6.59,6.6,6.53,6.53,9974886,TRY
2019-10-30,6.48,6.63,6.47,6.58,35356488,TRY
2019-10-31,6.61,6.67,6.54,6.54,42040404,TRY
2019-11-01,6.56,6.59,6.46,6.5,45015576,TRY
2019-11-04,6.57,6.69,6.53,6.69,37831604,TRY
2019-11-05,6.69,6.92,6.67,6.89,45337236,TRY
2019-11-06,6.9,7.03,6.83,6.91,36348988,TRY
2019-11-07,6.96,7.26,6.95,7.21,36533344,TRY
2019-11-08,7.22,7.37,7.15,7.25,38526136,TRY
2019-11-11,7.22,7.32,7.08,7.25,28417700,TRY
2019-11-12,7.27,7.38,7.27,7.38,33014716,TRY
2019-11-13,7.36,7.37,7.24,7.3,30083406,TRY
2019-11-14,7.26,7.32,7.19,7.24,20375132,TRY
2019-11-15,7.29,7.38,7.2,7.36,31673976,TRY
2019-11-18,7.41,7.6,7.4,7.52,22959198,TRY
2019-11-19,7.56,7.65,7.47,7.62,26632392,TRY
2019-11-20,7.57,7.6,7.48,7.48,30020464,TRY
2019-11-21,7.44,7.49,7.36,7.49,24583500,TRY
2019-11-22,7.49,7.63,7.47,7.63,30141144,TRY
2019-11-25,7.74,7.83,7.68,7.71,53771420,TRY
2019-11-26,7.76,7.94,7.74,7.9,55245112,TRY
2019-11-27,7.9,7.96,7.72,7.79,26199170,TRY
2019-11-28,7.8,7.88,7.74,7.87,17051564,TRY
2019-11-29,7.85,8.07,7.85,8.02,48045700,TRY
2019-12-02,8.06,8.29,8.04,8.27,35873196,TRY
2019-12-03,8.22,8.3,8.0,8.06,44036636,TRY
2019-12-04,8.11,8.23,8.02,8.17,34350312,TRY
2019-12-05,8.22,8.25,8.1,8.1,32752504,TRY
2019-12-06,8.13,8.25,8.09,8.16,36747604,TRY
2019-12-09,8.18,8.37,8.15,8.31,38549156,TRY
2019-12-10,8.31,8.42,8.22,8.33,24969230,TRY
2019-12-11,8.33,8.35,8.22,8.29,14466306,TRY
2019-12-12,8.34,8.68,8.34,8.64,27300816,TRY
2019-12-13,8.83,8.92,8.57,8.66,41183936,TRY
2019-12-16,8.66,8.74,8.58,8.64,20755288,TRY
2019-12-17,8.67,8.74,8.6,8.65,16577915,TRY
2019-12-18,8.6,8.75,8.53,8.55,32972740,TRY
2019-12-19,8.6,8.63,8.51,8.55,24341288,TRY
2019-12-20,8.59,8.76,8.57,8.76,22343204,TRY
2019-12-23,8.77,8.87,8.7,8.78,19864936,TRY
2019-12-24,8.82,8.86,8.78,8.8,9193524,TRY
2019-12-25,8.8,8.81,8.75,8.77,4250534,TRY
2019-12-26,8.75,8.87,8.74,8.81,9326855,TRY
2019-12-27,8.82,8.98,8.82,8.93,17208210,TRY
2019-12-30,8.94,9.1,8.93,9.04,20559316,TRY
2019-12-31,9.05,9.14,9.03,9.04,13795631,TRY
