Date,Open,High,Low,Close,Volume,Currency
2011-07-06,14.25,14.3,13.75,13.8,291778,TRY
2011-07-07,13.85,13.9,13.55,13.7,443493,TRY
2011-07-08,13.8,13.85,13.6,13.6,296864,TRY
2011-07-11,13.6,13.75,13.5,13.55,97922,TRY
2011-07-12,13.5,13.55,13.3,13.5,107257,TRY
2011-07-13,13.55,13.85,13.55,13.75,296353,TRY
2011-07-14,13.75,13.9,13.6,13.65,162912,TRY
2011-07-15,13.65,13.75,13.5,13.5,92681,TRY
2011-07-18,13.55,13.6,13.4,13.5,108370,TRY
2011-07-19,13.6,13.75,13.5,13.55,159890,TRY
2011-07-20,13.6,13.65,13.35,13.4,183683,TRY
2011-07-21,13.4,13.4,12.1,13.2,388055,TRY
2011-07-22,13.6,13.6,12.4,12.55,410157,TRY
2011-07-25,12.3,12.55,11.95,12.55,352270,TRY
2011-07-26,12.55,12.6,12.3,12.55,186733,TRY
2011-07-27,12.5,12.8,12.5,12.6,268580,TRY
2011-07-28,12.5,13.45,12.5,13.45,402004,TRY
2011-07-29,13.4,13.4,13.1,13.35,136332,TRY
2011-08-01,13.35,13.8,13.1,13.6,167737,TRY
2011-08-02,13.6,13.65,13.45,13.6,69130,TRY
2011-08-03,13.35,13.55,13.25,13.4,72394,TRY
2011-08-04,13.5,13.6,12.4,12.75,186465,TRY
2011-08-05,12.05,12.5,11.9,12.1,231759,TRY
2011-08-08,11.4,12.05,10.55,10.6,303018,TRY
2011-08-09,10.7,11.1,9.9,10.95,408650,TRY
2011-08-10,11.3,11.65,10.25,10.25,287786,TRY
2011-08-11,10.55,11.25,10.0,11.2,304531,TRY
2011-08-12,11.05,11.5,10.65,11.45,241965,TRY
2011-08-15,11.6,12.75,11.6,12.6,360539,TRY
2011-08-16,12.55,12.55,12.05,12.4,344256,TRY
2011-08-17,12.3,12.4,12.15,12.25,267565,TRY
2011-08-18,12.1,12.15,11.25,11.25,201967,TRY
2011-08-19,11.05,11.5,10.4,11.5,419114,TRY
2011-08-22,10.8,11.65,10.8,11.5,280395,TRY
2011-08-23,11.6,11.7,11.1,11.35,233760,TRY
2011-08-24,11.45,11.55,11.3,11.55,274359,TRY
2011-08-25,11.6,11.8,11.55,11.65,428659,TRY
2011-08-26,11.6,11.7,11.4,11.6,106230,TRY
2011-08-29,11.65,11.7,11.25,11.4,150872,TRY
2011-09-02,11.5,11.6,11.35,11.5,206817,TRY
2011-09-05,11.45,11.45,11.05,11.15,92444,TRY
2011-09-06,11.15,11.45,11.15,11.3,195726,TRY
2011-09-07,11.45,11.85,11.45,11.7,1017234,TRY
2011-09-08,11.65,12.15,11.6,12.0,683484,TRY
2011-09-09,12.05,12.85,12.05,12.25,875795,TRY
2011-09-12,12.0,12.35,11.8,12.35,359030,TRY
2011-09-13,12.55,12.7,12.4,12.6,366302,TRY
2011-09-14,12.1,12.6,12.1,12.2,339155,TRY
2011-09-15,12.25,12.4,12.25,12.3,228541,TRY
2011-09-16,12.4,12.5,12.3,12.45,292743,TRY
2011-09-19,12.25,12.65,12.15,12.35,774187,TRY
2011-09-20,12.45,12.95,12.35,12.8,462162,TRY
2011-09-21,12.85,12.95,12.65,12.8,541151,TRY
2011-09-22,12.55,12.6,12.1,12.15,261500,TRY
2011-09-23,12.15,12.25,11.7,11.8,319676,TRY
2011-09-26,11.5,12.25,11.35,11.95,170854,TRY
2011-09-27,12.15,12.3,12.15,12.25,163919,TRY
2011-09-28,12.2,12.4,12.1,12.15,218366,TRY
2011-09-29,12.15,12.5,12.15,12.3,335618,TRY
2011-09-30,12.35,12.35,11.9,12.2,269844,TRY
2011-10-03,12.0,12.25,11.9,12.1,317526,TRY
2011-10-04,12.0,12.1,11.55,11.65,233066,TRY
2011-10-05,11.75,12.05,11.75,11.75,562115,TRY
2011-10-06,11.9,12.0,11.65,11.75,307465,TRY
2011-10-07,11.8,11.95,11.7,11.85,253797,TRY
2011-10-10,11.9,12.25,11.8,12.2,360939,TRY
2011-10-11,12.2,12.3,12.05,12.2,369215,TRY
2011-10-12,12.25,12.45,12.25,12.4,433791,TRY
2011-10-13,12.4,12.45,12.25,12.3,312200,TRY
2011-10-14,12.35,12.35,12.25,12.3,116511,TRY
2011-10-17,12.35,12.5,12.0,12.0,264805,TRY
2011-10-18,12.0,12.15,11.95,12.05,112153,TRY
2011-10-19,12.1,12.25,12.0,12.0,120522,TRY
2011-10-20,12.0,12.05,11.8,11.8,89833,TRY
2011-10-21,11.85,12.0,11.85,12.0,93338,TRY
2011-10-24,12.0,12.1,11.9,12.05,99696,TRY
2011-10-25,12.1,12.35,12.05,12.35,223256,TRY
2011-10-26,12.35,12.4,12.0,12.0,204469,TRY
2011-10-27,12.25,12.6,12.2,12.45,314964,TRY
2011-10-28,12.5,12.55,12.35,12.4,52250,TRY
2011-10-31,12.3,12.35,12.1,12.15,111553,TRY
2011-11-01,12.0,12.05,11.75,11.95,137430,TRY
2011-11-02,12.0,12.1,11.9,12.0,73325,TRY
2011-11-03,12.0,12.1,11.75,12.05,84661,TRY
2011-11-04,12.15,12.2,11.95,12.0,48738,TRY
2011-11-10,11.8,12.4,11.8,12.35,214552,TRY
2011-11-11,12.4,13.15,12.4,12.95,510708,TRY
2011-11-14,13.05,13.2,12.75,13.0,279609,TRY
2011-11-15,13.0,13.05,12.8,13.0,86228,TRY
2011-11-16,12.9,13.25,12.9,13.2,352567,TRY
2011-11-17,13.25,13.5,13.15,13.3,392154,TRY
2011-11-18,13.3,13.3,12.7,12.9,230941,TRY
2011-11-21,12.9,12.95,12.1,12.3,136335,TRY
2011-11-22,12.35,12.45,11.8,12.0,174466,TRY
2011-11-23,11.9,11.95,11.5,11.6,183160,TRY
2011-11-24,11.75,11.85,11.0,11.15,385920,TRY
2011-11-25,11.15,11.2,10.5,11.1,321000,TRY
2011-11-28,11.15,11.55,11.15,11.5,213809,TRY
2011-11-29,11.45,11.45,11.15,11.15,268716,TRY
2011-11-30,11.1,12.4,11.0,12.4,338148,TRY
2011-12-01,12.5,12.85,12.05,12.55,362488,TRY
2011-12-02,12.35,12.65,12.25,12.35,310617,TRY
2011-12-05,12.35,12.5,12.3,12.35,77465,TRY
2011-12-06,12.25,12.4,12.15,12.2,111442,TRY
2011-12-07,12.35,12.6,12.15,12.6,289329,TRY
2011-12-08,12.6,12.85,12.1,12.15,247088,TRY
2011-12-09,11.8,12.5,11.8,12.45,124217,TRY
2011-12-12,12.4,12.45,12.05,12.05,72579,TRY
2011-12-13,12.1,12.55,12.1,12.5,193221,TRY
2011-12-14,12.5,12.5,12.25,12.3,121616,TRY
2011-12-15,12.35,12.5,12.25,12.4,252943,TRY
2011-12-16,12.45,12.6,12.2,12.25,179152,TRY
2011-12-19,12.25,12.3,11.75,11.9,111634,TRY
2011-12-20,12.0,12.1,11.8,12.1,95214,TRY
2011-12-21,12.15,12.3,11.9,12.0,130504,TRY
2011-12-22,11.85,11.95,11.75,11.8,113183,TRY
2011-12-23,11.85,11.95,11.55,11.65,134882,TRY
2011-12-26,11.75,11.8,11.6,11.65,32084,TRY
2011-12-27,11.65,11.65,11.4,11.5,65679,TRY
2011-12-28,11.5,11.6,11.25,11.3,78019,TRY
2011-12-29,11.25,11.3,11.0,11.3,128885,TRY
2011-12-30,11.15,11.35,11.1,11.35,84598,TRY
2012-01-02,11.35,11.4,11.15,11.25,51552,TRY
2012-01-03,11.3,11.4,11.2,11.4,74024,TRY
2012-01-04,11.35,11.55,11.0,11.05,212815,TRY
2012-01-05,11.1,11.15,10.7,10.8,123877,TRY
2012-01-06,10.8,10.85,10.35,10.4,122845,TRY
2012-01-09,10.4,10.5,9.95,9.95,139375,TRY
2012-04-26,3.17,3.19,3.1,3.14,3960596,TRY
2012-04-27,3.11,3.12,3.06,3.08,3072216,TRY
2012-04-30,3.1,3.1,3.06,3.08,1301736,TRY
2012-05-02,3.08,3.17,3.08,3.09,4267592,TRY
2012-05-03,3.1,3.12,3.08,3.08,2165280,TRY
2012-05-04,3.08,3.1,3.02,3.02,1170744,TRY
2012-05-07,3.0,3.0,2.96,2.96,1657716,TRY
2012-05-08,2.98,3.01,2.95,2.96,1459124,TRY
2012-05-09,2.95,3.01,2.94,2.95,2684164,TRY
2012-05-10,2.98,3.01,2.96,3.0,1661080,TRY
2012-05-11,2.98,3.08,2.98,3.08,2564716,TRY
2012-05-14,3.09,3.26,3.04,3.11,16393388,TRY
2012-05-15,3.14,3.15,3.04,3.06,3246716,TRY
2012-05-16,3.04,3.05,3.01,3.04,1880356,TRY
2012-05-17,3.04,3.06,2.92,2.95,2204680,TRY
2012-05-18,2.9,2.94,2.85,2.86,4907888,TRY
2012-05-21,2.9,2.9,2.79,2.8,3015384,TRY
2012-05-22,2.83,2.88,2.83,2.86,2225824,TRY
2012-05-23,2.84,2.86,2.83,2.85,1226392,TRY
2012-05-24,2.85,2.88,2.8,2.81,1055876,TRY
2012-05-25,2.8,2.84,2.73,2.8,757156,TRY
2012-05-28,2.84,2.84,2.79,2.8,634648,TRY
2012-05-29,2.81,2.86,2.81,2.85,1017588,TRY
2012-05-30,2.84,2.94,2.81,2.91,5377048,TRY
2012-05-31,2.89,2.98,2.89,2.98,1864164,TRY
2012-06-01,2.95,2.99,2.9,2.92,811088,TRY
2012-06-04,2.91,2.98,2.9,2.98,1133388,TRY
2012-06-05,2.98,3.0,2.94,2.95,1194660,TRY
2012-06-06,2.96,3.05,2.95,3.05,2842600,TRY
2012-06-07,3.04,3.06,3.02,3.05,1333356,TRY
2012-06-08,3.02,3.09,3.0,3.08,2118880,TRY
2012-06-11,3.09,3.14,3.08,3.08,1886648,TRY
2012-06-12,3.09,3.11,3.08,3.08,881196,TRY
2012-06-13,3.09,3.11,3.05,3.06,578716,TRY
2012-06-14,3.08,3.1,3.06,3.08,633912,TRY
2012-06-15,3.08,3.11,3.08,3.11,1178356,TRY
2012-06-18,3.11,3.21,3.11,3.16,3869596,TRY
2012-06-19,3.16,3.19,3.11,3.14,1130268,TRY
2012-06-20,3.19,3.19,3.14,3.14,879284,TRY
2012-06-21,3.15,3.19,3.14,3.15,1649828,TRY
2012-06-22,3.15,3.19,3.14,3.16,752964,TRY
2012-06-25,3.15,3.15,3.01,3.04,830064,TRY
2012-06-26,3.04,3.09,3.02,3.09,689928,TRY
2012-06-27,3.09,3.1,3.08,3.1,494484,TRY
2012-06-28,3.1,3.11,3.05,3.05,1066344,TRY
2012-06-29,3.09,3.17,3.08,3.17,2323316,TRY
2012-07-02,3.16,3.2,3.14,3.2,1259116,TRY
2012-07-03,3.2,3.31,3.19,3.3,5280116,TRY
2012-07-04,3.31,3.34,3.26,3.26,4134900,TRY
2012-07-05,3.26,3.3,3.19,3.2,1578532,TRY
2012-07-06,3.21,3.23,3.17,3.23,850532,TRY
2012-07-09,3.23,3.36,3.2,3.36,5069424,TRY
2012-07-10,3.36,3.45,3.34,3.39,5024876,TRY
2012-07-11,3.39,3.52,3.39,3.51,6762032,TRY
2012-07-12,3.49,3.56,3.44,3.5,6340588,TRY
2012-07-13,3.52,3.58,3.48,3.55,3554728,TRY
2012-07-16,3.56,3.58,3.46,3.46,2191236,TRY
2012-07-17,3.49,3.5,3.38,3.39,1670976,TRY
2012-07-18,3.39,3.48,3.39,3.46,1805252,TRY
2012-07-19,3.48,3.51,3.46,3.49,1455452,TRY
2012-07-20,3.48,3.55,3.46,3.49,4034132,TRY
2012-07-23,3.48,3.48,3.39,3.46,1287008,TRY
2012-07-24,3.46,3.55,3.45,3.55,1965348,TRY
2012-07-25,3.54,3.56,3.52,3.55,2160396,TRY
2012-07-26,3.55,3.62,3.55,3.61,3665688,TRY
2012-07-27,3.62,3.69,3.61,3.67,3628684,TRY
2012-07-30,3.69,3.69,3.62,3.66,2288748,TRY
2012-07-31,3.66,3.73,3.65,3.73,2740628,TRY
2012-08-01,3.71,3.73,3.69,3.7,872788,TRY
2012-08-02,3.7,3.73,3.65,3.7,1877580,TRY
2012-08-03,3.7,3.77,3.7,3.75,2520464,TRY
2012-08-06,3.75,3.79,3.7,3.7,1931316,TRY
2012-08-07,3.7,3.79,3.7,3.71,2347896,TRY
2012-08-08,3.71,3.75,3.69,3.75,1841120,TRY
2012-08-09,3.71,3.74,3.66,3.7,651240,TRY
2012-08-10,3.69,3.73,3.67,3.7,833964,TRY
2012-08-13,3.7,3.73,3.61,3.61,577868,TRY
2012-08-14,3.61,3.67,3.48,3.58,3479520,TRY
2012-08-15,3.58,3.61,3.44,3.45,3632012,TRY
2012-08-16,3.45,3.5,3.42,3.44,859500,TRY
2012-08-17,3.45,3.51,3.44,3.5,887324,TRY
2012-08-22,3.5,3.59,3.46,3.58,1674252,TRY
2012-08-23,3.58,3.59,3.54,3.55,1345768,TRY
2012-08-24,3.55,3.56,3.54,3.55,315496,TRY
2012-08-27,3.55,3.58,3.52,3.52,471948,TRY
2012-08-28,3.54,3.55,3.45,3.45,1420432,TRY
2012-08-29,3.38,3.41,3.35,3.39,1780928,TRY
2012-08-31,3.4,3.4,3.33,3.34,864680,TRY
2012-09-03,3.35,3.39,3.34,3.35,1055592,TRY
2012-09-04,3.36,3.42,3.36,3.39,1999876,TRY
2012-09-05,3.39,3.41,3.36,3.38,884436,TRY
2012-09-06,3.39,3.39,3.3,3.33,1345320,TRY
2012-09-07,3.33,3.38,3.33,3.35,1231312,TRY
2012-09-10,3.35,3.41,3.35,3.38,2426244,TRY
2012-09-11,3.39,3.44,3.38,3.4,2997172,TRY
2012-09-12,3.41,3.42,3.38,3.39,1832904,TRY
2012-09-13,3.4,3.4,3.3,3.3,1474512,TRY
2012-09-14,3.34,3.36,3.23,3.23,2562912,TRY
2012-09-17,3.23,3.26,3.2,3.21,1272872,TRY
2012-09-18,3.21,3.23,3.17,3.2,885852,TRY
2012-09-19,3.2,3.24,3.19,3.19,1169848,TRY
2012-09-20,3.19,3.23,3.17,3.2,1932748,TRY
2012-09-21,3.23,3.26,3.21,3.23,2798224,TRY
2012-09-24,3.23,3.27,3.23,3.26,2304608,TRY
2012-09-25,3.27,3.29,3.24,3.26,2677768,TRY
2012-09-26,3.25,3.29,3.24,3.24,1436456,TRY
2012-09-27,3.25,3.26,3.24,3.24,1279448,TRY
2012-09-28,3.25,3.26,3.17,3.17,1097612,TRY
2012-10-01,3.19,3.2,3.15,3.16,663528,TRY
2012-10-02,3.15,3.19,3.15,3.16,816684,TRY
2012-10-03,3.17,3.19,3.1,3.1,912096,TRY
2012-10-04,3.06,3.09,2.9,3.0,2508056,TRY
2012-10-05,3.02,3.05,3.0,3.0,1133548,TRY
2012-10-08,3.0,3.0,2.96,2.99,528564,TRY
2012-10-09,2.99,3.0,2.96,2.99,575656,TRY
2012-10-10,2.98,3.08,2.98,3.08,2808860,TRY
2012-10-11,3.08,3.12,3.06,3.11,1023404,TRY
2012-10-12,3.12,3.12,3.06,3.06,608300,TRY
2012-10-15,3.08,3.09,3.04,3.06,846712,TRY
2012-10-16,3.06,3.1,3.05,3.06,1715280,TRY
2012-10-17,3.08,3.15,3.06,3.11,1990424,TRY
2012-10-18,3.12,3.16,3.1,3.16,1395236,TRY
2012-10-19,3.16,3.19,3.14,3.15,1528032,TRY
2012-10-22,3.16,3.19,3.15,3.16,973592,TRY
2012-10-23,3.16,3.16,3.12,3.15,235384,TRY
2012-10-24,3.16,3.17,3.11,3.14,402280,TRY
2012-10-30,3.12,3.14,3.09,3.11,654868,TRY
2012-10-31,3.12,3.15,3.12,3.14,616384,TRY
2012-11-01,3.15,3.16,3.12,3.16,564556,TRY
2012-11-02,3.15,3.15,3.09,3.09,360876,TRY
2012-11-05,3.11,3.14,3.08,3.08,654756,TRY
2012-11-06,3.09,3.15,3.08,3.1,1957020,TRY
2012-11-07,3.12,3.14,3.06,3.06,956984,TRY
2012-11-08,3.05,3.08,3.05,3.08,705892,TRY
2012-11-09,3.08,3.11,3.0,3.02,1487484,TRY
2012-11-12,3.02,3.02,2.99,2.99,512468,TRY
2012-11-13,2.99,3.06,2.99,3.06,788524,TRY
2012-11-14,3.06,3.14,3.05,3.05,3659416,TRY
2012-11-15,3.05,3.08,3.0,3.01,878320,TRY
2012-11-16,3.01,3.24,3.0,3.19,8729152,TRY
2012-11-19,3.23,3.39,3.17,3.27,17502068,TRY
2012-11-20,3.3,3.3,3.21,3.21,2510760,TRY
2012-11-21,3.21,3.3,3.19,3.23,3943692,TRY
2012-11-22,3.25,3.29,3.23,3.24,1925076,TRY
2012-11-23,3.25,3.3,3.24,3.3,2474856,TRY
2012-11-26,3.3,3.34,3.27,3.27,3713588,TRY
2012-11-27,3.29,3.3,3.25,3.27,1730336,TRY
2012-11-28,3.26,3.27,3.21,3.24,1305792,TRY
2012-11-29,3.25,3.3,3.24,3.27,2317300,TRY
2012-11-30,3.29,3.36,3.27,3.35,4774868,TRY
2012-12-03,3.35,3.38,3.31,3.33,2991688,TRY
2012-12-04,3.33,3.35,3.31,3.34,1383924,TRY
2012-12-05,3.34,3.42,3.34,3.41,5206048,TRY
2012-12-06,3.42,3.51,3.4,3.5,5063108,TRY
2012-12-07,3.51,3.55,3.48,3.52,3926500,TRY
2012-12-10,3.54,3.56,3.51,3.52,2581304,TRY
2012-12-11,3.55,3.6,3.52,3.54,5317340,TRY
2012-12-12,3.55,3.56,3.5,3.52,2040884,TRY
2012-12-13,3.52,3.52,3.45,3.46,1081952,TRY
2012-12-14,3.46,3.54,3.46,3.48,2713052,TRY
2012-12-17,3.5,3.56,3.48,3.54,2926492,TRY
2012-12-18,3.56,3.59,3.54,3.56,3522672,TRY
2012-12-19,3.59,3.67,3.58,3.6,6344704,TRY
2012-12-20,3.6,3.62,3.55,3.56,2279520,TRY
2012-12-21,3.54,3.56,3.49,3.51,2192168,TRY
2012-12-24,3.51,3.58,3.51,3.54,2405700,TRY
2012-12-25,3.55,3.65,3.54,3.61,4439028,TRY
2012-12-26,3.61,3.62,3.54,3.55,2312156,TRY
2012-12-27,3.56,3.6,3.54,3.55,1829940,TRY
2012-12-28,3.56,3.58,3.54,3.55,690212,TRY
2012-12-31,3.55,3.58,3.54,3.55,473888,TRY
2013-01-02,3.56,3.61,3.56,3.6,2291068,TRY
2013-01-03,3.62,3.73,3.61,3.71,5703564,TRY
2013-01-04,3.71,3.73,3.65,3.69,3614956,TRY
2013-01-07,3.69,3.75,3.69,3.73,3339868,TRY
2013-01-08,3.73,3.74,3.62,3.65,5264140,TRY
2013-01-09,3.66,3.71,3.64,3.69,3009872,TRY
2013-01-10,3.69,3.76,3.66,3.74,5200836,TRY
2013-01-11,3.76,3.99,3.73,3.96,15638572,TRY
2013-01-14,3.99,4.04,3.95,4.01,7736404,TRY
2013-01-15,4.03,4.19,4.0,4.16,13593528,TRY
2013-01-16,4.17,4.2,4.05,4.1,8367860,TRY
2013-04-25,4.05,4.06,3.96,3.98,1080032,TRY
2013-04-26,3.99,3.99,3.94,3.95,710588,TRY
2013-04-29,3.95,3.99,3.94,3.94,748376,TRY
2013-04-30,3.95,4.03,3.95,3.95,1535220,TRY
2013-05-02,3.98,4.03,3.95,3.98,3094480,TRY
2013-05-03,3.99,4.01,3.98,3.98,1507492,TRY
2013-05-06,3.99,4.03,3.99,3.99,1561968,TRY
2013-05-07,4.0,4.01,3.89,3.91,2478420,TRY
2013-05-08,3.94,3.96,3.92,3.94,1917516,TRY
2013-05-09,3.95,4.06,3.94,4.04,5196660,TRY
2013-05-10,4.05,4.16,4.05,4.12,5308048,TRY
2013-05-13,4.1,4.11,3.94,3.95,4604516,TRY
2013-05-14,3.95,3.99,3.92,3.95,1960140,TRY
2013-05-15,3.95,4.04,3.95,4.0,2894272,TRY
2013-05-16,4.0,4.05,3.96,4.0,3919104,TRY
2013-05-20,4.0,4.0,3.91,3.92,1784464,TRY
2013-05-21,3.98,3.99,3.94,3.95,1184224,TRY
2013-05-22,3.96,4.01,3.95,4.0,1704532,TRY
2013-05-23,3.94,3.95,3.88,3.9,2026756,TRY
2013-05-24,3.91,3.94,3.9,3.9,1400276,TRY
2013-05-27,3.92,3.96,3.9,3.91,980464,TRY
2013-05-28,3.92,3.95,3.9,3.91,3008596,TRY
2013-05-29,3.9,3.91,3.84,3.84,1585744,TRY
2013-05-30,3.84,3.86,3.79,3.81,1318576,TRY
2013-05-31,3.81,3.83,3.7,3.7,1131348,TRY
2013-06-03,3.34,3.56,3.1,3.19,2193760,TRY
2013-06-04,3.26,3.46,3.23,3.46,1740556,TRY
2013-06-05,3.46,3.5,3.38,3.38,972000,TRY
2013-06-06,3.33,3.39,3.1,3.17,1351308,TRY
2013-06-07,3.15,3.33,3.15,3.31,1251356,TRY
2013-06-10,3.24,3.29,3.19,3.24,1105364,TRY
2013-06-11,3.25,3.33,3.24,3.27,1213304,TRY
2013-06-12,3.25,3.31,3.24,3.27,1179656,TRY
2013-06-13,3.27,3.4,3.27,3.36,2580632,TRY
2013-06-14,3.41,3.48,3.41,3.46,1297356,TRY
2013-06-17,3.41,3.73,3.39,3.67,4586268,TRY
2013-06-18,3.74,3.8,3.67,3.67,2764428,TRY
2013-06-19,3.71,3.74,3.62,3.64,1632144,TRY
2013-06-20,3.5,3.6,3.39,3.41,1628760,TRY
2013-06-21,3.45,3.48,3.33,3.42,922844,TRY
2013-06-24,3.4,3.42,3.2,3.2,1007076,TRY
2013-06-25,3.25,3.35,3.25,3.35,1183576,TRY
2013-06-26,3.35,3.49,3.34,3.44,1352452,TRY
2013-06-27,3.46,3.58,3.45,3.51,1729996,TRY
2013-06-28,3.54,3.55,3.41,3.42,1362660,TRY
2013-07-01,3.45,3.5,3.42,3.49,924040,TRY
2013-07-02,3.5,3.58,3.48,3.51,1220808,TRY
2013-07-03,3.48,3.5,3.38,3.41,1162232,TRY
2013-07-04,3.41,3.48,3.39,3.45,802680,TRY
2013-07-05,3.46,3.5,3.33,3.33,932620,TRY
2013-07-08,3.33,3.35,3.26,3.3,756784,TRY
2013-07-09,3.33,3.36,3.29,3.3,642856,TRY
2013-07-10,3.33,3.36,3.21,3.23,762448,TRY
2013-07-11,3.31,3.34,3.24,3.29,1014316,TRY
2013-07-12,3.3,3.36,3.27,3.35,951388,TRY
2013-07-15,3.38,3.46,3.36,3.45,1504260,TRY
2013-07-16,3.45,3.55,3.44,3.48,1763200,TRY
2013-07-17,3.48,3.56,3.48,3.52,2466872,TRY
2013-07-18,3.52,3.61,3.52,3.54,1813772,TRY
2013-07-19,3.54,3.56,3.48,3.48,805344,TRY
2013-07-22,3.5,3.66,3.46,3.55,3852880,TRY
2013-07-23,3.56,3.6,3.48,3.5,1324724,TRY
2013-07-24,3.5,3.55,3.48,3.52,757872,TRY
2013-07-25,3.52,3.54,3.46,3.54,846876,TRY
2013-07-26,3.88,4.25,3.88,4.0,29731692,TRY
2013-07-29,3.98,3.99,3.83,3.84,7852268,TRY
2013-07-30,3.86,3.92,3.84,3.85,5993520,TRY
2013-07-31,3.85,3.91,3.79,3.81,6592116,TRY
2013-08-01,3.84,3.85,3.75,3.76,2616984,TRY
2013-08-02,3.76,3.77,3.69,3.71,2532348,TRY
2013-08-05,3.73,3.81,3.69,3.81,5106404,TRY
2013-08-06,3.83,3.85,3.76,3.84,2617900,TRY
2013-08-07,3.85,3.98,3.81,3.96,3577584,TRY
2013-08-12,3.96,3.98,3.9,3.91,2384008,TRY
2013-08-13,3.92,3.96,3.86,3.95,3099896,TRY
2013-08-14,3.96,3.98,3.89,3.89,2475756,TRY
2013-08-15,3.9,3.91,3.81,3.81,2051172,TRY
2013-08-16,3.56,3.6,3.54,3.57,710412,TRY
2013-08-19,3.55,3.58,3.49,3.51,1707768,TRY
2013-08-20,3.53,3.54,3.44,3.51,1277080,TRY
2013-08-21,3.51,3.53,3.46,3.48,1567796,TRY
2013-08-22,3.43,3.48,3.33,3.34,1980592,TRY
2013-08-23,3.36,3.37,3.15,3.2,3244160,TRY
2013-08-26,3.22,3.25,3.16,3.2,2297832,TRY
2013-08-27,3.14,3.14,2.91,2.91,2348492,TRY
2013-08-28,2.86,2.88,2.73,2.84,2023624,TRY
2013-08-29,2.88,2.93,2.86,2.88,1502436,TRY
2013-09-02,2.92,3.26,2.91,3.11,7518348,TRY
2013-09-03,3.14,3.14,3.0,3.0,2351876,TRY
2013-09-04,3.02,3.11,3.01,3.08,2081356,TRY
2013-09-05,3.08,3.11,3.0,3.02,1309412,TRY
2013-09-06,3.02,3.08,3.0,3.0,2929472,TRY
2013-09-09,3.05,3.11,3.02,3.07,2871368,TRY
2013-09-10,3.11,3.21,3.09,3.19,5441536,TRY
2013-09-11,3.18,3.23,3.14,3.18,3320924,TRY
2013-09-12,3.19,3.25,3.16,3.23,3865856,TRY
2013-09-13,3.22,3.29,3.16,3.19,4113320,TRY
2013-09-16,3.25,3.3,3.23,3.26,3219016,TRY
2013-09-17,3.26,3.28,3.22,3.23,1604568,TRY
2013-09-18,3.25,3.27,3.2,3.2,1898840,TRY
2013-09-19,3.29,3.39,3.27,3.28,6704348,TRY
2013-09-20,3.28,3.33,3.27,3.3,3091092,TRY
2013-09-23,3.32,3.35,3.29,3.3,3786200,TRY
2013-09-24,3.32,3.34,3.29,3.32,3810156,TRY
2013-09-25,3.3,3.37,3.3,3.35,4460200,TRY
2013-09-26,3.36,3.4,3.35,3.37,3811744,TRY
2013-09-27,3.39,3.4,3.29,3.3,2048204,TRY
2013-09-30,3.29,3.43,3.29,3.43,6668000,TRY
2013-10-01,3.43,3.51,3.41,3.5,7983884,TRY
2013-10-02,3.53,3.6,3.51,3.56,9021740,TRY
2013-10-03,3.57,3.58,3.53,3.55,3025416,TRY
2013-10-04,3.56,3.57,3.5,3.51,1850544,TRY
2013-10-07,3.49,3.58,3.47,3.58,4845468,TRY
2013-10-08,3.58,3.58,3.49,3.54,3628716,TRY
2013-10-09,3.53,3.53,3.48,3.49,1984844,TRY
2013-10-10,3.5,3.54,3.48,3.49,2498660,TRY
2013-10-11,3.51,3.57,3.49,3.5,4910924,TRY
2013-10-14,3.5,3.51,3.48,3.51,1016540,TRY
2013-10-21,3.56,3.63,3.54,3.6,4963712,TRY
2013-10-22,3.61,3.67,3.6,3.64,4868548,TRY
2013-10-23,3.64,3.78,3.62,3.78,8690876,TRY
2013-10-24,3.78,3.82,3.75,3.79,4054488,TRY
2013-10-25,3.79,3.9,3.78,3.88,4977040,TRY
2013-10-28,3.89,3.95,3.84,3.92,6572368,TRY
2013-10-30,3.95,3.97,3.82,3.83,4327132,TRY
2013-10-31,3.82,3.91,3.78,3.91,3817076,TRY
2013-11-01,3.91,3.95,3.89,3.93,5153740,TRY
2013-11-04,3.93,3.99,3.89,3.97,3950516,TRY
2013-11-05,3.98,4.0,3.88,3.88,3285416,TRY
2013-11-06,3.89,3.9,3.63,3.68,5980112,TRY
2013-11-07,3.67,3.74,3.63,3.65,1737044,TRY
2013-11-08,3.65,3.75,3.6,3.63,3030820,TRY
2013-11-11,3.68,3.7,3.6,3.64,1622384,TRY
2013-11-12,3.6,3.6,3.42,3.44,1821072,TRY
2013-11-13,3.43,3.51,3.36,3.41,1428744,TRY
2013-11-14,3.48,3.54,3.46,3.51,2200672,TRY
2013-11-15,3.53,3.6,3.51,3.57,2029000,TRY
2013-11-18,3.57,3.67,3.57,3.64,2427156,TRY
2013-11-19,3.64,3.69,3.63,3.65,2005844,TRY
2013-11-20,3.65,3.68,3.57,3.58,3072180,TRY
2013-11-21,3.56,3.71,3.54,3.7,4445104,TRY
2013-11-22,3.74,3.83,3.67,3.67,9950880,TRY
2013-11-25,3.79,3.95,3.79,3.89,14059828,TRY
2013-11-26,3.89,3.89,3.72,3.74,3729900,TRY
2013-11-27,3.75,3.84,3.74,3.79,6749512,TRY
2013-11-28,3.79,3.82,3.75,3.76,2611180,TRY
2013-11-29,3.76,3.78,3.76,3.76,1414860,TRY
2013-12-02,3.76,3.79,3.64,3.68,5913692,TRY
2013-12-03,3.68,3.72,3.53,3.54,3035900,TRY
2013-12-04,3.53,3.53,3.41,3.47,3051368,TRY
2013-12-05,3.48,3.58,3.42,3.47,9059516,TRY
2013-12-09,3.46,3.57,3.45,3.47,4521816,TRY
2013-12-10,3.48,3.48,3.39,3.39,1654070,TRY
2013-12-11,3.39,3.46,3.39,3.39,3146003,TRY
2013-12-12,3.38,3.42,3.37,3.37,2396686,TRY
2013-12-13,3.38,3.44,3.38,3.39,1917201,TRY
2013-12-16,3.39,3.46,3.39,3.45,2282212,TRY
2013-12-17,3.42,3.42,3.17,3.18,2806059,TRY
2013-12-18,3.15,3.16,2.91,3.16,5008231,TRY
2013-12-19,3.11,3.21,2.99,3.0,2494520,TRY
2013-12-20,3.01,3.04,2.94,2.94,3534263,TRY
2013-12-23,3.0,3.01,2.79,2.81,4760930,TRY
2013-12-24,2.83,2.9,2.81,2.84,3577649,TRY
2013-12-25,2.86,2.95,2.76,2.76,3612100,TRY
2013-12-26,2.76,2.8,2.57,2.58,2967523,TRY
2013-12-27,2.58,2.58,2.24,2.42,4785775,TRY
2013-12-30,2.54,2.65,2.49,2.64,4260650,TRY
2013-12-31,2.65,2.69,2.54,2.58,2529820,TRY
2014-01-02,2.54,2.57,2.51,2.54,2165603,TRY
2014-01-03,2.55,2.62,2.55,2.56,2668004,TRY
2014-01-06,2.59,2.79,2.57,2.77,3520125,TRY
2014-01-07,2.74,2.88,2.71,2.82,4936643,TRY
2014-01-08,2.84,2.86,2.73,2.74,3183756,TRY
2014-01-09,2.7,2.75,2.66,2.68,1311420,TRY
2014-01-10,2.71,2.75,2.66,2.74,2292506,TRY
2014-01-13,2.76,2.83,2.76,2.76,2704743,TRY
2014-01-14,2.73,2.8,2.72,2.8,2229481,TRY
2014-01-15,2.8,2.98,2.79,2.95,9157854,TRY
2014-01-16,2.9,3.23,2.89,3.14,15277382,TRY
2014-01-17,3.16,3.2,2.94,2.94,7172877,TRY
2014-01-20,2.91,3.17,2.9,3.16,13241661,TRY
2014-01-21,3.2,3.27,3.12,3.13,7853309,TRY
2014-01-22,3.18,3.25,3.15,3.15,4302733,TRY
2014-01-23,3.16,3.18,3.01,3.01,5501579,TRY
2014-01-24,3.01,3.06,2.93,2.98,5276101,TRY
2014-01-27,2.99,3.12,2.96,3.1,7910957,TRY
2014-01-28,3.12,3.16,3.02,3.02,4801186,TRY
2014-01-29,3.1,3.1,2.8,2.9,5627717,TRY
2014-01-30,2.9,3.03,2.89,3.01,4719422,TRY
2014-01-31,3.0,3.08,2.97,3.07,5229055,TRY
2014-02-03,3.1,3.1,3.03,3.04,2893429,TRY
2014-02-04,3.0,3.05,2.99,3.04,3383250,TRY
2014-02-05,3.04,3.15,3.04,3.11,6524548,TRY
2014-02-06,3.12,3.17,3.09,3.14,4024800,TRY
2014-02-07,3.14,3.18,3.12,3.14,3228010,TRY
2014-02-10,3.13,3.17,3.12,3.14,3765573,TRY
2014-02-11,3.15,3.19,3.15,3.18,4204337,TRY
2014-02-12,3.19,3.21,3.13,3.13,2236015,TRY
2014-02-13,3.11,3.14,3.06,3.08,2071796,TRY
2014-02-14,3.1,3.14,3.09,3.13,1865973,TRY
2014-02-17,3.14,3.18,3.07,3.07,2990980,TRY
2014-02-18,3.08,3.1,3.04,3.09,2077591,TRY
2014-02-19,3.08,3.17,3.08,3.17,3313569,TRY
2014-02-20,3.16,3.18,3.13,3.14,2541492,TRY
2014-02-21,3.15,3.22,3.14,3.21,5349001,TRY
2014-02-24,3.22,3.28,3.2,3.28,2702106,TRY
2014-02-25,3.21,3.27,3.17,3.24,4196667,TRY
2014-02-26,3.26,3.28,3.14,3.14,2999478,TRY
2014-02-27,3.13,3.24,3.11,3.18,4035063,TRY
2015-06-05,6.61,6.65,6.52,6.55,384577,TRY
2015-06-08,5.89,6.26,5.89,6.26,1256231,TRY
2015-06-09,6.29,6.69,6.29,6.66,761453,TRY
2015-06-10,6.64,6.67,6.53,6.54,583682,TRY
2015-06-11,6.57,6.68,6.48,6.6,613771,TRY
2015-06-12,6.65,6.69,6.55,6.58,374377,TRY
2015-06-15,6.62,6.73,6.51,6.56,878625,TRY
2015-06-16,6.57,6.68,6.57,6.63,171967,TRY
2015-06-17,6.63,6.93,6.63,6.93,1126114,TRY
2015-06-18,6.98,7.07,6.82,6.83,1092364,TRY
2015-06-19,6.83,6.91,6.75,6.83,341909,TRY
2015-06-22,6.84,7.04,6.84,6.9,1367948,TRY
2015-06-23,6.94,6.97,6.84,6.89,439609,TRY
2015-06-24,6.92,6.95,6.87,6.88,446753,TRY
2015-06-25,6.89,6.94,6.8,6.81,531570,TRY
2015-06-26,6.8,6.87,6.78,6.87,399388,TRY
2015-06-29,6.74,6.83,6.7,6.75,452264,TRY
2015-06-30,6.77,6.85,6.69,6.83,547380,TRY
2015-07-01,6.85,6.95,6.77,6.77,1397071,TRY
2015-07-02,6.77,6.82,6.76,6.78,428916,TRY
2015-07-03,6.81,6.85,6.74,6.74,392982,TRY
2015-07-06,6.74,6.86,6.72,6.8,620135,TRY
2015-07-07,6.87,7.03,6.83,6.88,1862096,TRY
2015-07-08,6.9,6.99,6.76,6.82,899870,TRY
2015-07-09,6.85,6.92,6.85,6.85,403035,TRY
2015-07-10,6.9,6.92,6.83,6.86,453529,TRY
2015-07-13,6.88,6.95,6.85,6.87,559768,TRY
2015-07-14,7.03,8.12,7.03,8.12,11383806,TRY
2015-07-15,8.27,8.73,7.7,7.77,17390698,TRY
2015-07-16,7.8,7.85,7.57,7.65,3723854,TRY
2015-07-20,7.65,7.8,7.53,7.54,5043917,TRY
2015-07-21,7.6,8.34,7.59,8.15,16564344,TRY
2015-07-22,8.2,8.42,7.74,7.8,9372908,TRY
2015-07-23,7.82,7.89,7.03,7.17,4705733,TRY
2015-07-24,7.08,7.42,7.04,7.35,4356703,TRY
2015-07-27,7.32,7.41,7.1,7.12,2126356,TRY
2015-07-28,7.22,7.46,7.18,7.39,3303237,TRY
2015-07-29,7.39,7.74,7.35,7.56,4348400,TRY
2015-07-30,7.46,7.6,7.4,7.41,1979727,TRY
2015-07-31,7.46,7.5,7.32,7.49,2028011,TRY
2015-08-03,7.52,7.6,7.24,7.3,1709580,TRY
2015-08-04,7.35,7.6,7.25,7.6,2338931,TRY
2015-08-05,7.6,7.62,7.35,7.37,2143421,TRY
2015-08-06,7.39,7.65,7.36,7.5,3680433,TRY
2015-08-07,7.53,7.57,7.28,7.28,2344294,TRY
2015-08-10,7.29,7.33,6.87,6.87,1560130,TRY
2015-08-11,7.07,7.23,7.07,7.12,2664645,TRY
2015-08-12,7.02,7.04,6.7,6.72,2733179,TRY
2015-08-13,6.72,6.79,6.32,6.77,2026013,TRY
2015-08-14,6.74,6.96,6.63,6.87,1869370,TRY
2015-08-17,6.77,6.85,6.66,6.7,1380983,TRY
2015-08-18,6.69,6.74,6.58,6.65,578608,TRY
2015-08-19,6.62,6.66,6.22,6.27,3053928,TRY
2015-08-20,6.25,6.45,6.08,6.3,3320937,TRY
2015-08-21,6.26,6.32,6.04,6.05,2885526,TRY
2015-08-24,5.89,5.95,5.71,5.85,1774109,TRY
2015-08-25,5.89,6.11,5.89,6.02,1839636,TRY
2015-08-26,5.99,6.07,5.92,5.96,1788105,TRY
2015-08-27,6.04,6.14,5.99,6.0,2182158,TRY
2015-08-28,6.19,6.64,6.19,6.2,14222501,TRY
2015-08-31,6.21,6.32,6.09,6.09,3468792,TRY
2015-09-01,6.09,6.09,5.85,5.89,2555763,TRY
2015-09-02,5.99,6.14,5.91,5.95,4791623,TRY
2015-09-03,6.07,6.1,5.91,5.98,3853084,TRY
2015-09-04,5.93,6.03,5.85,5.87,3728865,TRY
2015-09-07,5.77,5.87,5.75,5.79,2936423,TRY
2015-09-08,5.86,6.02,5.77,6.02,5340899,TRY
2015-09-09,6.1,6.36,6.1,6.21,9236444,TRY
2015-09-10,6.18,6.3,6.16,6.24,6560086,TRY
2015-09-11,6.29,6.31,6.19,6.19,3500370,TRY
2015-09-14,6.21,6.26,6.08,6.12,2883771,TRY
2015-09-15,6.15,6.65,6.15,6.56,10717248,TRY
2015-09-16,6.58,6.84,6.56,6.65,9345024,TRY
2015-09-17,6.68,6.79,6.59,6.68,7316696,TRY
2015-09-18,6.7,6.74,6.49,6.49,4713195,TRY
2015-09-21,6.47,6.62,6.43,6.57,3373332,TRY
2015-09-22,6.62,6.71,6.59,6.64,4321342,TRY
2015-09-23,6.63,6.64,6.54,6.54,1687416,TRY
2015-09-28,6.56,6.6,6.31,6.31,2409202,TRY
2015-09-29,6.27,6.36,6.15,6.35,3986877,TRY
2015-09-30,6.4,6.42,6.22,6.22,3566126,TRY
2015-10-01,6.26,6.31,6.2,6.24,2463878,TRY
2015-10-02,6.24,6.27,6.16,6.17,2500106,TRY
2015-10-05,6.12,6.17,6.01,6.08,5374902,TRY
2015-10-06,6.09,6.27,6.09,6.26,5555926,TRY
2015-10-07,6.3,6.79,6.3,6.57,19248356,TRY
2015-10-08,6.58,6.61,6.42,6.5,6148325,TRY
2015-10-09,6.55,6.67,6.53,6.57,6319413,TRY
2015-10-12,6.53,6.64,6.51,6.55,4285892,TRY
2015-10-13,6.57,6.64,6.48,6.51,4667321,TRY
2015-10-14,6.58,6.58,6.53,6.55,2552805,TRY
2015-10-15,6.6,6.69,6.53,6.53,4667411,TRY
2015-10-16,6.55,6.58,6.26,6.26,3616858,TRY
2015-10-19,6.36,6.57,6.36,6.51,3079723,TRY
2015-10-20,6.56,6.6,6.48,6.51,2915242,TRY
2015-10-21,6.49,6.71,6.49,6.67,6965178,TRY
2015-10-22,6.68,6.92,6.68,6.77,8596469,TRY
2015-10-23,6.82,6.87,6.68,6.71,3722285,TRY
2015-10-26,6.71,6.74,6.43,6.49,1810965,TRY
2015-10-27,6.54,6.6,6.31,6.38,3562532,TRY
2015-10-28,6.47,6.52,6.24,6.35,1982265,TRY
2015-10-30,6.37,6.47,6.28,6.47,2094758,TRY
2015-11-02,6.87,7.01,6.8,6.93,7424073,TRY
2015-11-03,6.95,7.08,6.83,6.99,7512523,TRY
2015-11-04,7.02,7.18,7.02,7.06,5695257,TRY
2015-11-05,7.03,7.12,6.99,7.01,2680929,TRY
2015-11-06,7.02,7.07,6.87,6.98,1556241,TRY
2015-11-09,6.93,7.01,6.88,6.93,2341052,TRY
2015-11-10,6.96,7.02,6.86,6.88,2428483,TRY
2015-11-11,6.91,6.96,6.85,6.86,1868134,TRY
2015-11-12,6.89,6.97,6.87,6.9,3303271,TRY
2015-11-13,6.93,7.08,6.92,7.02,4726162,TRY
2015-11-16,7.0,7.12,7.0,7.02,3365124,TRY
2015-11-17,7.04,7.19,7.04,7.11,4067886,TRY
2015-11-18,7.13,7.18,6.95,6.98,3064897,TRY
2015-11-19,7.03,7.06,6.89,6.93,2326170,TRY
2015-11-20,6.93,7.1,6.92,7.03,2341346,TRY
2015-11-23,7.05,7.11,6.98,6.98,1875427,TRY
2015-11-24,6.99,7.04,6.2,6.54,2807872,TRY
2015-11-25,6.64,6.77,6.55,6.69,1681004,TRY
2015-11-26,6.7,6.99,6.67,6.77,4564759,TRY
2015-11-27,6.77,6.81,6.61,6.65,2448477,TRY
2015-11-30,6.68,6.74,6.5,6.52,2128197,TRY
2015-12-01,6.57,6.7,6.54,6.68,1753347,TRY
2015-12-02,6.74,6.78,6.55,6.6,2813879,TRY
2015-12-03,6.61,6.72,6.49,6.52,2367377,TRY
2015-12-04,6.54,6.57,6.28,6.42,2445810,TRY
2015-12-07,6.39,6.41,6.19,6.19,2351460,TRY
2015-12-08,6.19,6.22,5.83,5.83,2550397,TRY
2015-12-09,5.87,6.0,5.68,5.97,3035556,TRY
2015-12-10,5.96,6.34,5.9,6.03,10721802,TRY
2015-12-11,6.06,6.11,5.83,5.85,5102094,TRY
2015-12-14,5.89,6.01,5.63,5.63,3252981,TRY
2015-12-15,5.69,5.84,5.66,5.79,3359691,TRY
2015-12-16,5.81,5.98,5.79,5.8,6280477,TRY
2015-12-17,5.89,5.93,5.83,5.85,7011348,TRY
2015-12-18,5.83,5.84,5.65,5.66,5371918,TRY
2015-12-21,5.69,5.71,5.59,5.62,5629252,TRY
2015-12-22,5.61,5.62,5.47,5.55,3493310,TRY
2015-12-23,5.6,5.76,5.59,5.7,5894114,TRY
2015-12-24,5.73,5.78,5.66,5.66,2611798,TRY
2015-12-25,5.67,5.67,5.6,5.63,1424920,TRY
2015-12-28,5.63,5.74,5.6,5.66,3457728,TRY
2015-12-29,5.67,5.76,5.63,5.76,6905759,TRY
2015-12-30,5.77,5.8,5.61,5.64,4048195,TRY
2015-12-31,5.65,5.66,5.57,5.58,1454952,TRY
2016-01-04,5.58,5.58,5.36,5.38,2633704,TRY
2016-01-05,5.41,5.45,5.18,5.3,5272355,TRY
2016-01-06,5.24,5.28,5.13,5.24,4984328,TRY
2016-01-07,5.17,5.17,5.02,5.1,9715909,TRY
2016-01-08,5.14,5.21,5.06,5.08,4450733,TRY
2016-01-11,5.02,5.13,5.01,5.08,4914068,TRY
2016-01-12,5.08,5.15,5.04,5.12,4987260,TRY
2016-01-13,5.15,5.21,5.13,5.13,5161689,TRY
2016-01-14,5.1,5.12,5.03,5.03,4656771,TRY
2016-01-15,5.04,5.07,4.89,4.93,3999829,TRY
2016-01-18,5.15,5.84,5.14,5.74,46584376,TRY
2016-01-19,5.82,6.08,5.66,5.67,34008720,TRY
2016-01-20,5.79,5.83,5.49,5.53,16381115,TRY
2016-01-21,5.53,5.56,5.26,5.3,16352167,TRY
2016-01-22,5.4,5.46,5.34,5.36,10100040,TRY
2016-01-25,5.39,5.58,5.34,5.54,20796016,TRY
2016-01-26,5.53,5.57,5.46,5.52,8339062,TRY
2016-01-27,5.54,5.63,5.52,5.52,6246786,TRY
2016-01-28,5.55,5.59,5.44,5.46,5893849,TRY
2016-01-29,5.51,5.55,5.47,5.48,5461619,TRY
2016-02-01,5.48,5.48,5.3,5.42,4387933,TRY
2016-02-02,5.45,5.56,5.39,5.39,4911914,TRY
2016-02-03,5.38,5.42,5.33,5.34,4115826,TRY
2016-02-04,5.39,5.41,5.33,5.34,3471194,TRY
2016-02-05,5.34,5.47,5.34,5.36,5698724,TRY
2016-02-08,5.38,5.52,5.38,5.4,13362575,TRY
2016-02-09,5.39,5.43,5.24,5.28,5526808,TRY
2016-02-10,5.31,5.36,5.25,5.27,2281509,TRY
2016-02-11,5.19,5.24,5.11,5.13,2602413,TRY
2016-02-12,5.17,5.22,5.1,5.11,1609363,TRY
2016-02-15,5.12,5.12,4.86,4.95,2258841,TRY
2016-02-16,5.01,5.03,4.89,4.89,1476120,TRY
2016-02-17,4.89,4.97,4.81,4.97,2804549,TRY
2016-02-18,4.97,5.01,4.89,4.91,5866449,TRY
2016-02-19,4.92,5.07,4.91,4.94,7503704,TRY
2016-02-22,5.01,5.1,5.0,5.09,6551766,TRY
2016-02-23,5.12,5.24,5.11,5.12,6932212,TRY
2016-02-24,5.16,5.16,4.94,4.97,4821251,TRY
2016-02-25,5.0,5.05,4.97,5.03,3891033,TRY
2016-02-26,5.08,5.34,5.08,5.25,12528928,TRY
2016-02-29,5.24,5.37,5.23,5.36,7280604,TRY
2016-03-01,5.38,5.54,5.38,5.53,8941604,TRY
2016-03-02,5.58,6.22,5.53,6.02,44627440,TRY
2016-03-03,6.07,6.23,5.91,5.92,26847668,TRY
2016-03-04,5.91,5.99,5.7,5.99,22691776,TRY
2016-03-07,6.05,6.17,5.97,5.97,11862469,TRY
2016-03-08,5.97,6.03,5.79,5.79,11193373,TRY
2016-03-09,5.79,5.92,5.78,5.85,7855613,TRY
2016-03-10,5.78,5.83,5.68,5.7,7268565,TRY
2016-03-11,5.76,5.76,5.56,5.58,4989778,TRY
2016-03-14,5.56,5.75,5.51,5.73,9743071,TRY
2016-03-15,5.74,5.75,5.64,5.66,6491078,TRY
2016-03-16,5.66,5.71,5.64,5.66,3976972,TRY
2016-03-17,5.72,5.77,5.71,5.75,6659926,TRY
2016-03-18,5.76,5.84,5.75,5.78,8489696,TRY
2016-03-21,5.78,5.88,5.76,5.87,10216852,TRY
2016-03-22,5.88,5.88,5.66,5.66,7367152,TRY
2016-03-23,5.64,5.78,5.63,5.63,8238475,TRY
2016-03-24,5.66,5.72,5.65,5.67,4782354,TRY
2016-03-25,5.69,5.75,5.68,5.71,3823982,TRY
2016-03-28,5.73,5.75,5.66,5.69,3153591,TRY
2016-03-29,5.71,5.8,5.71,5.76,10063100,TRY
2016-03-30,5.79,5.87,5.79,5.84,11514742,TRY
2016-03-31,5.84,6.0,5.84,5.96,15750425,TRY
2016-04-01,5.94,5.98,5.85,5.87,7350998,TRY
2016-04-04,5.92,5.98,5.9,5.95,10062479,TRY
2016-04-05,5.94,6.04,5.92,5.96,16054378,TRY
2016-04-06,5.99,6.03,5.91,5.91,12046455,TRY
2016-04-07,5.99,6.11,5.99,6.08,30052766,TRY
2016-04-08,6.12,6.14,6.06,6.09,13225875,TRY
2016-04-11,6.1,6.2,6.09,6.19,14697458,TRY
2016-04-12,6.19,6.22,6.04,6.08,9551199,TRY
2016-04-13,6.12,6.2,6.1,6.19,10148370,TRY
2016-04-14,6.2,6.31,6.2,6.25,15433842,TRY
2016-04-15,6.28,6.29,6.16,6.2,6620487,TRY
2016-04-18,6.19,6.31,6.18,6.27,9764365,TRY
2016-04-19,6.3,6.3,6.22,6.23,4602916,TRY
2016-04-20,6.22,6.24,5.93,5.98,6784082,TRY
2016-04-21,6.02,6.08,5.83,5.92,6777320,TRY
2016-04-22,5.93,5.94,5.73,5.76,4674975,TRY
2016-04-25,5.78,5.86,5.71,5.82,6988727,TRY
2016-04-26,5.84,5.84,5.75,5.78,4334893,TRY
2016-04-27,5.79,5.83,5.65,5.65,7083913,TRY
2016-04-28,5.67,5.71,5.62,5.65,4818895,TRY
2016-04-29,5.66,5.69,5.6,5.62,3420956,TRY
2016-05-02,5.63,5.65,5.43,5.44,4612430,TRY
2016-05-03,5.46,5.48,5.13,5.15,6164089,TRY
2016-05-04,5.14,5.16,5.01,5.03,8310396,TRY
2016-05-05,4.89,5.16,4.78,5.12,7491637,TRY
2016-05-06,5.14,5.25,5.04,5.15,5798870,TRY
2016-05-09,5.15,5.22,5.11,5.11,5405400,TRY
2016-05-10,5.12,5.13,4.97,4.98,3589715,TRY
2016-05-11,4.99,5.13,4.91,5.13,6675613,TRY
2016-05-12,5.14,5.15,5.01,5.02,4131512,TRY
2016-05-13,4.98,5.11,4.96,4.99,4604440,TRY
2016-05-16,5.07,5.11,4.97,5.01,4438479,TRY
2016-05-17,5.05,5.1,5.03,5.09,3886038,TRY
2016-05-18,5.06,5.23,5.02,5.15,8546997,TRY
2016-05-20,5.17,5.29,5.17,5.18,5483601,TRY
2016-05-23,5.2,5.27,5.18,5.22,3358795,TRY
2016-05-24,5.21,5.4,5.18,5.36,7076588,TRY
2016-05-25,5.38,5.39,5.24,5.26,5574981,TRY
2016-05-26,5.24,5.3,5.2,5.25,2540919,TRY
2016-05-27,5.27,5.28,5.21,5.21,1659348,TRY
2016-05-30,5.21,5.27,5.2,5.21,1863810,TRY
2016-05-31,5.23,5.31,5.2,5.26,4302664,TRY
2016-06-01,5.29,5.34,5.27,5.3,4399128,TRY
2016-06-02,5.32,5.36,5.29,5.3,3825372,TRY
2016-06-03,5.32,5.34,5.25,5.29,3163916,TRY
2016-06-06,5.32,5.47,5.32,5.45,5238781,TRY
2016-06-07,5.47,5.69,5.47,5.66,8953727,TRY
2016-06-08,5.66,5.79,5.59,5.72,6612741,TRY
2016-06-09,5.65,5.67,5.42,5.46,9002160,TRY
2016-06-10,5.48,5.53,5.39,5.41,4453332,TRY
2016-06-13,5.34,5.4,5.19,5.39,3651429,TRY
2016-06-14,5.37,5.53,5.33,5.5,4723977,TRY
2016-06-15,5.57,5.63,5.54,5.63,2469836,TRY
2016-06-16,5.6,5.66,5.42,5.42,2849538,TRY
2016-06-17,5.5,5.52,5.42,5.47,1497789,TRY
2016-06-20,5.56,5.62,5.51,5.61,2492587,TRY
2016-06-21,5.62,5.65,5.53,5.56,2138006,TRY
2016-06-22,5.58,5.61,5.5,5.51,1456854,TRY
2016-06-23,5.55,5.6,5.51,5.55,1818763,TRY
2016-06-24,5.26,5.38,5.25,5.35,2442871,TRY
2016-06-27,5.34,5.41,5.33,5.35,1861335,TRY
2016-06-28,5.39,5.52,5.39,5.47,2177602,TRY
2016-06-29,5.46,5.54,5.45,5.48,1455204,TRY
2016-06-30,5.48,5.61,5.48,5.59,4073091,TRY
2016-07-01,5.62,5.75,5.58,5.71,4131316,TRY
2016-07-04,5.72,5.78,5.67,5.68,1292914,TRY
2016-07-08,5.67,5.67,5.6,5.65,780664,TRY
2016-07-11,5.72,5.74,5.66,5.73,1645789,TRY
2016-07-12,5.77,5.88,5.75,5.88,4547249,TRY
2016-07-13,5.88,5.93,5.84,5.87,4526606,TRY
2016-07-14,5.9,5.94,5.82,5.82,3548051,TRY
2016-07-15,5.82,5.89,5.82,5.82,2356669,TRY
2016-07-18,5.52,5.65,4.92,5.35,3596421,TRY
2016-07-19,5.26,5.52,5.11,5.32,1965222,TRY
2016-07-20,5.36,5.43,5.12,5.18,1522384,TRY
2016-07-21,5.1,5.13,4.96,5.05,1452328,TRY
2016-07-22,5.16,5.2,4.98,5.09,989462,TRY
2016-07-25,5.12,5.29,5.12,5.25,1894415,TRY
2016-07-26,5.28,5.34,5.23,5.28,1069249,TRY
2016-07-27,5.32,5.44,5.29,5.44,1135253,TRY
2016-07-28,5.5,5.58,5.37,5.39,1931007,TRY
2016-07-29,5.37,5.47,5.35,5.44,2584897,TRY
2016-08-01,5.5,5.55,5.46,5.47,1666973,TRY
2016-08-02,5.47,5.49,5.4,5.45,1159041,TRY
2016-08-03,5.42,5.47,5.29,5.3,1375339,TRY
2016-08-04,5.31,5.4,5.31,5.37,1293870,TRY
2016-08-05,5.41,5.47,5.32,5.32,2114507,TRY
2016-08-08,5.44,5.46,5.39,5.42,3097773,TRY
2016-08-09,5.41,5.55,5.4,5.48,4432918,TRY
2016-08-10,5.51,5.51,5.41,5.42,1988507,TRY
2016-08-11,5.6,5.65,5.48,5.54,7280476,TRY
2016-08-12,5.57,5.62,5.52,5.57,4826566,TRY
2016-08-15,5.62,5.74,5.62,5.72,7157299,TRY
2016-08-16,5.78,5.78,5.5,5.5,5030851,TRY
2016-08-17,5.53,5.57,5.47,5.5,2929495,TRY
2016-08-18,5.42,5.42,5.25,5.3,6640247,TRY
2016-08-19,5.32,5.34,5.26,5.29,1439417,TRY
2016-08-22,5.27,5.33,5.25,5.33,2046785,TRY
2016-08-23,5.36,5.39,5.3,5.3,1785001,TRY
2016-08-24,5.23,5.23,5.12,5.17,2829661,TRY
2016-08-25,5.19,5.24,5.16,5.16,2432906,TRY
2016-08-26,5.17,5.21,5.13,5.16,1891669,TRY
2016-08-29,5.14,5.32,5.13,5.25,4808037,TRY
2016-08-31,5.29,5.39,5.16,5.16,4804308,TRY
2016-09-01,5.18,5.21,5.09,5.12,3611755,TRY
2016-09-02,5.13,5.16,5.09,5.14,2091600,TRY
2016-09-05,5.18,5.18,5.13,5.16,1951490,TRY
2016-09-06,5.16,5.22,5.16,5.17,2576252,TRY
2016-09-07,5.21,5.22,5.13,5.13,2031980,TRY
2016-09-08,5.13,5.16,5.11,5.14,1717333,TRY
2016-09-09,5.13,5.15,5.07,5.07,2006842,TRY
2016-09-16,5.07,5.09,5.01,5.03,1326279,TRY
2016-09-19,5.06,5.1,5.03,5.08,2444825,TRY
2016-09-20,5.09,5.09,5.03,5.04,2421408,TRY
2016-09-21,5.05,5.1,5.04,5.06,1964900,TRY
2016-09-22,5.11,5.18,5.08,5.16,6654621,TRY
2016-09-23,5.16,5.21,5.12,5.13,4912819,TRY
2016-09-26,4.85,4.96,4.82,4.91,3159804,TRY
2016-09-27,4.94,5.0,4.94,4.95,2703648,TRY
2016-09-28,4.96,4.99,4.94,4.95,2318982,TRY
2016-09-29,4.97,5.01,4.9,4.91,3774484,TRY
2016-09-30,4.89,4.91,4.82,4.83,3611246,TRY
2016-10-03,4.86,4.89,4.84,4.85,2620231,TRY
2016-10-04,4.86,4.94,4.84,4.87,5750212,TRY
2016-10-05,4.85,4.96,4.83,4.91,8800879,TRY
2016-10-06,4.95,5.02,4.95,4.95,7106154,TRY
2016-10-07,4.97,4.99,4.91,4.93,2558605,TRY
2016-10-10,4.96,4.98,4.88,4.91,3001353,TRY
2016-10-11,4.91,4.95,4.87,4.94,2860227,TRY
2016-10-12,4.95,5.22,4.93,5.21,24011418,TRY
2016-10-13,5.16,5.28,5.09,5.14,20284374,TRY
2016-10-14,5.35,5.42,5.2,5.2,17546192,TRY
2016-10-17,5.19,5.2,5.11,5.14,5275219,TRY
2016-10-18,5.17,5.19,5.1,5.11,4030622,TRY
2016-10-19,5.13,5.17,5.11,5.15,4314853,TRY
2016-10-20,5.18,5.23,5.15,5.18,6168806,TRY
2016-10-21,5.2,5.2,5.13,5.13,3185575,TRY
2016-10-24,5.16,5.24,5.16,5.21,5399096,TRY
2016-10-25,5.22,5.27,5.18,5.19,3615408,TRY
2016-10-26,5.2,5.23,5.15,5.15,3030509,TRY
2016-10-27,5.14,5.17,5.09,5.11,2971029,TRY
2016-10-28,5.11,5.12,5.04,5.06,1146113,TRY
2016-10-31,5.15,5.21,5.07,5.1,4127496,TRY
2016-11-01,5.11,5.13,4.91,4.94,2238637,TRY
2016-11-02,4.95,4.97,4.91,4.93,1513331,TRY
2016-11-03,4.94,5.01,4.89,4.91,4107732,TRY
2016-11-04,4.86,4.86,4.66,4.66,2291884,TRY
2016-11-07,4.81,4.82,4.75,4.78,1511231,TRY
2016-11-08,4.79,4.83,4.71,4.77,2633701,TRY
2016-11-09,4.55,4.74,4.51,4.71,2020703,TRY
2016-11-10,4.77,4.81,4.73,4.75,2865309,TRY
2016-11-11,4.74,4.76,4.6,4.63,2924608,TRY
2016-11-14,4.65,4.66,4.54,4.54,1661211,TRY
2016-11-15,4.57,4.61,4.53,4.57,1852658,TRY
2016-11-16,4.58,4.59,4.4,4.43,3447786,TRY
2016-11-17,4.45,4.48,4.4,4.41,2666853,TRY
2016-11-18,4.42,4.58,4.39,4.45,4313595,TRY
2016-11-21,4.5,4.52,4.46,4.46,1876869,TRY
2016-11-22,4.47,4.58,4.46,4.51,2814805,TRY
2016-11-23,4.56,4.59,4.44,4.45,4151119,TRY
2016-11-24,4.45,4.48,4.26,4.33,3760458,TRY
2016-11-25,4.33,4.34,3.98,4.25,3467117,TRY
2016-11-28,4.33,4.35,4.27,4.3,3244552,TRY
2016-11-29,4.3,4.38,4.25,4.3,6839555,TRY
2016-11-30,4.33,4.37,4.28,4.28,3957878,TRY
2016-12-01,4.27,4.27,4.04,4.06,6790904,TRY
2016-12-02,4.09,4.17,4.03,4.11,4607389,TRY
2016-12-05,4.08,4.14,4.08,4.12,1603025,TRY
2016-12-06,4.13,4.23,4.13,4.22,3729550,TRY
2016-12-07,4.23,4.31,4.22,4.25,3500051,TRY
2016-12-08,4.27,4.28,4.19,4.22,2903703,TRY
2016-12-09,4.25,4.26,4.2,4.2,2087780,TRY
2016-12-12,4.18,4.21,4.12,4.2,1891260,TRY
2016-12-13,4.21,4.26,4.19,4.2,2666189,TRY
2016-12-14,4.21,4.27,4.21,4.22,3629662,TRY
2016-12-15,4.2,4.28,4.19,4.27,3083625,TRY
2016-12-16,4.29,4.34,4.28,4.31,4020681,TRY
2016-12-19,4.33,4.39,4.32,4.33,5310212,TRY
2016-12-20,4.32,4.37,4.3,4.35,4405141,TRY
2016-12-21,4.36,4.41,4.35,4.36,2617645,TRY
2016-12-22,4.4,4.42,4.33,4.34,2987518,TRY
2016-12-23,4.35,4.36,4.31,4.31,913774,TRY
2016-12-26,4.33,4.33,4.28,4.28,744503,TRY
2016-12-27,4.29,4.3,4.25,4.26,733311,TRY
2016-12-28,4.26,4.31,4.24,4.29,2089409,TRY
2016-12-29,4.3,4.39,4.3,4.39,2947901,TRY
2016-12-30,4.4,4.45,4.38,4.38,1576197,TRY
2017-01-02,4.38,4.48,4.36,4.44,2225879,TRY
2017-01-03,4.45,4.48,4.35,4.36,1696257,TRY
2017-01-04,4.38,4.41,4.32,4.34,1634827,TRY
2017-01-05,4.37,4.4,4.31,4.37,1922097,TRY
2017-01-06,4.36,4.45,4.35,4.44,1835002,TRY
2017-01-09,4.43,4.48,4.35,4.4,3209299,TRY
2017-01-10,4.39,4.5,4.38,4.48,6886324,TRY
2017-01-11,4.47,4.57,4.43,4.56,6273163,TRY
2017-01-12,4.58,4.71,4.58,4.65,6115540,TRY
2017-01-13,4.68,5.0,4.68,4.94,18816068,TRY
2017-01-16,5.05,5.36,5.05,5.24,17703860,TRY
2017-01-17,5.28,5.3,5.1,5.11,4578211,TRY
2017-01-18,5.11,5.19,5.01,5.01,5538835,TRY
2017-01-19,5.03,5.07,4.81,4.85,8800144,TRY
2017-01-20,4.86,4.92,4.84,4.86,3885905,TRY
2017-01-23,4.9,4.98,4.88,4.88,4809456,TRY
2017-01-24,4.9,4.9,4.83,4.85,3565599,TRY
2017-01-25,4.92,4.98,4.87,4.87,5162716,TRY
2017-01-26,4.92,4.93,4.85,4.88,2545714,TRY
2017-01-27,4.85,4.87,4.78,4.78,3437141,TRY
2017-01-30,4.75,4.9,4.74,4.87,4135705,TRY
2017-01-31,4.88,4.95,4.86,4.86,4463917,TRY
2017-02-01,4.88,4.94,4.84,4.9,5073361,TRY
2017-02-02,4.94,5.02,4.91,4.96,10753698,TRY
2017-02-03,4.96,5.06,4.93,4.96,12116216,TRY
2017-02-06,4.99,5.0,4.83,4.84,5338674,TRY
2017-02-07,4.84,4.87,4.8,4.84,3424902,TRY
2017-02-08,4.85,4.91,4.85,4.88,2527746,TRY
2017-02-09,4.92,4.92,4.85,4.89,2585465,TRY
2017-02-10,4.9,4.91,4.83,4.83,3232433,TRY
2017-02-13,4.89,4.9,4.85,4.89,2134030,TRY
2017-02-14,4.91,4.91,4.84,4.85,1737705,TRY
2017-02-15,4.92,5.02,4.89,5.0,10062961,TRY
2017-02-16,5.04,5.09,5.01,5.02,11184016,TRY
2017-02-17,5.02,5.06,4.95,4.95,4437480,TRY
2017-02-20,4.97,5.01,4.93,4.94,4327096,TRY
2017-02-21,4.94,4.96,4.9,4.9,3207763,TRY
2017-02-22,4.91,4.94,4.87,4.88,2325052,TRY
2017-02-23,4.9,4.95,4.89,4.93,2790223,TRY
2017-02-24,4.94,4.98,4.91,4.93,3546325,TRY
2017-02-27,4.95,4.98,4.93,4.94,3366241,TRY
2017-02-28,4.96,4.99,4.93,4.94,3525536,TRY
2017-03-01,4.96,5.0,4.95,4.99,5457706,TRY
2017-03-02,5.0,5.05,4.95,4.95,7380124,TRY
2017-03-03,4.95,4.95,4.9,4.91,2704551,TRY
2017-03-06,4.92,4.95,4.91,4.91,2324599,TRY
2017-03-07,4.93,4.94,4.89,4.89,2019924,TRY
2017-03-08,4.9,4.91,4.82,4.83,1842944,TRY
2017-03-09,4.83,4.84,4.76,4.77,1818108,TRY
2017-03-10,4.78,4.79,4.71,4.73,1926762,TRY
2017-03-13,4.72,4.74,4.62,4.62,1951162,TRY
2017-03-14,4.55,4.56,4.46,4.53,5227191,TRY
2017-03-15,4.53,4.57,4.52,4.52,3008146,TRY
2017-03-16,4.56,4.58,4.48,4.49,4200624,TRY
2017-03-17,4.5,4.52,4.45,4.45,4391506,TRY
2017-03-20,4.45,4.57,4.44,4.57,4111280,TRY
2017-03-21,4.58,4.72,4.57,4.71,8251046,TRY
2017-03-22,4.71,4.72,4.6,4.66,2522188,TRY
2017-03-23,4.68,4.73,4.62,4.65,4122334,TRY
2017-03-24,4.66,4.67,4.63,4.64,1542172,TRY
2017-03-27,4.65,4.68,4.61,4.62,1069073,TRY
2017-03-28,4.64,4.65,4.6,4.6,1253543,TRY
2017-03-29,4.56,4.58,4.5,4.51,1796466,TRY
2017-03-30,4.51,4.6,4.51,4.56,2737540,TRY
2017-03-31,4.57,4.62,4.55,4.56,2535587,TRY
2017-04-03,4.58,4.67,4.57,4.63,4902101,TRY
2017-04-04,4.64,4.77,4.63,4.76,6197735,TRY
2017-04-05,4.76,4.78,4.7,4.73,4157388,TRY
2017-04-06,4.7,4.75,4.68,4.69,3380518,TRY
2017-04-07,4.67,4.75,4.64,4.64,2060491,TRY
2017-04-10,4.69,4.86,4.68,4.82,12674349,TRY
2017-04-11,4.82,4.83,4.72,4.72,3275970,TRY
2017-04-12,4.75,4.78,4.68,4.74,5405601,TRY
2017-04-13,4.75,4.79,4.64,4.64,3373063,TRY
2017-04-14,4.64,4.66,4.61,4.62,1416842,TRY
2017-04-17,4.69,4.73,4.65,4.73,2629939,TRY
2017-04-18,4.72,4.76,4.7,4.72,3379147,TRY
2017-04-19,4.74,4.89,4.73,4.86,9695202,TRY
2017-04-20,4.9,4.97,4.86,4.94,6396614,TRY
2017-04-21,4.97,5.0,4.85,4.86,2927783,TRY
2017-04-24,4.88,4.96,4.86,4.93,3594053,TRY
2017-04-25,4.96,4.96,4.82,4.88,3225617,TRY
2017-04-26,4.89,4.9,4.82,4.82,1653441,TRY
2017-04-27,4.84,4.92,4.83,4.83,2394719,TRY
2017-04-28,4.85,4.9,4.83,4.88,1879282,TRY
2017-05-02,4.9,4.95,4.89,4.91,3361074,TRY
2017-05-03,4.92,5.12,4.92,5.07,17489334,TRY
2017-05-04,5.1,5.16,4.99,5.02,5740509,TRY
2017-05-05,5.08,5.13,5.03,5.07,5058453,TRY
2017-05-08,5.09,5.17,5.06,5.09,6898986,TRY
2017-05-09,5.08,5.26,5.04,5.26,9404236,TRY
2017-05-10,5.24,5.32,5.17,5.17,10196130,TRY
2017-05-11,5.04,5.04,4.89,4.91,15020290,TRY
2017-05-12,4.92,4.94,4.87,4.9,4702954,TRY
2017-05-15,4.93,4.94,4.85,4.86,3364352,TRY
2017-05-16,4.86,4.88,4.8,4.8,4023610,TRY
2017-05-17,4.8,4.87,4.76,4.77,5047896,TRY
2017-05-18,4.77,4.78,4.68,4.7,4243185,TRY
2017-05-22,4.73,4.86,4.73,4.85,3880356,TRY
2017-05-23,4.85,4.88,4.82,4.84,2750179,TRY
2017-05-24,4.84,4.92,4.83,4.85,5546251,TRY
2017-05-25,4.86,4.93,4.84,4.86,3777406,TRY
2017-05-26,4.87,4.89,4.8,4.81,2370530,TRY
2017-05-29,4.83,4.86,4.82,4.84,1741872,TRY
2017-05-30,4.85,4.9,4.85,4.86,2770450,TRY
2017-05-31,4.88,4.9,4.86,4.86,2909649,TRY
2017-06-01,4.87,4.89,4.85,4.85,2208698,TRY
2017-06-02,4.87,4.92,4.86,4.88,5779716,TRY
2017-06-05,4.89,4.95,4.86,4.88,9541519,TRY
2017-06-06,4.88,4.91,4.85,4.86,3152600,TRY
2017-06-07,4.87,4.89,4.79,4.79,3514886,TRY
2017-06-08,4.81,4.83,4.77,4.77,2243872,TRY
2017-06-09,4.78,4.85,4.78,4.81,3563990,TRY
2017-06-12,4.83,4.86,4.81,4.82,2984915,TRY
2017-06-13,4.83,4.86,4.82,4.84,3373965,TRY
2017-06-14,4.85,4.95,4.85,4.95,8886343,TRY
2017-06-15,4.95,4.99,4.89,4.91,6207946,TRY
2017-06-16,4.93,4.95,4.84,4.84,2958614,TRY
2017-06-19,4.87,4.91,4.86,4.87,2856455,TRY
2017-06-20,4.89,4.91,4.87,4.88,4125541,TRY
2017-06-21,4.89,4.95,4.88,4.9,6465482,TRY
2017-06-22,4.91,4.93,4.89,4.91,2570943,TRY
2017-06-23,4.92,4.98,4.9,4.92,9315988,TRY
2017-06-28,4.92,4.95,4.92,4.93,2496587,TRY
2017-06-29,4.94,4.98,4.92,4.94,6379669,TRY
2017-06-30,4.95,5.02,4.95,4.99,8577691,TRY
2017-07-03,5.01,5.21,5.01,5.16,23777552,TRY
2017-07-04,5.17,5.2,5.09,5.11,7715768,TRY
2017-07-05,5.12,5.15,5.02,5.03,6768225,TRY
2017-07-06,5.03,5.08,4.97,5.0,7244754,TRY
2017-07-07,5.02,5.03,4.98,4.98,4248209,TRY
2017-07-10,5.02,5.07,5.01,5.06,5207473,TRY
2017-07-11,5.09,5.12,5.06,5.06,6364085,TRY
2017-07-12,5.08,5.15,5.04,5.15,7227120,TRY
2017-07-13,5.15,5.16,5.07,5.07,8340687,TRY
2017-07-14,5.09,5.12,5.07,5.07,2801161,TRY
2017-07-17,5.08,5.09,5.03,5.06,4718939,TRY
2017-07-18,5.06,5.07,4.99,5.0,5623670,TRY
2017-07-19,5.02,5.08,5.01,5.05,5110480,TRY
2017-07-20,5.08,5.1,5.02,5.03,5335220,TRY
2017-07-21,5.03,5.07,5.01,5.03,3263419,TRY
2017-07-24,5.06,5.12,5.04,5.09,6566183,TRY
2017-07-25,5.11,5.14,5.1,5.1,5841513,TRY
2017-07-26,5.11,5.25,5.11,5.2,24584648,TRY
2017-07-27,5.22,5.25,5.17,5.18,6233000,TRY
2017-07-28,5.18,5.2,5.16,5.16,5519419,TRY
2017-07-31,5.18,5.37,5.18,5.37,16840098,TRY
2017-08-01,5.4,5.47,5.32,5.33,12424011,TRY
2017-08-02,5.36,5.39,5.31,5.32,5689207,TRY
2017-08-03,5.34,5.38,5.31,5.31,4636326,TRY
2017-08-04,5.33,5.41,5.32,5.36,5058498,TRY
2017-08-07,5.38,5.41,5.31,5.33,5073826,TRY
2017-08-08,5.34,5.36,5.25,5.27,3996603,TRY
2017-08-09,5.25,5.25,5.14,5.14,4030633,TRY
2017-08-10,5.16,5.18,5.03,5.04,4799838,TRY
2017-08-11,5.03,5.08,4.89,5.02,8710498,TRY
2017-08-14,5.06,5.13,5.04,5.13,5128373,TRY
2017-08-15,5.16,5.23,5.06,5.1,11140825,TRY
2017-08-16,5.12,5.17,4.94,5.08,5257711,TRY
2017-08-17,5.11,5.12,5.04,5.05,2493706,TRY
2017-08-18,5.02,5.06,4.97,5.05,1883770,TRY
2017-08-21,5.08,5.19,5.05,5.13,4045262,TRY
2017-08-22,5.15,5.16,4.98,5.04,6013078,TRY
2017-08-23,5.05,5.09,5.04,5.04,1805408,TRY
2017-08-24,5.06,5.1,4.98,4.99,4686136,TRY
2017-08-25,4.99,5.06,4.99,5.02,2621190,TRY
2017-08-28,5.03,5.09,5.02,5.04,4527051,TRY
2017-08-29,5.03,5.06,5.01,5.04,2183098,TRY
2017-08-31,5.05,5.05,5.02,5.03,672675,TRY
2017-09-05,5.05,5.15,5.04,5.1,7294141,TRY
2017-09-06,5.12,5.17,5.09,5.14,3921728,TRY
2017-09-07,5.14,5.22,5.13,5.16,5445957,TRY
2017-09-08,5.17,5.18,5.08,5.08,3343438,TRY
2017-09-11,5.09,5.13,5.08,5.09,3129869,TRY
2017-09-12,5.1,5.22,5.1,5.19,8332601,TRY
2017-09-13,5.21,5.55,5.21,5.38,42882352,TRY
2017-09-14,5.39,5.4,5.25,5.26,12399488,TRY
2017-09-15,5.26,5.34,5.25,5.27,4189231,TRY
2017-09-18,5.27,5.33,5.17,5.18,6285239,TRY
2017-09-19,5.19,5.2,4.98,4.98,7609179,TRY
2017-09-20,5.0,5.02,4.86,4.92,5382352,TRY
2017-09-21,4.88,4.91,4.76,4.78,5054990,TRY
2017-09-22,4.81,4.84,4.78,4.79,3967421,TRY
2017-09-25,4.78,4.78,4.56,4.6,3900042,TRY
2017-09-26,4.63,4.72,4.63,4.71,2675080,TRY
2017-09-27,4.71,4.73,4.59,4.61,3934565,TRY
2017-09-28,4.63,4.68,4.6,4.65,2513621,TRY
2017-09-29,4.67,4.7,4.64,4.65,2791591,TRY
2017-10-02,4.65,4.72,4.64,4.71,3698013,TRY
2017-10-03,4.72,4.77,4.7,4.71,6926486,TRY
2017-10-04,4.74,4.9,4.71,4.77,19599644,TRY
2017-10-05,4.78,4.81,4.74,4.74,3185605,TRY
2017-10-06,4.73,4.82,4.7,4.76,4266641,TRY
2017-10-09,4.51,4.56,4.36,4.52,3224776,TRY
2017-10-10,4.58,4.64,4.57,4.62,3433913,TRY
2017-10-11,4.62,4.67,4.58,4.61,3865000,TRY
2017-10-12,4.65,4.7,4.62,4.66,5071184,TRY
2017-10-13,4.67,4.69,4.64,4.64,3670400,TRY
2017-10-16,4.66,4.7,4.65,4.66,3213475,TRY
2017-10-17,4.69,4.77,4.66,4.72,4661591,TRY
2017-10-18,4.75,4.76,4.69,4.69,2991787,TRY
2017-10-19,4.71,4.77,4.7,4.73,5381974,TRY
2017-10-20,4.75,4.78,4.71,4.73,4782620,TRY
2017-10-23,4.71,4.72,4.66,4.66,1897252,TRY
2017-10-24,4.67,4.7,4.61,4.63,2768249,TRY
2017-10-25,4.63,4.67,4.63,4.66,2233010,TRY
2017-10-26,4.66,4.67,4.62,4.62,2309974,TRY
2017-10-27,4.61,4.65,4.58,4.6,2105996,TRY
2017-10-30,4.66,4.72,4.64,4.67,3307071,TRY
2017-10-31,4.7,4.77,4.67,4.72,6321507,TRY
2017-11-01,4.74,4.87,4.74,4.81,7518965,TRY
2017-11-02,4.86,4.87,4.75,4.75,4164689,TRY
2017-11-03,4.77,4.82,4.69,4.7,3502671,TRY
2017-11-06,4.74,4.78,4.71,4.76,2256597,TRY
2017-11-07,4.79,4.8,4.67,4.67,2623212,TRY
2017-11-08,4.71,4.74,4.67,4.68,2631822,TRY
2017-11-09,4.71,4.73,4.64,4.65,2550602,TRY
2017-11-10,4.56,4.6,4.5,4.52,2532907,TRY
2017-11-13,4.56,4.56,4.45,4.46,2170586,TRY
2017-11-14,4.47,4.47,4.39,4.43,2412349,TRY
2017-11-15,4.43,4.47,4.36,4.37,1616066,TRY
2017-11-16,4.38,4.41,4.29,4.3,2107050,TRY
2017-11-17,4.33,4.34,4.16,4.21,2004186,TRY
2017-11-20,4.22,4.23,4.03,4.05,2146733,TRY
2017-11-21,4.0,4.07,3.94,4.02,4163213,TRY
2017-11-22,4.04,4.07,3.95,4.02,3689086,TRY
2017-11-23,4.04,4.07,3.97,3.97,4208863,TRY
2017-11-24,3.96,3.98,3.9,3.92,2174596,TRY
2017-11-27,3.93,3.97,3.9,3.92,1947234,TRY
2017-11-28,3.92,3.97,3.66,3.66,5039824,TRY
2017-11-29,3.67,3.7,3.54,3.56,3799180,TRY
2017-11-30,3.59,3.67,3.58,3.64,2507229,TRY
2017-12-01,3.66,4.02,3.65,3.76,8173623,TRY
2017-12-04,3.78,3.89,3.77,3.85,3171089,TRY
2017-12-05,3.87,3.95,3.86,3.88,3195509,TRY
2017-12-06,3.88,3.91,3.81,3.82,1696808,TRY
2017-12-07,3.83,3.87,3.82,3.85,1736028,TRY
2017-12-08,3.87,3.9,3.85,3.88,2606628,TRY
2017-12-11,3.91,3.96,3.9,3.93,3861356,TRY
2017-12-12,3.95,3.97,3.91,3.92,3562837,TRY
2017-12-13,3.93,3.95,3.85,3.86,2277418,TRY
2017-12-14,3.88,3.91,3.87,3.9,1784410,TRY
2017-12-15,3.9,3.96,3.88,3.93,2834982,TRY
2017-12-18,3.96,4.06,3.95,4.04,8395277,TRY
2017-12-19,4.06,4.11,4.03,4.03,5481336,TRY
2017-12-20,4.04,4.07,4.02,4.02,1996797,TRY
2017-12-21,4.04,4.08,4.02,4.02,3342527,TRY
2017-12-22,4.04,4.07,4.02,4.03,2011189,TRY
2017-12-25,4.06,4.07,4.04,4.05,1447043,TRY
2017-12-26,4.07,4.14,4.07,4.11,3998272,TRY
2017-12-27,4.14,4.17,4.09,4.11,3455873,TRY
2017-12-28,4.14,4.28,4.13,4.26,9248502,TRY
2017-12-29,4.26,4.31,4.22,4.23,3417024,TRY
2018-01-02,4.2,4.32,4.15,4.28,5504560,TRY
2018-01-03,4.28,4.32,4.18,4.23,4027695,TRY
2018-01-04,4.2,4.37,4.2,4.32,5660593,TRY
2018-01-05,4.34,4.4,4.33,4.39,4202131,TRY
2018-01-08,4.42,4.45,4.35,4.39,2602549,TRY
2018-01-09,4.4,4.41,4.31,4.33,2635647,TRY
2018-01-10,4.34,4.34,4.2,4.24,2317405,TRY
2018-01-11,4.28,4.37,4.24,4.35,2358784,TRY
2018-01-12,4.37,4.39,4.34,4.36,2760231,TRY
2018-01-15,4.37,4.5,4.27,4.28,10134731,TRY
2018-01-16,4.28,4.39,4.21,4.37,5373351,TRY
2018-01-17,4.37,4.43,4.33,4.41,4161444,TRY
2018-01-18,4.44,4.44,4.36,4.37,2681896,TRY
2018-01-19,4.36,4.39,4.22,4.25,2163821,TRY
2018-01-22,4.25,4.37,4.24,4.35,2259875,TRY
2018-01-23,4.38,4.42,4.37,4.41,1785312,TRY
2018-01-24,4.43,4.45,4.4,4.43,2809555,TRY
2018-01-25,4.45,4.45,4.31,4.32,3064058,TRY
2018-01-26,4.34,4.55,4.32,4.51,7797328,TRY
2018-01-29,4.54,4.58,4.53,4.57,4933179,TRY
2018-01-30,4.56,4.6,4.5,4.5,2250186,TRY
2018-01-31,4.55,4.56,4.5,4.5,2494388,TRY
2018-02-01,4.52,4.58,4.51,4.51,3423266,TRY
2018-02-02,4.53,4.55,4.41,4.43,2264662,TRY
2018-02-05,4.41,4.46,4.35,4.46,2112367,TRY
2018-02-06,4.37,4.44,4.3,4.39,2294727,TRY
2018-02-07,4.5,4.67,4.42,4.65,5199976,TRY
2018-02-08,4.66,4.68,4.45,4.48,4791523,TRY
2018-02-09,4.42,4.48,4.35,4.44,2447898,TRY
2018-02-12,4.5,4.53,4.46,4.47,1815795,TRY
2018-02-13,4.49,4.49,4.35,4.39,1661921,TRY
2018-02-14,4.43,4.43,4.35,4.38,2714450,TRY
2018-02-15,4.42,4.55,4.42,4.52,6010171,TRY
2018-02-16,4.53,4.58,4.48,4.51,3614356,TRY
2018-02-19,4.54,4.55,4.41,4.44,2398837,TRY
2018-02-20,4.45,4.52,4.37,4.39,2296486,TRY
2018-02-21,4.48,4.52,4.45,4.5,2656334,TRY
2018-02-22,4.49,4.62,4.49,4.6,4267081,TRY
2018-02-23,4.6,4.69,4.56,4.57,6959712,TRY
2018-02-26,4.6,4.61,4.54,4.56,1772026,TRY
2018-02-27,4.58,4.58,4.52,4.55,1825717,TRY
2018-02-28,4.52,4.55,4.5,4.53,728019,TRY
2018-03-01,4.52,4.54,4.35,4.39,5228197,TRY
2018-03-02,4.39,4.41,4.31,4.33,1715228,TRY
2018-03-05,4.34,4.35,4.26,4.3,1433804,TRY
2018-03-06,4.32,4.33,4.26,4.26,1230466,TRY
2018-03-07,4.24,4.4,4.23,4.38,2403404,TRY
2018-03-08,4.38,4.42,4.32,4.38,1734051,TRY
2018-03-09,4.44,4.45,4.36,4.39,1608350,TRY
2018-03-12,4.41,4.44,4.36,4.41,2797315,TRY
2018-03-13,4.46,4.48,4.35,4.36,3421445,TRY
2018-03-14,4.35,4.44,4.33,4.35,4141382,TRY
2018-03-15,4.36,4.38,4.3,4.3,1680392,TRY
2018-03-16,4.32,4.32,4.26,4.28,1509969,TRY
2018-03-19,4.27,4.27,4.15,4.15,2161153,TRY
2018-03-20,4.16,4.2,4.1,4.14,2491905,TRY
2018-03-21,4.16,4.2,4.14,4.15,973170,TRY
2018-03-22,4.17,4.21,4.11,4.12,2165343,TRY
2018-03-23,4.03,4.1,4.03,4.08,1216480,TRY
2018-03-26,4.09,4.12,4.07,4.08,1704078,TRY
2018-03-27,4.12,4.16,4.1,4.12,1349357,TRY
2018-03-28,4.1,4.18,4.09,4.14,2539860,TRY
2018-03-29,4.14,4.21,4.12,4.19,2448861,TRY
2018-03-30,4.21,4.22,4.11,4.15,1643155,TRY
2018-04-02,4.19,4.19,4.13,4.14,562368,TRY
2018-04-03,4.15,4.16,4.09,4.11,1341434,TRY
2018-04-04,4.1,4.12,4.07,4.09,995121,TRY
2018-04-05,4.09,4.13,4.07,4.07,1242043,TRY
2018-04-06,4.07,4.11,4.06,4.1,1493718,TRY
2018-04-09,4.12,4.16,4.07,4.07,1807474,TRY
2018-04-10,4.09,4.09,3.93,3.99,1442982,TRY
2018-04-11,3.99,4.02,3.74,3.86,1366745,TRY
2018-04-12,3.87,3.94,3.82,3.9,1081746,TRY
2018-04-13,3.92,3.93,3.88,3.89,577372,TRY
2018-04-16,3.9,3.94,3.89,3.91,1033237,TRY
2018-04-17,3.93,3.96,3.79,3.8,2082717,TRY
2018-04-18,3.8,3.88,3.71,3.87,2448679,TRY
2018-04-19,3.88,3.95,3.88,3.91,2742972,TRY
2018-04-20,3.92,3.94,3.88,3.94,1557429,TRY
2018-04-24,3.94,3.97,3.92,3.93,1388442,TRY
2018-04-25,3.93,3.95,3.76,3.78,1188838,TRY
2018-04-26,3.81,3.83,3.74,3.79,1030560,TRY
2018-04-27,3.8,3.86,3.79,3.86,1099109,TRY
2018-04-30,3.86,3.87,3.75,3.85,905642,TRY
2018-05-02,3.79,3.84,3.65,3.73,1704269,TRY
2018-05-03,3.71,3.72,3.62,3.66,1392022,TRY
2018-05-04,3.62,3.67,3.57,3.6,1182498,TRY
2018-05-07,3.6,3.6,3.5,3.52,1014324,TRY
2018-05-08,3.52,3.53,3.27,3.36,1842306,TRY
2018-05-09,3.34,3.36,3.19,3.32,1340772,TRY
2018-05-10,3.32,3.35,3.25,3.31,1383099,TRY
2018-05-11,3.3,3.37,3.25,3.26,1804463,TRY
2018-05-14,3.27,3.33,3.26,3.31,991880,TRY
2018-05-15,3.28,3.34,3.26,3.3,1428819,TRY
2018-05-16,3.3,3.42,3.28,3.39,2553435,TRY
2018-05-17,3.39,3.39,3.33,3.33,506795,TRY
2018-05-18,3.33,3.4,3.31,3.4,1110779,TRY
2018-05-21,3.4,3.46,3.38,3.41,1169740,TRY
2018-05-22,3.4,3.43,3.39,3.43,1095712,TRY
2018-05-23,3.41,3.42,3.32,3.35,705109,TRY
2018-05-24,3.38,3.42,3.25,3.27,782233,TRY
2018-05-25,3.28,3.32,3.27,3.32,710190,TRY
2018-05-28,3.35,3.43,3.33,3.41,975481,TRY
2018-05-29,3.4,3.43,3.35,3.36,848358,TRY
2018-05-30,3.37,3.41,3.31,3.34,1433484,TRY
2018-05-31,3.35,3.36,3.19,3.19,1920401,TRY
2018-06-01,3.21,3.22,3.06,3.11,1407652,TRY
2018-06-04,3.11,3.18,3.09,3.11,1020724,TRY
2018-06-05,3.13,3.18,3.11,3.15,1626540,TRY
2018-06-06,3.16,3.26,3.07,3.26,2103369,TRY
2018-06-07,3.25,3.43,3.23,3.34,2258759,TRY
2018-06-08,3.32,3.36,3.27,3.3,681926,TRY
2018-06-11,3.29,3.36,3.21,3.33,544393,TRY
2018-06-12,3.3,3.36,3.3,3.31,400533,TRY
2018-06-13,3.3,3.35,3.29,3.32,537610,TRY
2018-06-14,3.3,3.37,3.29,3.32,341114,TRY
2018-06-18,3.31,3.39,3.25,3.27,677815,TRY
2018-06-19,3.27,3.37,3.26,3.35,762284,TRY
2018-06-20,3.33,3.39,3.32,3.33,756973,TRY
2018-06-21,3.33,3.4,3.32,3.36,558199,TRY
2018-06-22,3.36,3.38,3.31,3.37,627842,TRY
2018-06-25,3.5,3.54,3.36,3.38,810052,TRY
2018-06-26,3.36,3.41,3.34,3.38,585665,TRY
2018-06-27,3.38,3.49,3.37,3.46,978171,TRY
2018-06-28,3.46,3.54,3.45,3.5,807195,TRY
2018-06-29,3.51,3.6,3.5,3.54,835188,TRY
2018-07-02,3.54,3.62,3.5,3.56,594677,TRY
2018-07-03,3.66,3.88,3.66,3.68,5044953,TRY
2018-07-04,3.7,3.7,3.62,3.65,1063019,TRY
2018-07-05,3.67,3.73,3.66,3.69,954728,TRY
2018-07-06,3.71,3.72,3.62,3.68,617115,TRY
2018-07-09,3.7,3.76,3.66,3.68,882608,TRY
2018-07-10,3.59,3.72,3.57,3.68,1080671,TRY
2018-07-11,3.56,3.63,3.3,3.3,1005895,TRY
2018-07-12,3.28,3.34,3.2,3.24,1025982,TRY
2018-07-13,3.28,3.32,3.22,3.25,578664,TRY
2018-07-16,3.3,3.31,3.23,3.24,439792,TRY
2018-07-17,3.25,3.4,3.24,3.4,612646,TRY
2018-07-18,3.41,3.45,3.31,3.36,611858,TRY
2018-07-19,3.4,3.41,3.34,3.37,406182,TRY
2018-07-20,3.38,3.44,3.36,3.4,474136,TRY
2018-07-23,3.43,3.49,3.41,3.45,738208,TRY
2018-07-24,3.47,3.47,3.29,3.32,617134,TRY
2018-07-25,3.32,3.44,3.31,3.44,391947,TRY
2018-07-26,3.42,3.52,3.36,3.4,1076477,TRY
2018-07-27,3.4,3.53,3.35,3.53,1075567,TRY
2018-07-30,3.5,3.66,3.47,3.53,2252852,TRY
2018-07-31,3.55,3.58,3.52,3.55,735850,TRY
2018-08-01,3.56,3.58,3.5,3.51,393502,TRY
2018-08-02,3.44,3.45,3.33,3.33,584085,TRY
2018-08-03,3.33,3.42,3.33,3.41,378108,TRY
2018-08-06,3.41,3.45,3.34,3.39,526985,TRY
2018-08-07,3.38,3.47,3.35,3.41,1108332,TRY
2018-08-08,3.42,3.44,3.37,3.42,415621,TRY
2018-08-09,3.4,3.49,3.37,3.39,965382,TRY
2018-08-10,3.34,3.38,3.05,3.2,1854237,TRY
2018-08-13,3.14,3.2,3.05,3.12,1922972,TRY
2018-08-14,3.14,3.26,3.14,3.17,1337971,TRY
2018-08-15,3.21,3.22,3.07,3.08,1411979,TRY
2018-08-16,3.12,3.13,3.05,3.09,741318,TRY
2018-08-17,3.09,3.12,2.96,2.99,817194,TRY
2018-08-20,3.0,3.04,2.98,2.98,331097,TRY
2018-08-27,2.99,3.01,2.95,2.97,854664,TRY
2018-08-28,2.97,3.1,2.96,3.09,1097889,TRY
2018-08-29,3.07,3.12,3.01,3.05,852049,TRY
2018-08-31,3.04,3.08,3.0,3.01,831867,TRY
2018-09-03,3.01,3.14,3.01,3.1,997606,TRY
2018-09-04,3.11,3.16,3.07,3.08,612980,TRY
2018-09-05,3.08,3.1,3.02,3.05,640490,TRY
2018-09-06,3.06,3.09,3.02,3.03,666722,TRY
2018-09-07,3.03,3.08,3.02,3.02,1268066,TRY
2018-09-10,3.03,3.06,2.94,2.94,750414,TRY
2018-09-11,2.95,3.1,2.91,3.01,2795680,TRY
2018-09-12,3.02,3.03,2.92,2.94,684829,TRY
2018-09-13,2.95,2.99,2.88,2.97,1362363,TRY
2018-09-14,2.99,3.04,2.98,2.99,1235627,TRY
2018-09-17,3.0,3.03,2.97,2.98,753222,TRY
2018-09-18,3.0,3.07,3.0,3.04,1193359,TRY
2018-09-19,3.04,3.1,3.03,3.09,1418605,TRY
2018-09-20,3.11,3.12,3.04,3.05,1444892,TRY
2018-09-21,3.08,3.1,3.05,3.07,845979,TRY
2018-09-24,3.09,3.17,3.07,3.14,3533203,TRY
2018-09-25,3.16,3.17,3.07,3.09,1578814,TRY
2018-09-26,3.08,3.09,3.0,3.03,939799,TRY
2018-09-27,3.05,3.21,3.03,3.09,5916711,TRY
2018-09-28,3.1,3.12,3.06,3.09,1643091,TRY
2018-10-01,3.1,3.14,3.07,3.07,937547,TRY
2018-10-02,3.05,3.07,3.01,3.02,808882,TRY
2018-10-03,3.02,3.03,2.95,2.96,1157049,TRY
2018-10-04,2.96,2.96,2.73,2.76,1161133,TRY
2018-10-05,2.8,2.8,2.7,2.78,1391058,TRY
2018-10-08,2.78,2.83,2.75,2.82,829136,TRY
2018-10-09,2.83,2.91,2.81,2.83,2012628,TRY
2018-10-10,2.86,2.91,2.79,2.81,2404102,TRY
2018-10-11,2.82,2.82,2.78,2.8,602861,TRY
2018-10-12,2.82,2.84,2.73,2.81,1710990,TRY
2018-10-15,2.83,2.9,2.8,2.88,2521071,TRY
2018-10-16,2.89,2.93,2.86,2.88,1335784,TRY
2018-10-17,2.91,3.26,2.89,3.21,13429479,TRY
2018-10-18,3.21,3.49,3.21,3.38,15587058,TRY
2018-10-19,3.42,3.46,3.19,3.2,4462416,TRY
2018-10-22,3.24,3.27,3.14,3.18,2432340,TRY
2018-10-23,3.16,3.16,2.95,3.1,4002119,TRY
2018-10-24,3.12,3.24,3.02,3.05,5639314,TRY
2018-10-25,3.04,3.11,3.01,3.1,2068985,TRY
2018-10-26,3.11,3.12,2.98,2.99,1330079,TRY
2018-10-30,3.01,3.07,2.86,2.96,2475907,TRY
2018-10-31,2.99,3.06,2.9,2.97,1481172,TRY
2018-11-01,3.0,3.01,2.77,2.81,3820429,TRY
2018-11-02,2.84,2.95,2.82,2.87,5100639,TRY
2018-11-05,2.9,2.96,2.85,2.9,3896744,TRY
2018-11-06,2.91,2.97,2.88,2.89,3170662,TRY
2018-11-07,2.91,2.97,2.89,2.93,1468074,TRY
2018-11-08,2.95,2.96,2.83,2.85,954934,TRY
2018-11-09,2.86,2.89,2.78,2.82,966484,TRY
2018-11-12,2.82,2.83,2.76,2.77,1420730,TRY
2018-11-13,2.77,2.83,2.76,2.77,1049395,TRY
2018-11-14,2.77,2.93,2.74,2.89,2555834,TRY
2018-11-15,2.9,2.96,2.84,2.86,2036570,TRY
2018-11-16,2.89,2.91,2.86,2.87,578787,TRY
2018-11-19,2.88,2.93,2.86,2.9,1414009,TRY
2018-11-20,2.91,2.91,2.79,2.8,1319815,TRY
2018-11-21,2.81,2.83,2.77,2.79,783630,TRY
2018-11-22,2.8,2.89,2.76,2.84,2116721,TRY
2018-11-23,2.84,2.91,2.81,2.83,1817200,TRY
2018-11-26,2.85,2.88,2.84,2.84,1002047,TRY
2018-11-27,2.84,2.96,2.83,2.94,4768769,TRY
2018-11-28,2.96,2.99,2.92,2.93,4128355,TRY
2018-11-29,2.95,2.96,2.9,2.9,1252649,TRY
2018-11-30,2.91,2.93,2.88,2.89,1033349,TRY
2018-12-03,2.93,2.97,2.91,2.93,1746397,TRY
2018-12-04,2.93,3.05,2.92,2.97,4723898,TRY
2018-12-05,2.97,3.03,2.97,3.01,2496457,TRY
2018-12-06,3.01,3.06,2.96,2.99,2797674,TRY
2018-12-07,3.03,3.04,2.96,2.98,1757043,TRY
2018-12-10,2.98,3.01,2.95,2.98,1161148,TRY
2018-12-11,2.99,3.02,2.97,2.98,2169693,TRY
2018-12-12,2.99,3.02,2.85,2.9,2307967,TRY
2018-12-13,2.93,2.93,2.86,2.89,907864,TRY
2018-12-14,2.88,2.91,2.83,2.85,621290,TRY
2018-12-17,2.86,2.88,2.79,2.8,1157705,TRY
2018-12-18,2.79,2.8,2.75,2.78,962847,TRY
2018-12-19,2.8,2.85,2.78,2.83,1046595,TRY
2018-12-20,2.82,2.86,2.8,2.83,1348181,TRY
2018-12-21,2.82,3.08,2.81,3.08,5939307,TRY
2018-12-24,3.1,3.2,3.08,3.18,5386969,TRY
2018-12-25,3.17,3.2,3.04,3.13,3177919,TRY
2018-12-26,3.12,3.14,3.02,3.05,1386474,TRY
2018-12-27,3.07,3.26,2.95,2.97,26890952,TRY
2018-12-28,2.98,3.08,2.96,3.0,4351538,TRY
2018-12-31,3.0,3.03,2.95,2.96,1245856,TRY
2019-01-02,2.97,2.98,2.84,2.84,1951457,TRY
2019-01-03,2.8,2.84,2.68,2.7,2010254,TRY
2019-01-04,2.72,2.74,2.66,2.73,1829656,TRY
2019-01-07,2.74,2.78,2.73,2.73,1078191,TRY
2019-01-08,2.74,2.77,2.7,2.73,1137179,TRY
2019-01-09,2.74,2.77,2.73,2.74,1217915,TRY
2019-01-10,2.75,2.76,2.72,2.73,1078184,TRY
2019-01-11,2.74,2.82,2.73,2.77,1903286,TRY
2019-01-14,2.74,2.77,2.72,2.77,1090716,TRY
2019-01-15,2.78,2.82,2.76,2.79,1457387,TRY
2019-01-16,2.79,2.84,2.77,2.83,1648458,TRY
2019-01-17,2.83,2.91,2.82,2.9,2464946,TRY
2019-01-18,2.93,2.97,2.89,2.93,2607260,TRY
2019-01-21,2.93,2.98,2.89,2.91,3222365,TRY
2019-01-22,2.92,3.01,2.91,2.96,4644063,TRY
2019-01-23,2.98,3.02,2.96,3.01,2786410,TRY
2019-01-24,3.01,3.13,2.99,3.11,6662619,TRY
2019-01-25,3.14,3.2,3.04,3.16,5969125,TRY
2019-01-28,3.17,3.21,3.11,3.11,2706929,TRY
2019-01-29,3.09,3.17,3.08,3.16,2136125,TRY
2019-01-30,3.18,3.33,3.14,3.31,6443381,TRY
2019-01-31,3.33,3.37,3.18,3.2,3642324,TRY
2019-02-01,3.25,3.31,3.2,3.25,2171609,TRY
2019-02-04,3.28,3.44,3.26,3.42,4631678,TRY
2019-02-05,3.43,3.43,3.26,3.28,2467697,TRY
2019-02-06,3.3,3.32,3.21,3.23,1420977,TRY
2019-02-07,3.24,3.26,3.15,3.17,1448709,TRY
2019-02-08,3.15,3.24,3.15,3.21,1090318,TRY
2019-02-11,3.23,3.28,3.21,3.24,1249460,TRY
2019-02-12,3.24,3.3,3.22,3.24,1125196,TRY
2019-02-13,3.27,3.28,3.12,3.12,787315,TRY
2019-02-14,3.12,3.15,3.0,3.12,838535,TRY
2019-02-15,3.12,3.23,3.11,3.19,1001723,TRY
2019-02-18,3.2,3.27,3.16,3.17,1274249,TRY
2019-02-19,3.12,3.19,3.09,3.12,870217,TRY
2019-02-20,3.15,3.18,3.11,3.13,804497,TRY
2019-02-21,3.11,3.28,3.11,3.25,2496661,TRY
2019-02-22,3.27,3.31,3.23,3.26,1175065,TRY
2019-02-25,3.28,3.33,3.25,3.26,1542220,TRY
2019-02-26,3.26,3.29,3.25,3.25,800290,TRY
2019-02-27,3.27,3.28,3.23,3.23,769333,TRY
2019-02-28,3.23,3.28,3.22,3.26,1035743,TRY
2019-03-01,3.28,3.28,3.2,3.24,1013116,TRY
2019-03-04,3.24,3.25,3.2,3.2,442454,TRY
2019-03-05,3.19,3.21,3.16,3.2,668638,TRY
2019-03-06,3.24,3.28,3.2,3.26,2120029,TRY
2019-03-07,3.28,3.4,3.25,3.29,6049687,TRY
2019-03-08,3.3,3.32,3.2,3.26,2372026,TRY
2019-03-11,3.28,3.33,3.14,3.15,3413997,TRY
2019-03-12,3.25,3.28,3.06,3.1,4705791,TRY
2019-03-13,3.11,3.12,3.05,3.07,1778278,TRY
2019-03-14,3.06,3.09,3.05,3.08,909807,TRY
2019-03-15,3.09,3.11,3.04,3.05,1662932,TRY
2019-03-18,3.06,3.12,3.05,3.08,2416968,TRY
2019-03-19,3.08,3.15,3.07,3.1,2021504,TRY
2019-03-20,3.1,3.11,3.01,3.03,1465482,TRY
2019-03-21,3.04,3.07,3.0,3.03,910711,TRY
2019-03-22,3.01,3.03,2.86,2.86,2221311,TRY
2019-03-25,2.88,2.91,2.77,2.84,1489199,TRY
2019-03-26,2.86,2.89,2.77,2.81,1025444,TRY
2019-03-27,2.8,2.84,2.65,2.65,2272762,TRY
2019-03-28,2.65,2.73,2.62,2.69,1382994,TRY
2019-03-29,2.7,2.75,2.66,2.73,910965,TRY
2019-04-01,2.72,2.75,2.65,2.72,1416950,TRY
2019-04-02,2.72,2.77,2.71,2.72,1071446,TRY
2019-04-03,2.74,2.77,2.71,2.72,905525,TRY
2019-04-04,2.72,2.81,2.7,2.81,1051643,TRY
2019-04-05,2.82,2.88,2.75,2.86,1943083,TRY
2019-04-08,2.9,2.93,2.8,2.92,2686766,TRY
2019-04-09,2.93,3.07,2.88,3.02,3121433,TRY
2019-04-10,3.05,3.08,2.9,2.9,4818156,TRY
2019-04-11,2.9,2.92,2.81,2.83,1675029,TRY
2019-04-12,2.78,2.83,2.75,2.8,912432,TRY
2019-04-15,2.8,2.84,2.75,2.76,1210097,TRY
2019-04-16,2.78,2.83,2.77,2.8,2133650,TRY
2019-04-17,2.81,2.84,2.78,2.83,3227341,TRY
2019-04-18,2.82,2.84,2.78,2.79,1025222,TRY
2019-04-19,2.8,2.85,2.79,2.8,1404430,TRY
2019-04-22,2.8,2.8,2.76,2.77,632435,TRY
2019-04-24,2.76,2.8,2.76,2.77,872716,TRY
2019-04-25,2.77,2.79,2.7,2.71,1083975,TRY
2019-04-26,2.72,2.76,2.7,2.71,1069840,TRY
2019-04-29,2.72,2.73,2.68,2.69,838125,TRY
2019-04-30,2.69,2.72,2.67,2.67,922940,TRY
2019-05-02,2.68,2.74,2.65,2.65,2262002,TRY
2019-05-03,2.65,2.71,2.65,2.67,1291163,TRY
2019-05-06,2.64,2.65,2.58,2.58,962911,TRY
2019-05-07,2.53,2.59,2.5,2.56,609476,TRY
2019-05-08,2.57,2.64,2.55,2.63,926748,TRY
2019-05-09,2.65,2.7,2.55,2.58,1058618,TRY
2019-05-10,2.6,2.65,2.56,2.56,658903,TRY
2019-05-13,2.49,2.53,2.35,2.42,1841850,TRY
2019-05-14,2.43,2.45,2.39,2.41,1349040,TRY
2019-05-15,2.42,2.42,2.36,2.42,1292490,TRY
2019-05-16,2.43,2.48,2.43,2.45,1446312,TRY
2019-05-17,2.43,2.45,2.4,2.42,650968,TRY
2019-05-20,2.45,2.47,2.42,2.44,875744,TRY
2019-05-21,2.44,2.46,2.35,2.39,505848,TRY
2019-05-22,2.36,2.41,2.3,2.31,1151289,TRY
2019-05-23,2.29,2.33,2.27,2.32,801986,TRY
2019-05-24,2.32,2.36,2.31,2.33,689169,TRY
2019-05-27,2.34,2.41,2.33,2.34,694512,TRY
2019-05-28,2.34,2.45,2.34,2.4,895432,TRY
2019-05-29,2.41,2.43,2.36,2.36,529837,TRY
2019-05-30,2.38,2.46,2.38,2.44,769062,TRY
2019-05-31,2.46,2.5,2.41,2.47,508224,TRY
2019-06-03,2.5,2.51,2.45,2.46,233128,TRY
2019-06-07,2.49,2.54,2.46,2.54,446207,TRY
2019-06-10,2.54,2.57,2.51,2.57,985915,TRY
2019-06-11,2.58,2.6,2.51,2.53,797587,TRY
2019-06-12,2.51,2.54,2.49,2.5,556769,TRY
2019-06-13,2.48,2.49,2.4,2.41,608784,TRY
2019-06-14,2.42,2.45,2.39,2.45,1011607,TRY
2019-06-17,2.44,2.48,2.41,2.47,859458,TRY
2019-06-18,2.45,2.54,2.45,2.52,691010,TRY
2019-06-19,2.5,2.55,2.49,2.5,500153,TRY
2019-06-20,2.53,2.59,2.52,2.55,1020889,TRY
2019-06-21,2.55,2.57,2.52,2.55,565595,TRY
2019-06-24,2.6,2.63,2.57,2.61,1396114,TRY
2019-06-25,2.62,2.63,2.58,2.61,600363,TRY
2019-06-26,2.6,2.63,2.58,2.59,300071,TRY
2019-06-27,2.59,2.62,2.58,2.59,609913,TRY
2019-06-28,2.59,2.61,2.56,2.57,560007,TRY
2019-07-01,2.63,2.67,2.61,2.65,1379587,TRY
2019-07-02,2.68,2.69,2.63,2.65,947367,TRY
2019-07-03,2.66,2.68,2.6,2.61,658857,TRY
2019-07-04,2.62,2.63,2.58,2.6,715693,TRY
2019-07-05,2.59,2.74,2.59,2.67,4186103,TRY
2019-07-08,2.63,2.66,2.61,2.62,1376024,TRY
2019-07-09,2.63,2.63,2.5,2.5,1328336,TRY
2019-07-10,2.5,2.6,2.45,2.6,1547401,TRY
2019-07-11,2.58,2.62,2.56,2.57,585943,TRY
2019-07-12,2.58,2.59,2.51,2.52,523332,TRY
2019-07-16,2.52,2.58,2.52,2.55,365409,TRY
2019-07-17,2.56,2.75,2.56,2.75,4511213,TRY
2019-07-18,2.76,2.95,2.72,2.95,7332448,TRY
2019-07-19,2.98,3.06,2.94,3.01,3640483,TRY
2019-07-22,3.02,3.11,3.0,3.11,4629625,TRY
2019-07-23,3.12,3.13,3.0,3.06,3204306,TRY
2019-07-24,3.06,3.08,2.97,3.01,1355027,TRY
2019-07-25,3.0,3.17,2.99,3.17,3772885,TRY
2019-07-26,3.18,3.24,3.1,3.21,3943041,TRY
2019-07-29,3.22,3.26,3.15,3.26,2693857,TRY
2019-07-30,3.24,3.33,3.22,3.32,3169540,TRY
2019-07-31,3.32,3.5,3.31,3.5,5440910,TRY
2019-08-01,3.5,3.64,3.48,3.63,3001200,TRY
2019-08-02,3.63,3.69,3.43,3.65,3663630,TRY
2019-08-05,3.64,3.67,3.54,3.62,1801689,TRY
2019-08-06,3.62,3.62,3.54,3.57,1482531,TRY
2019-08-07,3.57,3.68,3.57,3.66,2340186,TRY
2019-08-08,3.66,3.79,3.62,3.77,2132289,TRY
2019-08-09,3.76,3.88,3.74,3.88,2084590,TRY
2019-08-15,3.68,3.73,3.41,3.71,3824387,TRY
2019-08-16,3.73,3.75,3.6,3.7,2030311,TRY
2019-08-19,3.7,3.91,3.7,3.87,2799834,TRY
2019-08-20,3.88,3.99,3.86,3.96,3123019,TRY
2019-08-21,3.97,4.01,3.86,3.95,2187142,TRY
2019-08-22,3.97,4.12,3.91,4.11,3973113,TRY
2019-08-23,4.15,4.15,4.01,4.06,2243788,TRY
2019-08-26,4.07,4.19,4.0,4.13,2168355,TRY
2019-08-27,4.15,4.15,4.02,4.14,1700452,TRY
2019-08-28,4.15,4.23,4.07,4.21,1931632,TRY
2019-08-29,4.21,4.22,4.13,4.13,1229735,TRY
2019-09-02,4.11,4.25,4.1,4.21,1204544,TRY
2019-09-03,4.25,4.28,4.21,4.26,1072523,TRY
2019-09-04,4.28,4.37,4.26,4.37,1648164,TRY
2019-09-05,4.35,4.37,4.22,4.22,984604,TRY
2019-09-06,4.23,4.32,4.15,4.25,1646736,TRY
2019-09-09,4.27,4.41,4.27,4.37,1592937,TRY
2019-09-10,4.39,4.53,4.38,4.53,2114132,TRY
2019-09-11,4.53,4.61,4.5,4.53,2281959,TRY
2019-09-12,4.59,4.59,4.47,4.56,959615,TRY
2019-09-13,4.57,4.59,4.51,4.52,798082,TRY
2019-09-16,4.5,4.85,4.37,4.79,5051410,TRY
2019-09-17,4.8,4.91,4.7,4.8,1835483,TRY
2019-09-18,4.81,4.98,4.76,4.91,1532362,TRY
2019-09-19,4.95,4.98,4.87,4.87,1109565,TRY
2019-09-20,4.92,4.94,4.8,4.91,1181641,TRY
2019-09-23,4.93,5.01,4.92,4.99,1847299,TRY
2019-09-24,5.04,5.08,4.95,5.04,1505585,TRY
2019-09-25,5.08,5.28,5.04,5.28,2751253,TRY
2019-09-26,5.3,5.38,5.25,5.32,1758356,TRY
2019-09-27,5.3,5.37,5.27,5.36,1135528,TRY
2019-09-30,5.39,5.69,5.37,5.69,2846797,TRY
2019-10-01,5.73,5.79,5.58,5.67,2562026,TRY
2019-10-02,5.68,5.68,5.59,5.59,1341045,TRY
2019-10-03,5.59,5.65,5.3,5.45,2588733,TRY
2019-10-04,5.48,5.62,5.34,5.54,2496979,TRY
2019-10-07,5.56,5.62,5.37,5.38,1668043,TRY
2019-10-08,5.38,5.38,5.1,5.16,3061574,TRY
2019-10-09,5.27,5.43,5.25,5.28,2862818,TRY
2019-10-10,5.31,5.34,5.11,5.25,1554984,TRY
2019-10-11,5.27,5.34,5.09,5.16,1554044,TRY
2019-10-14,5.13,5.22,4.83,4.99,1497404,TRY
2019-10-15,4.99,5.17,4.99,5.14,898691,TRY
2019-10-16,5.12,5.12,4.98,5.08,750532,TRY
2019-10-17,5.08,5.12,5.0,5.07,519433,TRY
2019-10-18,5.24,5.4,5.15,5.34,916505,TRY
2019-10-21,5.39,5.41,5.26,5.26,1060019,TRY
2019-10-22,5.28,5.31,5.24,5.26,494460,TRY
2019-10-23,5.34,5.34,5.21,5.25,1004665,TRY
2019-10-24,5.28,5.28,5.13,5.23,664637,TRY
2019-10-25,5.24,5.48,5.22,5.43,1515790,TRY
2019-10-28,5.49,5.68,5.48,5.65,1484776,TRY
2019-10-30,5.5,5.7,5.46,5.47,1013924,TRY
2019-10-31,5.49,5.71,5.49,5.6,1659454,TRY
2019-11-01,5.6,5.65,5.49,5.53,542042,TRY
2019-11-04,5.67,5.67,5.47,5.55,1422705,TRY
2019-11-05,5.57,5.63,5.5,5.51,1099966,TRY
2019-11-06,5.51,5.55,5.38,5.46,1433914,TRY
2019-11-07,5.48,5.7,5.48,5.7,2192732,TRY
2019-11-08,5.72,5.75,5.65,5.71,1839915,TRY
2019-11-11,5.72,5.95,5.68,5.89,1809612,TRY
2019-11-12,5.93,6.18,5.92,6.05,2885465,TRY
2019-11-13,6.09,6.16,6.02,6.05,1440588,TRY
2019-11-14,6.06,6.49,6.06,6.49,2628335,TRY
2019-11-15,6.5,6.65,6.48,6.65,2096453,TRY
2019-11-18,6.7,6.76,6.6,6.65,2645534,TRY
2019-11-19,6.69,6.71,6.48,6.5,1460379,TRY
2019-11-20,6.5,6.55,5.85,6.32,2989649,TRY
2019-11-21,6.35,6.45,6.05,6.18,2672545,TRY
2019-11-22,6.24,6.26,6.09,6.11,1157357,TRY
2019-11-25,6.13,6.26,6.06,6.21,1609257,TRY
2019-11-26,6.24,6.49,6.18,6.49,1770217,TRY
2019-11-27,6.48,6.51,6.3,6.3,2449441,TRY
2019-11-28,6.3,6.7,6.3,6.7,2945617,TRY
2019-11-29,6.7,6.85,6.64,6.82,1542027,TRY
2019-12-02,6.88,6.95,6.8,6.8,1895076,TRY
2019-12-03,6.83,6.9,6.72,6.77,1129755,TRY
2019-12-04,6.8,7.03,6.76,7.02,1489797,TRY
2019-12-05,7.07,7.11,6.95,6.95,1263650,TRY
2019-12-06,6.95,7.19,6.95,7.13,1906785,TRY
2019-12-09,7.13,7.47,7.08,7.47,2188722,TRY
2019-12-10,7.47,7.7,7.37,7.55,2881672,TRY
2019-12-11,7.62,7.65,7.48,7.51,1076149,TRY
2019-12-12,7.54,7.7,7.53,7.66,959938,TRY
2019-12-13,7.83,7.92,7.61,7.77,2803672,TRY
2019-12-16,7.8,7.86,7.45,7.58,2738852,TRY
2019-12-17,7.62,7.72,7.53,7.59,2718315,TRY
2019-12-18,7.57,7.89,7.41,7.89,2783231,TRY
2019-12-19,7.85,8.1,7.79,8.0,2044587,TRY
2019-12-20,8.06,8.1,7.91,8.03,1405937,TRY
2019-12-23,8.05,8.4,8.02,8.39,2048497,TRY
2019-12-24,8.42,8.68,8.34,8.63,1568467,TRY
2019-12-25,8.67,8.97,8.64,8.85,2272852,TRY
2019-12-26,8.91,9.0,8.82,8.83,1450562,TRY
2019-12-27,8.89,8.97,8.63,8.81,2166594,TRY
2019-12-30,8.85,9.66,8.71,8.9,6806165,TRY
2019-12-31,8.98,9.1,8.71,9.04,4146096,TRY
