Date,Open,High,Low,Close,Volume,Currency
2010-07-08,11.34,11.34,11.15,11.15,2458319,TRY
2010-09-03,12.01,12.1,11.82,12.01,4720968,TRY
2011-05-26,11.34,11.44,11.15,11.2,5469013,TRY
2011-05-27,11.41,11.41,10.87,11.02,8464721,TRY
2011-05-30,11.07,11.21,10.82,10.92,3918227,TRY
2011-05-31,10.97,11.46,10.97,11.41,9331909,TRY
2011-06-01,11.31,11.56,11.21,11.36,6945780,TRY
2011-06-02,11.26,11.51,11.21,11.41,7044504,TRY
2011-06-03,11.51,11.56,11.26,11.56,8495582,TRY
2011-06-06,11.61,11.95,11.61,11.95,8416050,TRY
2011-06-07,11.95,12.19,11.95,12.14,6207699,TRY
2011-06-08,12.14,12.14,11.75,11.8,7458879,TRY
2011-06-09,11.75,11.9,11.65,11.7,4799072,TRY
2011-06-10,11.7,11.8,11.61,11.61,8353062,TRY
2011-06-13,11.75,11.9,11.51,11.65,5666581,TRY
2011-06-14,11.65,11.7,11.21,11.31,9182116,TRY
2011-06-15,11.26,11.31,10.87,11.07,8378838,TRY
2011-06-16,10.97,11.21,10.87,11.21,6467689,TRY
2011-06-17,11.16,11.31,11.07,11.26,4458858,TRY
2011-06-20,11.12,11.16,10.97,11.02,4388543,TRY
2011-06-21,11.12,11.21,11.02,11.21,3390270,TRY
2011-06-22,11.21,11.26,10.92,11.02,3780237,TRY
2011-06-23,10.97,11.16,10.92,11.12,4466613,TRY
2011-06-24,11.21,11.51,11.21,11.41,10487721,TRY
2011-06-27,11.31,11.56,11.21,11.56,4649898,TRY
2011-06-28,11.61,11.8,11.56,11.7,4754235,TRY
2011-06-29,11.75,11.8,11.56,11.75,5004789,TRY
2011-06-30,11.75,11.95,11.7,11.9,3940019,TRY
2011-07-01,11.85,11.95,11.56,11.65,3904378,TRY
2011-07-04,11.7,11.95,11.65,11.95,2767028,TRY
2011-07-05,11.95,12.0,11.7,11.85,4495280,TRY
2011-07-06,11.75,11.85,11.61,11.65,3695066,TRY
2011-07-07,11.7,11.95,11.61,11.9,3499035,TRY
2011-07-08,11.95,12.05,11.56,11.56,8720647,TRY
2011-07-11,11.56,11.65,11.46,11.51,2964105,TRY
2011-07-12,11.26,11.51,11.16,11.46,9177434,TRY
2011-07-13,11.46,11.61,11.36,11.56,5420138,TRY
2011-07-14,11.46,11.61,11.21,11.21,10963701,TRY
2011-07-15,11.12,11.26,11.07,11.12,7645557,TRY
2011-07-18,11.12,11.21,10.92,10.97,4608364,TRY
2011-07-19,10.97,11.07,10.77,10.87,6967200,TRY
2011-07-20,10.92,11.12,10.82,10.97,6184919,TRY
2011-07-21,10.97,11.07,10.68,10.82,8535357,TRY
2011-07-22,10.87,10.97,10.63,10.77,7799278,TRY
2011-07-25,10.63,11.02,10.58,10.97,6318355,TRY
2011-07-26,11.02,11.16,10.82,11.07,4952173,TRY
2011-07-27,11.02,11.26,11.02,11.07,5646941,TRY
2011-07-28,10.97,11.46,10.97,11.46,6937371,TRY
2011-07-29,11.36,11.61,11.36,11.61,9805189,TRY
2011-08-01,11.7,11.8,11.41,11.51,4753273,TRY
2011-08-02,11.56,11.61,11.36,11.51,4886745,TRY
2011-08-03,11.41,11.7,11.41,11.61,5434057,TRY
2011-08-04,11.7,11.85,11.12,11.26,15253002,TRY
2011-08-05,10.82,11.12,10.33,10.38,11573697,TRY
2011-08-08,10.28,10.72,9.4,9.5,14784216,TRY
2011-08-09,9.6,9.89,9.01,9.83,11876400,TRY
2011-08-10,9.89,10.15,8.96,9.11,13326197,TRY
2011-08-11,9.79,9.79,9.05,9.48,11521477,TRY
2011-08-12,9.48,9.83,9.21,9.79,7585178,TRY
2011-08-15,9.99,10.09,9.79,10.09,4086259,TRY
2011-08-16,9.99,10.09,9.74,10.09,6148224,TRY
2011-08-17,9.99,10.28,9.84,9.94,10556714,TRY
2011-08-18,9.79,9.94,9.35,9.45,7654916,TRY
2011-08-19,9.34,9.72,9.09,9.7,14671586,TRY
2011-08-22,9.5,10.15,9.42,10.03,7209510,TRY
2011-08-23,10.19,10.19,9.7,10.09,7952845,TRY
2011-08-24,10.09,10.28,9.99,10.19,4636372,TRY
2011-08-25,10.23,10.43,10.14,10.23,4286637,TRY
2011-08-26,10.23,10.43,10.14,10.38,2848310,TRY
2011-08-29,10.53,10.63,10.43,10.53,1191036,TRY
2011-09-02,10.68,10.87,10.53,10.77,4810903,TRY
2011-09-05,10.63,10.68,10.43,10.43,3101214,TRY
2011-09-06,10.38,10.97,10.38,10.92,4994703,TRY
2011-09-07,11.07,11.12,10.77,10.82,3625966,TRY
2011-09-08,10.72,11.02,10.63,10.97,10983557,TRY
2011-09-09,10.97,11.12,10.72,10.92,7504905,TRY
2011-09-12,10.77,11.02,10.68,10.92,4915720,TRY
2011-09-13,11.02,11.16,10.87,11.07,5152029,TRY
2011-09-14,11.07,11.46,11.02,11.12,5169980,TRY
2011-09-15,11.21,11.7,11.12,11.56,6797411,TRY
2011-09-16,11.51,11.65,11.46,11.56,5749194,TRY
2011-09-19,11.46,11.56,11.26,11.36,6755803,TRY
2011-09-20,11.36,12.54,11.31,12.05,16727411,TRY
2011-09-21,12.0,12.14,11.85,12.05,11077742,TRY
2011-09-22,11.8,11.85,11.51,11.65,7067675,TRY
2011-09-23,11.65,11.75,11.16,11.46,6302265,TRY
2011-09-26,11.21,12.0,11.12,11.7,8304791,TRY
2011-09-27,12.0,12.14,11.85,12.0,5380938,TRY
2011-09-28,11.9,12.59,11.9,12.34,9139803,TRY
2011-09-29,12.34,12.78,12.34,12.49,6195987,TRY
2011-09-30,12.54,13.12,12.34,13.12,7931761,TRY
2011-10-03,12.83,12.98,12.63,12.73,8467624,TRY
2011-10-04,12.63,12.78,11.85,11.9,13514806,TRY
2011-10-05,12.05,12.39,11.85,11.9,9508262,TRY
2011-10-06,12.14,12.24,11.85,12.0,7636754,TRY
2011-10-07,12.14,12.24,11.51,11.85,13472805,TRY
2011-10-10,12.0,12.1,11.9,12.1,7090401,TRY
2011-10-11,12.24,12.39,12.14,12.29,7169366,TRY
2011-10-12,12.39,12.49,12.29,12.29,4775271,TRY
2011-10-13,12.29,12.44,11.95,12.14,6541941,TRY
2011-10-14,12.24,12.39,12.05,12.34,7463346,TRY
2011-10-17,12.39,12.54,12.19,12.24,5225221,TRY
2011-10-18,12.19,12.39,12.1,12.29,4313920,TRY
2011-10-19,12.34,12.44,11.85,11.95,6937718,TRY
2011-10-20,11.8,11.85,11.07,11.12,18726884,TRY
2011-10-21,11.07,11.56,10.92,11.51,10835224,TRY
2011-10-24,11.56,11.56,10.92,11.12,14536051,TRY
2011-10-25,11.12,11.26,10.77,10.92,14343407,TRY
2011-10-26,10.97,11.07,10.58,10.63,13480304,TRY
2011-10-27,10.77,11.07,10.72,11.02,7472596,TRY
2011-10-28,11.07,11.12,10.92,11.07,3030889,TRY
2011-10-31,10.97,11.02,10.53,10.68,9948810,TRY
2011-11-01,10.48,10.58,10.33,10.53,5984218,TRY
2011-11-02,10.63,11.07,10.48,10.92,7585973,TRY
2011-11-03,10.63,11.16,10.63,11.16,7681260,TRY
2011-11-04,11.16,11.26,10.87,11.02,3548870,TRY
2011-11-10,10.87,11.31,10.77,11.16,6692713,TRY
2011-11-11,11.21,11.26,11.07,11.07,7221823,TRY
2011-11-14,11.16,11.31,11.07,11.12,5331081,TRY
2011-11-15,11.12,11.16,10.87,11.12,7162569,TRY
2011-11-16,11.02,11.21,10.97,11.02,4280379,TRY
2011-11-17,11.02,11.02,10.43,10.43,13248161,TRY
2011-11-18,10.38,10.43,10.04,10.19,11461566,TRY
2011-11-21,10.14,10.23,9.84,9.89,7426272,TRY
2011-11-22,9.99,10.09,9.7,9.74,11378663,TRY
2011-11-23,9.6,9.79,9.42,9.6,14253102,TRY
2011-11-24,9.66,9.73,9.38,9.4,6755566,TRY
2011-11-25,9.42,9.66,9.25,9.64,8304065,TRY
2011-11-28,9.72,10.07,9.7,10.05,6258561,TRY
2011-11-29,9.99,10.33,9.84,10.23,10547540,TRY
2011-11-30,10.14,10.77,10.09,10.77,8194623,TRY
2011-12-01,10.77,10.82,10.43,10.58,7995667,TRY
2011-12-02,10.63,10.97,10.58,10.87,8905393,TRY
2011-12-05,10.92,11.02,10.82,10.92,3531246,TRY
2011-12-06,10.82,10.97,10.68,10.77,5301834,TRY
2012-01-02,9.7,9.81,9.62,9.72,3683557,TRY
2012-01-03,9.77,10.05,9.75,10.01,9133820,TRY
2012-01-04,9.99,10.09,9.74,9.84,7131797,TRY
2012-01-05,9.84,9.89,9.44,9.58,11095412,TRY
2012-01-06,9.6,9.6,9.21,9.28,9117968,TRY
2012-01-09,9.32,9.34,9.01,9.07,5623048,TRY
2012-01-10,9.25,9.48,9.15,9.42,8326924,TRY
2012-01-11,9.5,9.7,9.44,9.58,8297698,TRY
2012-01-12,9.6,9.73,9.5,9.54,9021583,TRY
2012-01-13,9.64,9.68,9.28,9.5,4999984,TRY
2012-01-16,9.5,9.81,9.4,9.81,10095849,TRY
2012-01-17,9.89,10.33,9.89,10.28,12927048,TRY
2012-01-18,10.28,10.38,10.09,10.38,7595376,TRY
2012-01-19,10.38,10.72,10.19,10.72,10294567,TRY
2012-01-20,10.77,10.77,10.48,10.53,3924911,TRY
2012-01-23,10.48,10.68,10.33,10.58,5305813,TRY
2012-01-24,10.53,10.68,10.43,10.58,5480500,TRY
2012-01-25,10.72,11.02,10.68,10.87,5756871,TRY
2012-01-26,11.07,11.56,11.07,11.31,10848520,TRY
2012-01-27,11.21,11.65,11.16,11.61,7392787,TRY
2012-01-30,11.51,11.75,11.41,11.65,9745834,TRY
2012-01-31,11.75,11.9,11.46,11.46,6286622,TRY
2012-02-01,11.51,12.0,11.51,11.9,7046416,TRY
2012-02-02,11.95,12.24,11.8,12.19,7458581,TRY
2012-02-03,12.19,12.44,12.1,12.19,4702346,TRY
2012-02-06,12.24,12.34,12.05,12.24,5706313,TRY
2012-02-07,12.39,12.49,12.24,12.24,7795743,TRY
2012-02-08,12.44,12.44,12.19,12.29,4663469,TRY
2012-02-09,12.29,12.49,11.75,11.85,10487685,TRY
2012-02-10,11.8,11.9,11.51,11.65,6209976,TRY
2012-02-13,11.75,12.0,11.75,11.95,5519992,TRY
2012-02-14,11.9,12.05,11.75,11.8,7149847,TRY
2012-02-15,11.95,12.1,11.85,12.05,6090517,TRY
2012-02-16,11.95,12.0,11.7,11.85,8433672,TRY
2012-02-17,11.95,12.14,11.85,12.14,8454002,TRY
2012-02-20,12.24,12.34,12.14,12.29,7482822,TRY
2012-02-21,12.19,12.34,12.1,12.19,5715980,TRY
2012-02-22,12.24,12.29,12.1,12.24,6968424,TRY
2012-02-23,12.19,12.24,11.61,11.8,6732410,TRY
2012-02-24,11.9,11.95,11.51,11.7,7335504,TRY
2012-02-27,11.56,11.7,11.26,11.41,10530061,TRY
2012-02-28,11.46,11.75,11.31,11.75,12074115,TRY
2012-02-29,11.75,12.0,11.61,11.8,8347226,TRY
2012-03-01,11.75,11.95,11.65,11.8,9561512,TRY
2012-03-02,11.8,11.95,11.75,11.9,2361175,TRY
2012-03-05,11.85,11.9,11.7,11.7,3209466,TRY
2012-03-06,11.7,11.8,11.46,11.56,5776865,TRY
2012-03-07,11.61,11.8,11.51,11.75,5591319,TRY
2012-03-08,11.85,12.05,11.85,11.95,5576869,TRY
2012-03-09,12.0,12.05,11.7,11.75,4676714,TRY
2012-03-12,11.7,11.85,11.7,11.85,3509018,TRY
2012-03-13,12.0,12.05,11.85,11.95,4559718,TRY
2012-03-14,12.05,12.34,12.0,12.29,7549654,TRY
2012-03-15,12.29,12.54,12.24,12.49,4636640,TRY
2012-03-16,12.44,12.83,12.44,12.59,8717017,TRY
2012-03-19,12.63,12.68,12.54,12.54,7494659,TRY
2012-03-20,12.49,12.54,12.14,12.34,9520976,TRY
2012-03-21,12.39,12.44,12.24,12.34,7180339,TRY
2012-03-22,12.39,12.44,12.19,12.24,4911845,TRY
2012-03-23,12.29,12.39,12.0,12.05,6579435,TRY
2012-03-26,12.0,12.34,11.85,12.34,9874895,TRY
2012-03-27,12.44,12.44,12.14,12.14,6880173,TRY
2012-03-28,12.05,12.34,12.05,12.19,6506502,TRY
2012-03-29,12.19,12.34,12.1,12.19,3218107,TRY
2012-03-30,12.29,12.59,12.29,12.49,5718399,TRY
2012-04-02,12.59,12.93,12.54,12.88,6232024,TRY
2012-04-03,12.88,13.27,12.88,13.12,8706166,TRY
2012-04-04,12.98,13.07,12.83,12.93,3371996,TRY
2012-04-05,12.98,12.98,12.54,12.54,5374009,TRY
2012-04-06,12.54,12.63,12.44,12.54,3001034,TRY
2012-04-09,12.49,12.63,12.39,12.59,2678859,TRY
2012-04-10,12.59,12.68,12.44,12.49,3168594,TRY
2012-04-11,12.49,12.63,12.14,12.59,6765623,TRY
2012-04-12,12.63,12.73,12.34,12.63,6027914,TRY
2012-04-13,12.63,12.63,12.34,12.34,4430198,TRY
2012-04-16,12.24,12.63,12.24,12.44,4481004,TRY
2012-04-17,12.39,12.68,12.39,12.54,4746777,TRY
2012-04-18,12.63,12.68,12.34,12.34,5931917,TRY
2012-04-19,12.39,12.49,12.1,12.14,5692950,TRY
2012-04-20,12.19,12.29,12.1,12.14,2550481,TRY
2012-04-24,12.0,12.1,11.85,11.95,3841577,TRY
2012-04-25,12.05,12.19,11.85,12.05,6257984,TRY
2012-04-26,12.1,12.34,12.0,12.29,6171840,TRY
2012-04-27,12.24,12.39,12.14,12.14,5101253,TRY
2012-04-30,12.24,12.29,11.9,12.05,5236167,TRY
2012-05-02,11.95,12.14,11.8,11.9,6735327,TRY
2012-05-03,11.9,12.1,11.9,12.0,2750990,TRY
2012-05-04,12.05,12.14,11.95,12.0,4160458,TRY
2012-05-07,11.85,11.9,11.61,11.65,6568044,TRY
2012-05-08,11.75,12.0,11.65,11.8,4914885,TRY
2012-05-09,11.9,12.1,11.8,11.8,5804142,TRY
2012-05-10,11.9,12.05,11.85,11.95,3741848,TRY
2012-05-11,11.85,12.1,11.85,12.1,1946307,TRY
2012-05-14,12.05,12.1,11.7,11.85,4430118,TRY
2012-05-15,11.9,12.0,11.56,11.65,4606617,TRY
2012-05-16,11.51,11.85,11.46,11.85,4233662,TRY
2012-05-17,11.85,11.9,11.56,11.61,5876741,TRY
2012-05-18,11.41,11.61,11.36,11.41,5400840,TRY
2012-05-21,11.51,11.61,11.31,11.31,5122839,TRY
2012-05-22,11.41,11.65,11.31,11.65,5571425,TRY
2012-05-23,11.5,11.55,11.2,11.3,8141164,TRY
2012-05-24,11.35,11.4,10.8,10.8,9688786,TRY
2012-05-25,10.75,11.2,10.75,11.0,12197138,TRY
2012-05-28,11.1,11.35,11.05,11.35,5399772,TRY
2012-05-29,11.35,11.6,11.3,11.55,6467346,TRY
2012-05-30,11.5,11.55,11.3,11.55,4189040,TRY
2012-05-31,11.55,11.85,11.45,11.45,6949114,TRY
2012-06-01,11.55,12.0,11.35,12.0,6956403,TRY
2012-06-04,12.0,12.2,11.85,12.05,4223170,TRY
2012-06-05,12.15,12.25,12.05,12.1,3262499,TRY
2012-06-06,12.2,12.4,12.15,12.4,3848928,TRY
2012-06-07,12.5,12.7,12.4,12.6,4603425,TRY
2012-06-08,12.5,13.0,12.5,12.85,4895395,TRY
2012-06-11,13.1,13.25,12.8,12.95,7407079,TRY
2012-06-12,12.9,13.2,12.9,13.1,4718882,TRY
2012-06-13,13.2,13.25,12.85,13.0,5467593,TRY
2012-06-14,13.05,13.2,12.95,13.2,4579944,TRY
2012-06-15,13.2,13.25,12.9,13.0,4201837,TRY
2012-06-18,13.2,13.2,12.9,12.95,3107649,TRY
2012-06-19,13.0,13.3,12.95,13.3,5579817,TRY
2012-06-20,13.5,13.75,13.45,13.7,8275288,TRY
2012-06-21,13.65,14.35,13.6,14.35,8517467,TRY
2012-06-22,14.25,14.35,14.0,14.15,8233624,TRY
2012-06-25,14.0,14.0,13.8,13.85,3202495,TRY
2012-06-26,13.9,14.1,13.85,14.1,3694047,TRY
2012-06-27,14.1,14.35,14.05,14.35,5321631,TRY
2012-06-28,14.35,14.35,13.85,13.9,7277932,TRY
2012-06-29,14.1,14.2,13.95,14.15,6834966,TRY
2012-07-02,14.1,14.1,13.75,13.95,4934953,TRY
2012-07-03,14.0,14.15,13.9,14.1,4460804,TRY
2012-07-04,14.15,14.65,14.1,14.65,7338963,TRY
2012-07-05,14.6,14.65,14.25,14.25,5229072,TRY
2012-07-06,14.3,14.45,14.25,14.4,4398313,TRY
2012-07-09,14.45,14.5,14.3,14.3,1960010,TRY
2012-07-10,14.3,14.6,14.3,14.5,4735440,TRY
2012-07-11,14.45,14.6,14.35,14.4,2505891,TRY
2012-07-12,14.4,14.45,14.1,14.2,4021569,TRY
2012-07-13,14.25,14.45,14.2,14.45,1896652,TRY
2012-07-16,14.4,14.5,14.25,14.3,2403944,TRY
2012-07-17,14.35,14.45,14.2,14.3,1874923,TRY
2012-07-18,14.3,14.45,13.85,14.0,4308933,TRY
2012-07-19,14.05,14.1,13.75,13.8,5735241,TRY
2012-07-20,13.8,13.85,13.4,13.6,4923512,TRY
2012-07-23,13.5,13.55,13.35,13.45,4520871,TRY
2012-07-24,13.45,13.9,13.4,13.8,5586698,TRY
2012-07-25,13.75,14.1,13.7,13.95,2782352,TRY
2012-07-26,14.05,14.8,14.05,14.65,6858057,TRY
2012-07-27,14.7,14.95,14.65,14.85,3814227,TRY
2012-07-30,14.85,15.35,14.85,15.35,3975129,TRY
2012-07-31,15.3,15.55,15.25,15.4,6195635,TRY
2012-08-01,15.4,15.6,15.35,15.4,2491497,TRY
2012-08-02,15.4,15.5,15.05,15.35,6707840,TRY
2012-08-03,15.3,16.35,14.95,16.25,6357540,TRY
2012-08-06,16.25,16.7,15.95,16.15,4296252,TRY
2012-08-07,16.2,16.25,15.4,15.4,6458565,TRY
2012-08-08,15.35,15.45,15.15,15.15,4175419,TRY
2012-08-09,15.25,15.35,14.9,15.1,5401631,TRY
2012-08-10,15.1,15.15,14.7,14.9,8284009,TRY
2012-08-13,14.9,15.2,14.8,15.0,8983253,TRY
2012-08-14,15.05,15.1,14.55,14.55,5894028,TRY
2012-08-15,14.55,15.0,14.45,14.95,5918186,TRY
2012-08-16,15.0,15.15,14.95,14.95,4368354,TRY
2012-08-17,15.05,15.25,15.05,15.1,5635409,TRY
2012-08-22,15.1,15.4,15.05,15.4,6437759,TRY
2012-08-23,15.5,15.8,15.45,15.7,7379927,TRY
2012-08-24,15.65,15.85,15.6,15.65,6746396,TRY
2012-08-27,15.65,15.75,15.45,15.5,3286729,TRY
2012-08-28,15.55,15.9,15.55,15.8,3695721,TRY
2012-08-29,15.85,16.05,15.65,15.9,4438344,TRY
2012-08-31,15.8,16.4,15.8,16.4,4915585,TRY
2012-09-03,16.4,16.45,16.25,16.4,2847640,TRY
2012-09-04,16.4,16.5,16.35,16.35,2348226,TRY
2012-09-05,16.4,16.45,14.7,16.35,5910477,TRY
2012-09-06,16.4,16.5,15.95,16.1,5254284,TRY
2012-09-07,16.1,16.2,15.9,15.95,5821561,TRY
2012-09-10,15.95,16.1,15.9,15.95,3087691,TRY
2012-09-11,15.9,16.1,15.9,15.9,1591385,TRY
2012-09-12,15.95,16.2,15.85,16.15,5721252,TRY
2012-09-13,16.2,16.25,15.35,15.35,8420993,TRY
2012-09-14,15.65,15.7,14.95,15.05,11805602,TRY
2012-09-17,15.05,15.05,14.7,14.85,5836545,TRY
2012-09-18,14.85,14.9,14.5,14.7,8318817,TRY
2012-09-19,14.8,14.9,14.55,14.6,5640340,TRY
2012-09-20,14.5,15.0,14.5,14.95,5584641,TRY
2012-09-21,15.05,15.2,14.6,14.7,7326977,TRY
2012-09-24,14.6,14.8,14.35,14.5,6146390,TRY
2012-09-25,14.55,14.65,14.15,14.25,8198994,TRY
2012-09-26,14.15,14.2,13.7,13.7,9388759,TRY
2012-09-27,13.85,14.05,13.8,14.0,6627638,TRY
2012-09-28,14.1,14.1,13.75,14.0,4928801,TRY
2012-10-01,13.85,14.05,13.75,13.9,3598386,TRY
2012-10-02,13.95,14.05,13.85,14.05,3337173,TRY
2012-10-03,14.0,14.5,13.9,14.3,9741459,TRY
2012-10-04,14.25,14.3,13.8,14.05,7161435,TRY
2012-10-05,14.0,14.65,14.0,14.6,9231676,TRY
2012-10-08,14.5,14.75,14.4,14.65,4268586,TRY
2012-10-09,14.7,15.0,14.6,14.9,5879256,TRY
2012-10-10,14.9,15.15,14.8,15.15,7423205,TRY
2012-10-11,15.15,15.75,15.15,15.6,6674436,TRY
2012-10-12,15.6,15.75,15.2,15.25,6612492,TRY
2012-10-15,15.2,15.2,14.95,15.05,5646681,TRY
2012-10-16,15.2,15.35,15.1,15.2,3799859,TRY
2012-10-17,15.25,15.85,15.2,15.7,11777391,TRY
2012-10-18,15.75,15.95,15.4,15.4,7227474,TRY
2012-10-19,15.35,15.45,15.2,15.4,7384184,TRY
2012-10-22,15.45,15.65,15.25,15.3,5485589,TRY
2012-10-23,15.45,15.45,15.2,15.3,3512015,TRY
2012-10-24,15.35,15.4,15.05,15.15,3004361,TRY
2012-10-30,15.15,15.7,15.15,15.7,7024315,TRY
2012-10-31,15.75,15.9,15.6,15.8,9151972,TRY
2012-11-01,15.8,16.0,15.75,15.8,7204849,TRY
2012-11-02,15.8,15.95,15.5,15.65,5124758,TRY
2012-11-05,15.75,16.05,15.3,15.8,9373348,TRY
2012-11-06,15.85,16.05,15.6,15.9,7080748,TRY
2012-11-07,16.0,16.35,15.95,16.15,9751733,TRY
2012-11-08,16.2,16.8,16.05,16.6,7685263,TRY
2012-11-09,16.65,16.9,15.8,15.9,11097726,TRY
2012-11-21,15.45,15.85,15.35,15.65,92581880,TRY
2012-11-22,15.75,16.0,15.6,16.0,75378744,TRY
2012-11-23,15.95,16.0,15.6,16.0,22712328,TRY
2012-11-26,16.05,16.2,15.95,16.2,13615965,TRY
2012-11-27,16.2,16.25,16.0,16.15,18327104,TRY
2012-11-28,16.15,16.45,16.1,16.4,24218584,TRY
2012-11-29,16.5,16.85,16.4,16.75,20291436,TRY
2012-11-30,16.75,17.3,16.75,17.3,21182306,TRY
2012-12-03,17.3,17.4,17.15,17.35,13387350,TRY
2012-12-04,17.35,17.6,17.2,17.5,17116324,TRY
2012-12-05,17.65,17.7,17.15,17.5,18375292,TRY
2012-12-06,17.4,17.5,17.2,17.3,11031665,TRY
2012-12-07,17.3,17.5,17.2,17.5,11513027,TRY
2012-12-10,17.5,17.65,17.35,17.6,17935846,TRY
2012-12-11,17.6,17.95,17.55,17.6,21251244,TRY
2012-12-12,17.7,17.85,17.6,17.8,12520634,TRY
2012-12-13,17.85,17.9,17.7,17.85,8519919,TRY
2012-12-14,17.85,17.95,17.6,17.6,7264385,TRY
2012-12-17,17.6,17.95,17.55,17.95,9842103,TRY
2012-12-18,18.05,18.1,17.7,17.8,11926926,TRY
2012-12-19,17.85,17.9,17.6,17.6,10828903,TRY
2012-12-20,17.65,17.75,17.3,17.35,9212612,TRY
2012-12-21,17.2,17.35,17.1,17.2,7883036,TRY
2012-12-24,17.25,17.5,17.15,17.35,4699556,TRY
2012-12-25,17.4,17.6,17.4,17.45,4404301,TRY
2012-12-26,17.5,17.65,17.5,17.55,3244181,TRY
2012-12-27,17.6,17.7,17.5,17.6,7311843,TRY
2012-12-28,17.7,17.75,17.55,17.65,4582769,TRY
2012-12-31,17.65,17.75,17.45,17.5,5341769,TRY
2013-01-02,17.65,17.95,17.65,17.95,9569649,TRY
2013-03-29,19.4,19.6,19.3,19.55,3963858,TRY
2013-04-01,19.6,19.8,19.45,19.65,3958685,TRY
2013-05-17,21.7,21.8,21.45,21.45,8640206,TRY
2013-07-22,15.35,15.5,15.1,15.2,13217922,TRY
2013-07-23,15.35,15.55,14.75,14.85,24560028,TRY
2013-07-24,14.9,15.0,14.45,14.55,16249144,TRY
2013-07-25,14.5,14.95,14.3,14.9,19177144,TRY
2013-07-26,14.95,15.05,14.3,14.45,25367596,TRY
2013-07-29,14.4,14.55,14.05,14.25,27239308,TRY
2013-07-30,14.4,14.7,14.3,14.65,30558524,TRY
2013-07-31,14.6,14.85,14.45,14.55,26093216,TRY
2013-08-01,14.8,14.9,14.55,14.6,16200374,TRY
2013-08-02,14.55,14.65,14.15,14.55,20721472,TRY
2013-08-05,14.55,14.75,14.5,14.6,8112852,TRY
2013-08-06,14.55,14.65,14.4,14.45,6722983,TRY
2013-08-07,14.45,14.5,14.35,14.4,2906774,TRY
2013-08-12,14.6,14.9,14.5,14.9,11455093,TRY
2013-08-13,14.95,15.2,14.9,15.0,20172944,TRY
2013-08-14,15.05,15.3,15.0,15.05,10815410,TRY
2013-08-15,15.1,15.15,14.55,14.6,15017235,TRY
2013-08-16,14.18,14.28,13.79,14.04,17191746,TRY
2013-08-19,13.89,13.89,13.65,13.65,13637557,TRY
2013-08-20,13.65,13.75,13.31,13.55,23673452,TRY
2013-08-21,13.6,13.6,12.87,12.87,24648172,TRY
2013-08-22,12.63,12.68,12.19,12.48,52501712,TRY
2013-08-23,12.63,12.73,12.39,12.58,28547200,TRY
2013-08-26,12.68,12.87,12.43,12.82,26509784,TRY
2013-08-27,12.53,12.68,12.19,12.24,33323188,TRY
2013-08-28,12.09,12.63,12.05,12.53,39760664,TRY
2013-08-29,12.73,12.92,12.58,12.63,33186508,TRY
2013-09-02,12.82,13.02,12.82,13.02,13834121,TRY
2013-09-03,13.02,13.07,12.58,12.68,24402522,TRY
2013-09-04,12.82,12.82,12.63,12.68,14323410,TRY
2013-09-05,12.68,12.73,12.39,12.53,22597348,TRY
2013-09-06,12.53,12.97,12.48,12.73,27585724,TRY
2013-09-09,12.92,13.5,12.87,13.45,24968468,TRY
2013-09-10,13.6,13.84,13.55,13.7,27044888,TRY
2013-09-11,13.6,13.94,13.55,13.7,23266742,TRY
2013-09-12,13.79,14.04,13.55,13.99,26744392,TRY
2013-09-13,13.84,14.13,13.79,13.89,18735636,TRY
2013-09-16,14.33,14.62,14.23,14.52,22380720,TRY
2013-09-17,14.47,14.77,14.47,14.72,15737033,TRY
2013-09-18,14.77,14.81,14.52,14.72,16716253,TRY
2013-09-19,15.79,16.47,15.64,16.17,51744156,TRY
2013-09-20,16.17,16.22,15.69,15.83,24321908,TRY
2013-09-23,15.88,15.98,15.4,15.49,25515362,TRY
2013-09-24,15.49,15.64,15.2,15.45,16861480,TRY
2013-09-25,15.4,15.49,14.96,15.06,33159592,TRY
2013-09-26,15.01,15.11,14.67,14.67,31450344,TRY
2013-09-27,14.67,14.72,14.43,14.43,16346735,TRY
2013-09-30,14.33,14.38,14.04,14.38,18561588,TRY
2013-10-01,14.57,14.91,14.57,14.91,25927184,TRY
2013-10-02,14.91,14.96,14.57,14.62,31279096,TRY
2013-10-03,14.77,15.11,14.62,15.06,19211788,TRY
2013-10-04,15.01,15.15,14.81,15.11,16120226,TRY
2013-10-07,14.96,15.11,14.77,15.01,14042279,TRY
2013-10-08,14.96,15.2,14.91,14.91,21311426,TRY
2013-10-09,14.96,15.11,14.77,14.86,22804866,TRY
2013-10-10,14.96,15.15,14.96,15.11,14711065,TRY
2013-10-11,15.2,15.45,15.15,15.35,13172831,TRY
2013-10-14,15.35,15.45,15.2,15.35,3560987,TRY
2013-10-21,16.32,16.32,15.59,15.69,29290652,TRY
2013-10-22,15.69,15.98,15.64,15.88,20146768,TRY
2013-10-23,15.83,15.93,15.64,15.69,17250316,TRY
2013-10-24,15.74,15.88,15.64,15.64,11819664,TRY
2013-10-25,15.69,15.98,15.64,15.88,12886287,TRY
2013-10-28,15.98,16.13,15.88,15.98,5925779,TRY
2013-10-30,16.08,16.22,15.88,15.88,12312999,TRY
2013-10-31,15.79,16.08,15.64,15.69,16593248,TRY
2013-11-01,15.74,15.88,15.64,15.74,21197218,TRY
2013-11-04,15.79,15.88,15.59,15.59,9722943,TRY
2013-11-05,15.54,15.79,14.91,14.91,15727105,TRY
2013-11-06,15.01,15.25,14.81,15.2,17598464,TRY
2013-11-07,15.11,15.54,15.06,15.25,17453804,TRY
2013-11-08,15.11,15.15,14.47,14.57,27600770,TRY
2013-11-11,14.57,14.72,14.18,14.23,17108926,TRY
2013-11-12,14.33,14.43,13.89,14.18,26452320,TRY
2013-11-13,14.18,14.43,13.94,14.43,21441846,TRY
2013-11-14,14.77,14.96,14.72,14.81,16918620,TRY
2013-11-15,14.91,15.11,14.86,14.91,12809470,TRY
2013-11-18,15.01,15.2,14.96,15.11,11998126,TRY
2013-11-19,15.06,15.15,14.72,14.81,20604232,TRY
2013-11-20,14.81,14.91,14.47,14.91,18513734,TRY
2013-11-21,14.62,14.86,14.57,14.81,19135898,TRY
2013-11-22,14.86,15.06,14.72,14.96,15101517,TRY
2013-11-25,15.25,15.49,15.25,15.35,16074938,TRY
2013-11-26,15.35,15.4,15.01,15.06,20455660,TRY
2013-11-27,15.06,15.15,14.86,14.86,13013772,TRY
2013-11-28,14.91,14.96,14.72,14.77,8395449,TRY
2013-11-29,14.81,15.11,14.77,15.06,12197174,TRY
2013-12-02,15.06,15.15,14.91,14.91,11255051,TRY
2013-12-03,14.91,14.96,14.38,14.43,23726380,TRY
2013-12-04,14.38,14.57,14.13,14.47,23501492,TRY
2013-12-05,14.47,14.52,14.23,14.23,14866071,TRY
2013-12-06,14.28,14.67,14.04,14.67,20119936,TRY
2013-12-09,14.81,14.86,14.67,14.72,11342924,TRY
2013-12-10,14.77,14.86,14.62,14.81,10006192,TRY
2013-12-11,14.72,15.11,14.72,14.77,13757728,TRY
2013-12-12,14.67,14.91,14.62,14.72,12869340,TRY
2013-12-13,14.86,15.06,14.86,15.06,14430376,TRY
2013-12-16,14.96,15.35,14.96,15.35,12843547,TRY
2013-12-17,14.77,14.91,13.11,13.45,65928832,TRY
2013-12-18,13.07,13.41,12.63,13.36,53125524,TRY
2013-12-19,13.11,13.31,11.95,12.19,65179840,TRY
2013-12-20,12.29,13.11,12.0,12.77,54629672,TRY
2013-12-23,13.07,13.11,12.19,12.58,34863460,TRY
2013-12-24,12.63,12.77,12.43,12.48,33899964,TRY
2013-12-25,12.58,12.73,11.75,11.8,27543220,TRY
2013-12-26,11.9,12.0,11.07,11.22,32055828,TRY
2013-12-27,11.17,11.32,10.39,11.32,39722656,TRY
2013-12-30,11.61,11.95,11.41,11.9,25151340,TRY
2013-12-31,11.95,12.09,11.66,11.8,24831338,TRY
2014-01-02,11.71,11.75,11.22,11.37,27872482,TRY
2014-01-03,11.41,11.56,11.22,11.32,26426212,TRY
2014-01-06,11.41,12.09,11.27,11.95,35712360,TRY
2014-01-07,11.95,12.34,11.75,12.24,39459812,TRY
2014-01-08,12.14,12.34,12.05,12.19,28824348,TRY
2014-01-09,12.05,12.19,11.9,12.0,16878728,TRY
2014-01-10,12.14,12.63,12.05,12.63,27158780,TRY
2014-01-13,12.73,12.82,12.63,12.68,22033128,TRY
2014-01-14,12.53,12.82,12.43,12.82,23076376,TRY
2014-01-15,12.82,13.02,12.77,12.87,21299848,TRY
2014-01-16,12.68,12.87,12.63,12.68,14440843,TRY
2014-01-17,12.73,12.77,12.29,12.29,16024954,TRY
2014-01-20,12.14,12.43,12.09,12.14,16216038,TRY
2014-01-21,12.34,12.73,12.19,12.34,25254388,TRY
2014-01-22,12.53,12.73,12.53,12.73,22002218,TRY
2014-01-23,12.63,12.87,12.39,12.53,38675480,TRY
2014-01-24,12.58,12.63,11.8,11.9,39514668,TRY
2014-01-27,11.85,12.29,11.71,12.09,31261754,TRY
2014-01-28,12.29,12.43,11.71,11.75,32236956,TRY
2014-01-29,11.95,11.95,10.69,10.88,87842352,TRY
2014-01-30,10.93,11.12,10.54,11.12,46812976,TRY
2014-01-31,11.12,11.12,10.78,10.83,33454932,TRY
2014-02-03,10.93,11.03,10.69,10.78,21850760,TRY
2014-02-04,10.69,11.17,10.54,11.07,44198504,TRY
2014-02-05,11.07,11.22,10.88,10.88,36028728,TRY
2014-02-06,10.98,11.37,10.93,11.37,37172660,TRY
2014-02-07,11.41,11.71,11.32,11.56,34576928,TRY
2014-02-10,11.51,11.61,11.37,11.51,24066620,TRY
2014-02-11,11.61,11.71,11.37,11.56,26201462,TRY
2014-02-12,11.66,11.75,11.41,11.41,25252036,TRY
2014-02-13,11.32,11.37,11.12,11.12,23275932,TRY
2014-02-14,11.22,11.51,11.17,11.46,27694530,TRY
2014-02-17,11.61,11.71,11.51,11.66,14383591,TRY
2014-02-18,11.71,11.71,11.27,11.41,21229628,TRY
2014-02-19,11.32,11.37,10.98,11.12,25415864,TRY
2014-02-20,11.03,11.17,10.88,11.12,26181596,TRY
2014-02-21,11.17,11.22,10.93,11.12,14115556,TRY
2014-02-24,11.17,11.17,11.03,11.12,10611727,TRY
2014-02-25,10.73,10.83,10.59,10.69,30489820,TRY
2014-02-26,10.73,10.88,10.44,10.49,24461440,TRY
2014-02-27,10.39,10.59,10.35,10.44,20968604,TRY
2014-02-28,10.49,10.69,10.44,10.54,19693704,TRY
2014-03-03,10.35,10.39,10.25,10.25,11090096,TRY
2014-03-04,10.44,10.78,10.44,10.78,14575190,TRY
2014-03-05,10.78,10.93,10.73,10.88,15855012,TRY
2014-03-06,10.88,11.17,10.88,11.03,22252056,TRY
2014-03-07,11.07,11.07,10.69,10.73,18147676,TRY
2014-03-10,10.69,10.73,10.35,10.49,23956050,TRY
2014-03-11,10.54,10.69,10.44,10.49,19249928,TRY
2014-03-12,10.35,10.59,10.3,10.54,28149484,TRY
2014-03-13,10.59,10.78,10.44,10.49,23282832,TRY
2014-03-14,10.39,10.59,10.35,10.54,27577504,TRY
2014-03-17,10.69,10.73,10.59,10.73,19045092,TRY
2014-03-18,10.78,11.41,10.73,11.41,32791862,TRY
2014-03-19,11.41,11.66,11.32,11.41,30240348,TRY
2014-03-20,11.32,11.61,11.32,11.41,26346728,TRY
2014-03-21,11.32,11.41,11.12,11.17,17963564,TRY
2014-03-24,11.17,11.32,10.88,10.93,18396544,TRY
2014-03-25,10.98,11.37,10.98,11.32,16099318,TRY
2014-03-26,11.46,12.39,11.46,12.29,39295840,TRY
2014-03-27,12.24,12.48,12.09,12.09,41266964,TRY
2014-03-28,12.19,12.68,12.19,12.63,44580536,TRY
2014-03-31,13.21,13.36,12.68,12.87,39784900,TRY
2014-04-01,12.87,13.26,12.82,13.21,27693748,TRY
2014-04-02,13.26,13.5,13.11,13.16,36465804,TRY
2014-04-03,13.21,13.55,13.21,13.31,31629094,TRY
2014-04-04,13.41,13.6,13.26,13.55,34496072,TRY
2014-04-07,13.47,13.72,13.37,13.62,22718364,TRY
2014-04-08,13.82,14.11,13.82,14.02,21817456,TRY
2014-04-09,13.97,14.06,13.52,13.57,27736818,TRY
2014-04-10,13.67,13.87,13.32,13.37,32415286,TRY
2014-04-11,13.18,13.27,12.93,13.13,31520192,TRY
2014-04-14,13.13,13.62,13.03,13.57,26124820,TRY
2014-04-15,13.67,13.82,12.98,13.08,32767792,TRY
2014-04-16,13.27,13.37,12.98,13.03,32374752,TRY
2014-04-17,13.18,13.27,13.08,13.23,23054656,TRY
2014-04-18,13.23,13.32,13.13,13.23,7035019,TRY
2014-04-21,13.23,13.32,13.13,13.18,10799887,TRY
2014-04-22,13.23,13.42,13.18,13.27,19705548,TRY
2014-04-24,13.32,13.47,13.18,13.18,27347452,TRY
2014-04-25,13.23,13.27,12.93,13.08,24574260,TRY
2014-04-28,13.13,13.37,12.98,13.32,24629316,TRY
2014-04-29,13.42,13.57,13.23,13.23,23274336,TRY
2014-04-30,13.27,13.92,13.27,13.92,34646256,TRY
2014-05-02,14.06,14.51,13.97,14.41,38605588,TRY
2014-05-05,14.46,14.61,14.21,14.36,31262856,TRY
2014-05-06,14.46,14.66,14.41,14.46,18822276,TRY
2014-05-07,14.41,14.56,14.16,14.41,24906804,TRY
2014-05-08,14.51,14.71,14.46,14.46,32669306,TRY
2014-05-09,14.51,14.56,14.26,14.36,21690668,TRY
2014-05-12,14.46,14.56,14.16,14.21,20338816,TRY
2014-05-13,14.31,14.41,14.16,14.21,27537988,TRY
2014-05-14,14.31,14.36,14.11,14.26,16284800,TRY
2014-05-15,14.31,14.51,14.11,14.16,21825948,TRY
2014-05-16,14.11,14.16,13.87,14.02,20749188,TRY
2014-05-20,14.11,14.41,14.02,14.41,19036338,TRY
2014-05-21,14.41,14.71,14.36,14.71,24320824,TRY
2014-05-22,14.8,15.3,14.61,15.25,34630944,TRY
2014-05-23,15.3,15.5,15.2,15.3,28244652,TRY
2014-05-26,15.35,15.64,15.25,15.64,13530703,TRY
2014-05-27,15.64,15.69,15.3,15.35,21151606,TRY
2014-05-28,15.35,15.79,15.25,15.5,26520664,TRY
2014-05-29,15.64,16.04,15.64,16.04,29996260,TRY
2014-05-30,16.19,16.33,16.04,16.09,20747856,TRY
2014-06-02,16.19,16.24,15.5,15.64,28299588,TRY
2014-06-03,15.74,15.99,15.5,15.69,26578012,TRY
2014-06-04,15.54,15.69,15.45,15.45,22770560,TRY
2014-06-05,15.54,16.14,15.54,15.89,46545768,TRY
2014-06-06,15.99,16.29,15.94,16.09,25070560,TRY
2014-06-09,16.24,16.43,16.24,16.33,16595862,TRY
2014-06-10,16.33,16.48,16.24,16.48,24080090,TRY
2014-06-11,16.48,16.53,15.4,15.54,53324904,TRY
2014-06-12,15.45,16.04,15.3,15.89,50914076,TRY
2014-06-13,15.74,15.94,15.59,15.69,27089148,TRY
2014-06-16,15.54,15.64,15.15,15.25,24640564,TRY
2014-06-17,15.35,15.59,15.3,15.4,25360228,TRY
2014-06-18,15.45,15.5,15.25,15.3,19078484,TRY
2014-06-19,15.64,15.74,15.5,15.5,17127952,TRY
2014-06-20,15.4,15.54,15.35,15.54,11537884,TRY
2014-06-23,15.64,15.99,15.59,15.89,14081016,TRY
2014-06-24,15.99,16.09,15.69,15.69,27337496,TRY
2014-06-25,15.45,15.84,15.4,15.79,22808012,TRY
2014-06-26,15.84,15.84,15.45,15.59,14970661,TRY
2014-06-27,15.64,15.84,15.59,15.64,8205278,TRY
2014-06-30,15.74,15.84,15.64,15.69,13060282,TRY
2014-07-01,15.74,15.79,15.15,15.25,26290782,TRY
2014-07-02,15.3,15.35,14.95,15.15,22333868,TRY
2014-07-03,15.1,15.35,15.05,15.3,20618252,TRY
2014-07-04,15.3,15.35,15.2,15.2,4762071,TRY
2014-07-07,15.1,15.5,15.1,15.4,25249088,TRY
2014-07-08,15.4,15.69,15.3,15.54,23352882,TRY
2014-07-09,15.64,15.74,15.5,15.54,15095409,TRY
2014-07-10,15.54,15.64,15.2,15.25,21509300,TRY
2014-07-11,15.3,15.5,15.25,15.45,12630061,TRY
2014-07-14,15.54,15.84,15.54,15.74,18959256,TRY
2014-07-15,15.79,15.99,15.74,15.84,25672104,TRY
2014-07-16,15.84,16.04,15.79,16.04,13673529,TRY
2014-07-17,16.09,16.19,15.79,15.89,28577428,TRY
2014-07-18,15.79,16.14,15.74,16.09,14937857,TRY
2014-07-21,16.24,16.38,16.19,16.19,12715216,TRY
2014-07-22,16.29,16.43,16.19,16.29,19140426,TRY
2014-07-23,16.38,16.73,16.38,16.53,17714226,TRY
2014-07-24,16.58,16.88,16.53,16.78,25570426,TRY
2014-07-25,16.83,16.88,16.43,16.73,21197854,TRY
2014-07-31,16.63,16.73,15.99,15.99,18726196,TRY
2014-08-01,16.04,16.09,15.64,15.99,24435248,TRY
2014-08-04,16.09,16.24,15.79,15.79,15819453,TRY
2014-08-05,15.94,15.99,15.3,15.35,20522332,TRY
2014-08-06,15.2,15.3,14.76,15.05,31542868,TRY
2014-08-07,15.05,15.2,14.71,14.76,24453628,TRY
2014-08-08,14.56,15.0,14.46,14.9,25020368,TRY
2014-08-11,15.3,15.3,14.46,14.51,32910264,TRY
2014-08-12,14.46,14.76,14.36,14.66,21175892,TRY
2014-08-13,14.76,14.85,14.36,14.56,29614200,TRY
2014-08-14,14.56,14.85,14.41,14.61,20819096,TRY
2014-08-15,14.71,14.76,14.36,14.41,16010391,TRY
2014-08-18,14.51,14.66,14.41,14.61,16966940,TRY
2014-08-19,14.66,15.25,14.66,15.15,35724544,TRY
2014-08-20,15.15,15.3,14.76,14.95,25120868,TRY
2014-08-21,14.9,15.05,14.85,15.0,11778977,TRY
2014-08-22,15.05,15.1,14.95,15.1,12621283,TRY
2014-08-25,15.15,15.3,15.1,15.3,10310359,TRY
2014-08-26,15.35,15.89,15.3,15.84,15777258,TRY
2014-08-27,15.89,15.99,15.59,15.59,20508838,TRY
2014-08-28,15.64,15.94,15.54,15.94,16906576,TRY
2014-08-29,15.94,16.09,15.54,15.64,17665312,TRY
2014-09-01,15.64,15.79,15.54,15.69,9745870,TRY
2014-09-02,15.74,15.84,15.59,15.64,13889113,TRY
2014-09-03,15.74,15.94,15.69,15.84,15237689,TRY
2014-09-04,15.84,16.38,15.79,16.29,20589668,TRY
2014-09-05,16.24,16.29,15.99,16.19,15520027,TRY
2014-09-08,16.19,16.38,16.14,16.24,14574675,TRY
2014-09-09,16.14,16.24,15.59,15.64,23351248,TRY
2014-09-10,15.64,15.69,15.3,15.5,26344350,TRY
2014-09-11,15.54,15.64,15.2,15.3,19362930,TRY
2014-09-12,15.3,15.4,14.76,14.8,23564448,TRY
2014-09-15,14.71,14.9,14.61,14.8,16669520,TRY
2014-09-16,14.71,15.1,14.66,15.05,21360628,TRY
2014-09-17,15.15,15.25,15.0,15.0,17708308,TRY
2014-09-18,14.8,14.9,14.56,14.56,24958484,TRY
2014-09-19,14.66,14.71,14.31,14.36,19925816,TRY
2014-09-22,14.36,14.61,14.31,14.46,13827407,TRY
2014-09-23,14.56,14.8,14.36,14.41,23623876,TRY
2014-09-24,14.46,14.61,14.02,14.11,22689096,TRY
2014-09-25,14.11,14.21,13.72,13.82,26748504,TRY
2014-09-26,13.82,13.92,13.32,13.57,32344604,TRY
2014-09-29,13.52,13.62,13.23,13.37,25050804,TRY
2014-09-30,13.47,13.52,13.27,13.52,25898724,TRY
2014-10-01,13.52,13.57,13.27,13.32,21157664,TRY
2014-10-02,13.32,13.57,13.32,13.42,15718533,TRY
2014-10-03,13.42,13.52,13.27,13.52,6179879,TRY
2014-10-08,13.32,13.42,13.18,13.32,18223030,TRY
2014-10-09,13.57,14.02,13.57,13.92,27089596,TRY
2014-10-10,13.67,13.77,13.37,13.42,20394628,TRY
2014-10-13,13.47,13.97,13.47,13.77,19150516,TRY
2014-10-14,13.77,13.97,13.47,13.72,30462860,TRY
2014-10-15,13.77,14.02,13.67,13.72,29723876,TRY
2014-10-16,13.82,13.92,13.37,13.52,38190528,TRY
2014-10-17,13.62,13.92,13.52,13.82,27600052,TRY
2014-10-20,14.02,14.11,13.77,13.97,25076872,TRY
2014-10-21,13.97,14.21,13.87,14.16,30521176,TRY
2014-10-22,14.21,14.31,14.11,14.26,20147758,TRY
2014-10-23,14.21,14.71,14.16,14.71,27657928,TRY
2014-10-24,14.71,14.76,14.51,14.61,16511362,TRY
2014-10-27,14.71,14.76,14.36,14.61,17318156,TRY
2014-10-28,14.66,14.66,14.51,14.66,8396740,TRY
2014-10-30,14.61,14.61,14.41,14.46,21183892,TRY
2014-10-31,14.71,14.76,14.56,14.66,30761436,TRY
2014-11-03,14.61,14.76,14.46,14.46,16969080,TRY
2014-11-04,14.56,14.66,14.36,14.46,21503446,TRY
2014-11-05,14.46,14.66,14.21,14.26,22955668,TRY
2014-11-06,14.31,14.41,13.52,13.52,39406384,TRY
2014-11-07,13.52,13.62,13.37,13.62,29198554,TRY
2014-11-10,13.72,13.77,13.42,13.47,13593614,TRY
2014-11-11,13.47,13.62,13.42,13.62,15159221,TRY
2014-11-12,13.72,14.36,13.67,14.26,26604770,TRY
2014-11-13,14.31,14.61,14.16,14.36,31168732,TRY
2014-11-14,14.31,14.61,14.31,14.56,22012474,TRY
2014-11-17,14.56,14.9,14.51,14.61,26549856,TRY
2014-11-18,14.71,14.85,14.66,14.76,16195818,TRY
2014-11-19,14.85,15.05,14.61,14.76,24198276,TRY
2014-11-20,14.71,14.95,14.56,14.9,25318104,TRY
2014-11-21,15.0,15.3,14.95,15.2,25233992,TRY
2014-11-24,15.1,15.2,15.0,15.15,14656591,TRY
2014-11-25,15.15,15.2,14.76,15.15,25079596,TRY
2014-11-26,15.15,15.45,15.1,15.4,18100696,TRY
2014-11-27,15.45,15.54,15.25,15.45,22317184,TRY
2014-11-28,15.45,15.84,15.35,15.59,52802200,TRY
2014-12-01,15.54,15.69,15.1,15.2,37449100,TRY
2014-12-02,15.3,15.3,14.61,14.61,38614024,TRY
2014-12-03,14.66,14.8,14.46,14.66,21198546,TRY
2014-12-04,14.61,14.95,14.56,14.9,21674778,TRY
2014-12-05,14.95,15.15,14.61,14.66,34601776,TRY
2014-12-08,14.66,14.71,14.41,14.51,16106544,TRY
2014-12-09,14.46,14.61,14.16,14.26,19491100,TRY
2014-12-10,14.36,14.51,14.26,14.31,21749828,TRY
2014-12-11,14.31,14.56,13.97,14.31,34011628,TRY
2014-12-12,14.31,14.31,13.67,13.67,34871544,TRY
2014-12-15,13.67,14.02,13.52,13.82,30060436,TRY
2014-12-16,13.77,13.92,12.78,12.93,72800984,TRY
2014-12-17,12.98,13.42,12.93,13.32,34917520,TRY
2014-12-18,13.57,13.77,13.47,13.67,41518204,TRY
2014-12-19,13.82,13.87,13.52,13.67,31159124,TRY
2014-12-22,13.32,13.52,13.18,13.47,35056856,TRY
2014-12-23,13.52,13.62,13.32,13.42,36365512,TRY
2014-12-24,13.47,13.57,13.42,13.52,6809949,TRY
2014-12-25,13.57,13.62,13.52,13.57,4262568,TRY
2014-12-26,13.62,13.72,13.57,13.62,6358476,TRY
2014-12-29,13.57,13.62,13.42,13.62,11524895,TRY
2014-12-30,13.52,13.77,13.47,13.52,17567848,TRY
2014-12-31,13.57,13.72,13.52,13.72,9575867,TRY
2015-01-02,13.67,13.87,13.62,13.77,17064312,TRY
2015-01-05,13.72,13.92,13.67,13.92,26298144,TRY
2015-01-06,13.97,14.16,13.82,14.16,34099036,TRY
2015-01-07,14.11,14.26,13.97,14.02,23450020,TRY
2015-01-08,14.16,14.31,14.16,14.21,18635044,TRY
2015-01-09,14.21,14.41,14.11,14.26,28091212,TRY
2015-01-12,14.31,14.56,14.21,14.56,32679676,TRY
2015-01-13,14.61,14.76,14.51,14.66,28807518,TRY
2015-01-14,14.51,14.71,14.46,14.56,21151240,TRY
2015-01-15,14.66,14.9,14.61,14.71,32198236,TRY
2015-01-16,14.71,14.76,14.56,14.61,22462406,TRY
2015-01-19,14.71,14.85,14.71,14.76,15316118,TRY
2015-01-20,14.8,15.45,14.76,15.2,48406248,TRY
2015-01-21,15.35,16.04,15.35,16.04,42731440,TRY
2015-01-22,16.09,16.09,15.54,15.99,38182540,TRY
2015-01-23,16.04,16.38,15.84,15.94,35177832,TRY
2015-01-26,15.89,16.24,15.84,16.24,16202561,TRY
2015-01-27,16.29,16.38,16.04,16.19,26313504,TRY
2015-01-28,16.33,16.33,15.94,16.14,21874216,TRY
2015-01-29,16.04,16.04,15.45,15.45,28233016,TRY
2015-01-30,15.5,15.74,15.4,15.59,27025976,TRY
2015-02-02,15.59,16.09,15.59,15.99,18101316,TRY
2015-02-03,16.09,16.09,15.3,15.3,35105312,TRY
2015-02-04,15.4,15.45,14.85,15.0,34380200,TRY
2015-02-05,15.0,15.25,14.9,15.15,23831754,TRY
2015-02-06,15.2,15.3,14.66,14.71,29857164,TRY
2015-02-09,14.71,14.71,14.21,14.61,36006628,TRY
2015-02-10,14.66,14.71,14.21,14.31,29858720,TRY
2015-02-11,14.41,14.61,14.26,14.36,25667058,TRY
2015-02-12,14.46,15.0,14.41,15.0,24538052,TRY
2015-02-13,15.05,15.25,14.9,15.15,18055092,TRY
2015-02-16,15.15,15.4,15.1,15.15,14276060,TRY
2015-02-17,15.0,15.15,14.61,14.61,27102974,TRY
2015-02-18,14.61,15.15,14.56,15.1,20845068,TRY
2015-02-19,15.3,15.35,15.05,15.25,19666656,TRY
2015-02-20,15.2,15.2,14.85,14.95,20767136,TRY
2015-02-23,14.95,15.15,14.85,15.1,16361635,TRY
2015-02-24,15.1,15.25,15.0,15.15,23116152,TRY
2015-02-25,15.3,15.45,15.05,15.15,23195792,TRY
2015-02-26,15.05,15.25,14.9,15.0,29189286,TRY
2015-02-27,15.0,15.15,14.51,14.76,34382388,TRY
2015-03-02,14.8,14.9,14.61,14.66,16999888,TRY
2015-03-03,14.8,14.95,14.61,14.76,18107974,TRY
2015-03-04,14.71,14.8,14.26,14.31,28190232,TRY
2015-03-05,14.06,14.16,13.72,13.87,33824776,TRY
2015-03-06,13.87,14.11,13.67,13.77,37933460,TRY
2015-03-09,13.92,13.97,13.57,13.62,31963616,TRY
2015-03-10,13.62,13.72,12.98,13.03,31491924,TRY
2015-03-11,13.13,13.18,12.39,12.58,45712544,TRY
2015-03-12,12.83,12.88,12.44,12.53,32091728,TRY
2015-03-13,12.58,12.68,12.14,12.19,27179916,TRY
2015-03-16,12.44,12.73,12.39,12.63,22527716,TRY
2015-03-17,12.73,12.93,12.63,12.88,19860584,TRY
2015-03-18,12.83,12.88,12.53,12.73,19398426,TRY
2015-03-19,13.13,13.32,12.98,13.23,31657048,TRY
2015-03-20,13.27,13.52,13.18,13.42,18994208,TRY
2015-03-23,13.42,13.82,13.32,13.72,16955712,TRY
2015-03-24,13.67,13.72,13.13,13.13,29969588,TRY
2015-03-25,13.23,13.47,13.18,13.32,15741464,TRY
2015-03-26,12.93,13.03,12.73,12.98,17733918,TRY
2015-03-27,12.88,12.93,12.58,12.73,14870895,TRY
2015-03-30,12.73,13.13,12.68,13.08,13882284,TRY
2015-03-31,13.08,13.23,12.63,12.68,22350152,TRY
2015-04-01,12.78,12.93,12.73,12.88,14325296,TRY
2015-04-02,12.93,12.98,12.83,12.83,10932736,TRY
2015-04-03,12.93,13.13,12.73,13.13,15235026,TRY
2015-04-06,13.13,13.42,13.13,13.37,10325910,TRY
2015-04-07,13.4,13.4,13.0,13.4,14240897,TRY
2015-04-08,13.35,13.45,13.1,13.4,18509888,TRY
2015-04-09,13.3,13.65,13.25,13.5,17470756,TRY
2015-04-10,13.55,13.65,13.1,13.2,17710812,TRY
2015-04-13,13.15,13.3,13.0,13.0,14379582,TRY
2015-04-14,12.9,13.2,12.8,13.15,20202112,TRY
2015-04-15,13.05,13.2,12.9,13.0,17279692,TRY
2015-04-16,13.15,13.3,13.1,13.15,12106374,TRY
2015-04-17,13.25,13.4,13.15,13.3,9420489,TRY
2015-04-20,13.4,13.45,13.15,13.15,14257954,TRY
2015-04-21,13.1,13.6,13.0,13.6,22001684,TRY
2015-04-22,13.6,13.7,13.3,13.3,18609534,TRY
2015-04-24,13.35,13.85,13.3,13.8,18804856,TRY
2015-04-27,13.85,14.35,13.8,14.25,20221804,TRY
2015-04-28,14.25,14.4,14.1,14.1,22328736,TRY
2015-04-29,14.15,14.35,13.85,13.95,28744954,TRY
2015-04-30,14.0,14.05,13.55,13.55,31483226,TRY
2015-05-04,13.55,13.75,13.45,13.7,18013856,TRY
2015-05-05,13.7,13.9,13.6,13.6,15410386,TRY
2015-05-06,13.65,13.8,13.45,13.5,22661236,TRY
2015-05-07,13.5,13.6,13.3,13.4,17290430,TRY
2015-05-08,13.45,13.85,13.3,13.85,16590839,TRY
2015-05-11,13.85,14.1,13.85,13.9,16686753,TRY
2015-05-12,13.9,14.05,13.8,14.05,12842038,TRY
2015-05-13,14.05,14.45,14.05,14.4,18350376,TRY
2015-05-14,14.4,14.85,14.35,14.7,26740012,TRY
2015-05-15,14.75,14.85,14.55,14.55,18129564,TRY
2015-05-18,14.6,14.9,14.55,14.85,13474029,TRY
2015-05-20,14.75,14.85,14.4,14.5,25110280,TRY
2015-05-21,14.55,14.65,14.15,14.15,25494048,TRY
2015-05-22,14.15,14.2,13.7,13.8,23364594,TRY
2015-05-25,13.75,13.75,13.4,13.45,15815038,TRY
2015-05-26,13.45,13.7,13.4,13.45,20002462,TRY
2015-05-27,13.55,13.65,13.3,13.55,24698558,TRY
2015-05-28,13.6,13.7,13.4,13.4,19972864,TRY
2015-05-29,13.45,13.65,13.25,13.35,21712428,TRY
2015-06-01,13.3,13.3,12.85,12.9,17679696,TRY
2015-06-02,12.95,13.15,12.85,13.1,21135708,TRY
2015-06-03,13.1,13.5,13.0,13.5,21762224,TRY
2015-06-04,13.4,13.4,13.2,13.3,23241000,TRY
2015-06-05,13.2,13.45,13.0,13.1,26725816,TRY
2015-06-08,11.8,11.95,11.45,11.75,40514064,TRY
2015-06-09,11.9,11.95,11.7,11.8,28800552,TRY
2015-06-10,11.85,12.3,11.85,12.25,26971206,TRY
2015-06-11,12.3,12.35,12.1,12.3,27872024,TRY
2015-06-12,12.25,12.25,12.0,12.05,22691976,TRY
2015-06-15,12.05,12.05,11.7,11.7,26455082,TRY
2015-06-16,11.75,11.9,11.65,11.9,13899839,TRY
2015-06-17,11.9,12.05,11.85,12.05,17955532,TRY
2015-06-18,12.2,12.35,12.1,12.35,16396930,TRY
2015-06-19,11.94,12.08,11.84,11.99,17652586,TRY
2015-06-22,12.08,12.32,12.08,12.28,23861096,TRY
2015-06-23,12.32,12.37,11.99,12.13,23381660,TRY
2015-06-24,12.13,12.32,12.03,12.32,26208310,TRY
2015-06-25,12.32,12.37,12.03,12.08,24988974,TRY
2015-06-26,12.03,12.28,11.99,12.18,18453660,TRY
2015-06-29,11.99,12.03,11.74,11.79,22617092,TRY
2015-06-30,11.84,11.94,11.74,11.94,16099345,TRY
2015-07-01,11.94,12.03,11.7,11.74,13867091,TRY
2015-07-02,11.7,11.74,11.41,11.74,24119844,TRY
2015-07-03,11.74,11.79,11.65,11.7,8835636,TRY
2015-07-06,11.6,11.89,11.5,11.89,22414180,TRY
2015-07-07,11.94,11.99,11.6,11.65,14348191,TRY
2015-07-08,11.55,11.6,11.21,11.26,18098124,TRY
2015-07-09,11.41,11.79,11.36,11.74,14604400,TRY
2015-07-10,11.84,12.28,11.84,12.13,23164684,TRY
2015-07-13,12.03,12.28,11.94,12.18,16956026,TRY
2015-07-14,12.23,12.42,12.13,12.23,16182760,TRY
2015-07-15,12.28,12.32,12.03,12.23,11799275,TRY
2015-07-16,12.23,12.28,12.13,12.13,4789116,TRY
2015-07-20,12.13,12.18,11.65,11.74,15791034,TRY
2015-07-21,11.84,11.94,11.65,11.84,14790930,TRY
2015-07-22,11.89,11.94,11.6,11.7,18889298,TRY
2015-07-23,11.65,11.7,11.21,11.26,19114494,TRY
2015-07-24,11.21,11.45,11.16,11.36,12341558,TRY
2015-07-27,11.31,11.41,10.97,11.02,22572412,TRY
2015-07-28,11.12,11.36,11.07,11.21,15146253,TRY
2015-07-29,11.21,11.26,11.12,11.16,14219938,TRY
2015-07-30,11.07,11.36,11.07,11.26,16128519,TRY
2015-07-31,11.36,11.7,11.26,11.7,20939904,TRY
2015-08-03,11.65,11.65,11.36,11.36,19020756,TRY
2015-08-04,11.45,11.45,11.21,11.26,13119823,TRY
2015-08-05,11.21,11.31,11.16,11.26,11772312,TRY
2015-08-06,11.31,11.45,11.26,11.36,14446166,TRY
2015-08-07,11.41,11.45,11.26,11.31,8573745,TRY
2015-08-10,11.31,11.41,11.07,11.16,11189444,TRY
2015-08-11,11.41,11.5,11.36,11.45,14551944,TRY
2015-08-12,11.31,11.31,11.12,11.12,8687662,TRY
2015-08-13,11.12,11.16,10.83,10.92,22957920,TRY
2015-08-14,10.83,10.97,10.78,10.87,15586323,TRY
2015-08-17,10.87,10.92,10.63,10.73,19578556,TRY
2015-08-18,10.58,10.68,10.39,10.44,13113062,TRY
2015-08-19,10.49,10.58,10.39,10.39,13628678,TRY
2015-08-20,10.34,10.39,10.05,10.25,20585672,TRY
2015-08-21,10.15,10.29,10.1,10.25,12563697,TRY
2015-08-24,10.0,10.15,9.91,10.05,18658758,TRY
2015-08-25,10.25,10.58,10.15,10.49,18970748,TRY
2015-08-26,10.44,10.68,10.34,10.58,15725239,TRY
2015-08-27,10.83,10.87,10.63,10.68,12924969,TRY
2015-08-28,10.78,10.78,10.54,10.58,13859602,TRY
2015-08-31,10.58,10.83,10.58,10.78,9849943,TRY
2015-09-01,10.68,10.73,10.29,10.34,19847248,TRY
2015-09-02,10.44,10.49,10.25,10.25,15927908,TRY
2015-09-03,10.29,10.39,10.1,10.2,19619192,TRY
2015-09-04,10.1,10.29,10.05,10.05,20673620,TRY
2015-09-07,9.96,10.0,9.86,9.91,11058221,TRY
2015-09-08,10.0,10.1,9.91,10.0,12586677,TRY
2015-09-09,10.2,10.2,10.0,10.05,10337588,TRY
2015-09-10,9.96,10.05,9.91,10.0,10498794,TRY
2015-09-11,10.05,10.05,9.76,9.76,13991298,TRY
2015-09-14,9.81,9.81,9.23,9.24,58389176,TRY
2015-09-15,9.28,9.72,9.23,9.68,75208112,TRY
2015-09-16,9.71,9.96,9.69,9.91,26908592,TRY
2015-09-17,9.86,10.0,9.76,9.91,16910728,TRY
2015-09-18,9.91,9.91,9.57,9.81,24584794,TRY
2015-09-21,9.76,10.05,9.71,10.05,17537600,TRY
2015-09-22,10.05,10.1,9.71,9.86,17181954,TRY
2015-09-23,9.81,9.91,9.76,9.86,4657599,TRY
2015-09-28,9.81,9.91,9.67,9.67,21178052,TRY
2015-09-29,9.57,9.81,9.52,9.81,36014536,TRY
2015-09-30,9.91,9.91,9.67,9.76,20853724,TRY
2015-10-01,9.86,9.91,9.71,9.81,21548924,TRY
2015-10-02,9.81,9.86,9.62,9.67,29187830,TRY
2015-10-05,9.86,10.2,9.81,10.2,23744762,TRY
2015-10-06,10.2,10.39,10.15,10.2,22385714,TRY
2015-10-07,10.29,10.73,10.25,10.68,35598904,TRY
2015-10-08,10.58,10.73,10.54,10.63,22259762,TRY
2015-10-09,10.73,10.97,10.68,10.92,25714430,TRY
2015-10-12,10.83,11.02,10.83,10.83,24840358,TRY
2015-10-13,10.83,10.92,10.44,10.54,23954332,TRY
2015-10-14,10.54,10.87,10.54,10.87,16117423,TRY
2015-10-15,11.02,11.12,10.68,10.68,32482076,TRY
2015-10-16,10.73,10.78,10.54,10.63,21520274,TRY
2015-10-19,10.68,10.87,10.68,10.78,23025664,TRY
2015-10-20,10.78,10.92,10.73,10.92,24111500,TRY
2015-10-21,10.87,10.92,10.63,10.68,31513244,TRY
2015-10-22,10.68,10.83,10.63,10.78,31541904,TRY
2015-10-23,10.87,10.97,10.68,10.68,41735480,TRY
2015-10-26,10.68,10.78,10.54,10.54,24240716,TRY
2015-10-27,10.54,10.63,10.29,10.39,22114712,TRY
2015-10-28,10.39,10.44,10.25,10.34,7789111,TRY
2015-10-30,10.29,10.63,10.15,10.58,26124176,TRY
2015-11-02,11.41,12.23,11.41,12.13,54510672,TRY
2015-11-03,12.18,12.28,11.94,11.94,38102712,TRY
2015-11-04,12.03,12.18,12.03,12.18,24239496,TRY
2015-11-05,12.03,12.08,11.89,11.99,22488084,TRY
2015-11-06,11.99,11.99,11.65,11.74,29755350,TRY
2015-11-09,11.74,11.99,11.7,11.84,25795628,TRY
2015-11-10,11.89,12.03,11.7,11.79,29361448,TRY
2015-11-11,11.79,12.03,11.79,11.89,23210546,TRY
2015-11-12,11.99,12.03,11.84,12.03,20185904,TRY
2015-11-13,11.99,12.08,11.89,12.08,29182774,TRY
2015-11-16,11.99,12.08,11.79,11.89,22075310,TRY
2015-11-17,11.89,11.99,11.89,11.89,18426304,TRY
2015-11-18,11.84,11.94,11.6,11.65,17997908,TRY
2015-11-19,11.74,11.84,11.6,11.65,28760652,TRY
2015-11-20,11.65,11.79,11.6,11.74,25489316,TRY
2015-11-23,11.74,11.74,11.45,11.5,17755368,TRY
2015-11-24,11.55,11.6,10.78,10.92,55345808,TRY
2015-11-25,11.02,11.02,10.78,10.92,39532988,TRY
2015-11-26,10.87,10.92,10.34,10.34,37542936,TRY
2015-11-27,10.29,10.83,10.29,10.73,46104724,TRY
2015-11-30,10.77,10.85,10.54,10.54,19884512,TRY
2015-12-01,10.56,10.87,10.56,10.83,30222328,TRY
2015-12-02,10.94,10.98,10.71,10.74,30262100,TRY
2015-12-03,10.78,10.86,10.52,10.54,26253912,TRY
2015-12-04,10.63,10.63,10.18,10.44,28130828,TRY
2015-12-07,10.49,10.49,10.24,10.39,22842932,TRY
2015-12-08,10.33,10.48,10.23,10.24,15647608,TRY
2015-12-09,10.29,10.66,10.18,10.64,22164120,TRY
2015-12-10,10.56,10.72,10.2,10.23,22737228,TRY
2015-12-11,10.27,10.29,9.86,9.88,25462836,TRY
2015-12-14,9.95,10.14,9.62,9.66,25198872,TRY
2015-12-15,9.76,10.29,9.7,10.23,29748240,TRY
2015-12-16,10.29,10.54,10.11,10.43,23432696,TRY
2015-12-17,10.63,10.69,10.43,10.56,22752424,TRY
2015-12-18,10.53,10.55,10.28,10.31,22570176,TRY
2015-12-21,10.4,10.61,10.38,10.5,19103650,TRY
2015-12-22,10.5,10.55,10.27,10.43,18141164,TRY
2015-12-23,10.49,10.61,10.46,10.47,16213962,TRY
2015-12-24,10.5,10.53,10.37,10.37,8702464,TRY
2015-12-25,10.39,10.39,10.34,10.38,3269931,TRY
2015-12-28,10.41,10.56,10.4,10.45,9611638,TRY
2015-12-29,10.49,10.5,10.38,10.41,12623273,TRY
2015-12-30,10.41,10.45,10.24,10.28,10828947,TRY
2015-12-31,10.3,10.33,10.01,10.04,12684411,TRY
2016-01-04,9.87,9.92,9.76,9.85,15464878,TRY
2016-01-05,9.9,9.93,9.68,9.82,24250368,TRY
2016-01-06,9.76,9.92,9.65,9.88,34048824,TRY
2016-01-07,9.8,9.91,9.67,9.9,28252752,TRY
2016-01-08,10.0,10.01,9.7,9.71,29184720,TRY
2016-01-11,9.67,9.86,9.63,9.77,20770920,TRY
2016-01-12,9.76,9.89,9.71,9.84,30888490,TRY
2016-01-13,9.91,10.04,9.88,9.98,25155708,TRY
2016-01-14,9.93,9.95,9.78,9.85,29439176,TRY
2016-01-15,9.83,9.9,9.62,9.67,38564140,TRY
2016-01-18,9.71,9.73,9.64,9.65,27836080,TRY
2016-01-19,9.77,9.78,9.65,9.66,27081718,TRY
2016-01-20,9.61,9.65,9.42,9.42,32308766,TRY
2016-01-21,9.45,9.46,9.22,9.27,34710184,TRY
2016-01-22,9.47,9.51,9.36,9.47,28999628,TRY
2016-01-25,9.57,9.58,9.44,9.46,22328992,TRY
2016-01-26,9.42,9.72,9.36,9.67,30882224,TRY
2016-01-27,9.68,9.86,9.67,9.75,37576112,TRY
2016-01-28,9.8,9.91,9.78,9.8,31882408,TRY
2016-01-29,9.88,9.95,9.82,9.84,31820880,TRY
2016-02-01,9.85,9.86,9.67,9.75,27709800,TRY
2016-02-02,9.78,9.81,9.47,9.47,36229808,TRY
2016-02-03,9.45,9.69,9.42,9.58,33328324,TRY
2016-02-04,9.73,9.8,9.69,9.77,33065486,TRY
2016-02-05,9.77,9.86,9.72,9.77,28908240,TRY
2016-02-08,9.78,9.83,9.36,9.37,31001228,TRY
2016-02-09,9.32,9.41,9.12,9.25,37426824,TRY
2016-02-10,9.29,9.38,9.11,9.18,40742832,TRY
2016-02-11,9.1,9.19,8.97,9.08,42591556,TRY
2016-02-12,9.15,9.26,9.13,9.2,24192184,TRY
2016-02-15,9.23,9.28,9.0,9.11,36483424,TRY
2016-02-16,9.2,9.25,9.09,9.1,23554274,TRY
2016-02-17,9.1,9.47,9.06,9.42,33676372,TRY
2016-02-18,9.42,9.53,9.28,9.45,29007536,TRY
2016-02-19,9.4,9.42,9.23,9.28,23393438,TRY
2016-02-22,9.38,9.6,9.38,9.6,28089464,TRY
2016-02-23,9.6,9.8,9.55,9.69,31463292,TRY
2016-02-24,9.71,9.74,9.39,9.41,31165602,TRY
2016-02-25,9.48,9.57,9.42,9.53,29685308,TRY
2016-02-26,9.59,9.71,9.53,9.55,29572988,TRY
2016-02-29,9.51,9.69,9.47,9.67,28152748,TRY
2016-03-01,9.71,9.78,9.69,9.72,21221308,TRY
2016-03-02,9.83,9.95,9.79,9.86,25403928,TRY
2016-03-03,9.91,10.06,9.89,10.01,22485220,TRY
2016-03-04,10.05,10.11,9.93,10.05,42232224,TRY
2016-03-07,10.08,10.21,10.03,10.07,23621740,TRY
2016-03-08,10.04,10.34,10.03,10.29,24299428,TRY
2016-03-09,10.32,10.39,10.25,10.35,24508532,TRY
2016-03-10,10.35,10.52,10.3,10.38,32578790,TRY
2016-03-11,10.49,10.61,10.47,10.58,24202178,TRY
2016-03-14,10.53,10.62,10.51,10.56,21593956,TRY
2016-03-15,10.57,10.58,10.23,10.24,29846402,TRY
2016-03-16,10.26,10.31,10.12,10.22,23127330,TRY
2016-03-17,10.45,10.63,10.41,10.63,29239412,TRY
2016-03-18,10.66,10.79,10.59,10.79,23516724,TRY
2016-03-21,10.76,11.12,10.72,11.12,29844616,TRY
2016-03-22,10.7,10.86,10.07,10.15,94175248,TRY
2016-03-23,10.13,10.22,9.71,9.71,77893800,TRY
2016-03-24,9.73,9.98,9.71,9.94,62461996,TRY
2016-03-25,9.96,10.04,9.94,9.94,16264582,TRY
2016-03-28,9.98,9.99,9.83,9.84,14893996,TRY
2016-03-29,9.93,9.98,9.84,9.84,27569172,TRY
2016-03-30,9.98,10.07,9.93,10.01,42723744,TRY
2016-03-31,10.02,10.19,10.02,10.12,35216900,TRY
2016-04-01,10.11,10.14,9.84,9.88,36733536,TRY
2016-04-04,10.02,10.09,9.91,10.05,29215872,TRY
2016-04-05,10.02,10.03,9.89,9.94,27027604,TRY
2016-04-06,9.98,10.01,9.75,9.76,33556680,TRY
2016-04-07,9.82,9.89,9.7,9.7,28125020,TRY
2016-04-08,9.74,9.8,9.65,9.77,22832424,TRY
2016-04-11,9.81,10.34,9.79,10.28,51784892,TRY
2016-04-12,10.33,10.44,10.1,10.17,52440472,TRY
2016-04-13,10.25,10.43,10.25,10.39,41306648,TRY
2016-04-14,10.41,10.56,10.37,10.47,42908600,TRY
2016-04-15,10.5,10.55,10.42,10.51,29625984,TRY
2016-04-18,10.45,10.79,10.43,10.76,43264932,TRY
2016-04-19,10.76,10.77,10.48,10.66,45713284,TRY
2016-04-20,10.63,11.0,10.61,10.79,50114776,TRY
2016-04-21,10.87,10.98,10.72,10.77,24341680,TRY
2016-04-22,10.79,10.9,10.75,10.8,19341976,TRY
2016-04-25,10.84,10.95,10.59,10.61,23981668,TRY
2016-04-26,10.64,10.85,10.64,10.81,22471672,TRY
2016-04-27,10.83,10.9,10.71,10.71,19042612,TRY
2016-04-28,10.78,10.86,10.58,10.71,24047230,TRY
2016-04-29,10.73,10.76,10.57,10.58,16034597,TRY
2016-05-02,10.57,10.57,10.37,10.37,17825372,TRY
2016-05-03,10.44,10.46,9.86,9.89,35254672,TRY
2016-05-04,9.89,9.97,9.69,9.76,36548720,TRY
2016-05-05,9.48,9.74,9.41,9.51,35204220,TRY
2016-05-06,9.51,9.6,9.17,9.28,41838712,TRY
2016-05-09,9.39,9.49,9.37,9.38,20811162,TRY
2016-05-10,9.39,9.48,9.3,9.34,19483492,TRY
2016-05-11,9.37,9.42,9.3,9.4,18493026,TRY
2016-05-12,9.4,9.52,9.33,9.34,21744572,TRY
2016-05-13,9.29,9.38,9.23,9.24,20835960,TRY
2016-05-16,9.27,9.35,9.01,9.02,22956744,TRY
2016-05-17,9.21,9.21,8.89,9.02,33483272,TRY
2016-05-18,8.94,9.01,8.85,8.96,36970500,TRY
2016-05-20,9.02,9.04,8.71,8.72,30855680,TRY
2016-05-23,8.76,8.88,8.72,8.84,16369196,TRY
2016-05-24,8.81,9.29,8.81,9.21,40718212,TRY
2016-05-25,9.27,9.37,9.12,9.15,25761916,TRY
2016-05-26,9.01,9.01,8.83,8.88,28846164,TRY
2016-05-27,8.91,8.94,8.81,8.84,19876292,TRY
2016-05-30,8.85,8.91,8.81,8.83,13867751,TRY
2016-05-31,8.9,8.91,8.75,8.75,23748716,TRY
2016-06-01,8.82,8.92,8.7,8.77,31110924,TRY
2016-06-02,8.8,8.86,8.7,8.71,21844366,TRY
2016-06-03,8.73,9.0,8.71,8.93,27543668,TRY
2016-06-06,8.99,9.02,8.92,8.95,19602258,TRY
2016-06-07,8.96,9.15,8.91,8.93,39440200,TRY
2016-06-08,8.97,9.04,8.88,9.02,24737224,TRY
2016-06-09,9.01,9.09,8.92,8.94,23647570,TRY
2016-06-10,8.94,9.0,8.75,8.79,20593232,TRY
2016-06-13,8.73,8.75,8.51,8.57,28635654,TRY
2016-06-14,8.56,8.67,8.44,8.55,23634848,TRY
2016-06-15,8.62,8.66,8.55,8.56,22229144,TRY
2016-06-16,8.49,8.57,8.33,8.33,19945458,TRY
2016-06-17,8.42,8.49,8.37,8.43,23268144,TRY
2016-06-20,8.55,8.65,8.5,8.65,21134274,TRY
2016-06-21,8.66,9.06,8.64,9.01,45581824,TRY
2016-06-22,9.06,9.21,8.92,8.93,26166206,TRY
2016-06-23,8.96,9.15,8.94,9.06,29497804,TRY
2016-06-24,8.46,8.67,8.44,8.56,36777768,TRY
2016-06-27,8.58,8.63,8.4,8.44,41098672,TRY
2016-06-28,8.56,8.6,8.54,8.58,24534996,TRY
2016-06-29,8.57,8.62,8.46,8.47,29544028,TRY
2016-06-30,8.48,8.52,8.38,8.41,22944564,TRY
2016-07-01,8.45,8.48,8.41,8.43,20331828,TRY
2016-07-04,8.44,8.47,8.42,8.42,5503018,TRY
2016-07-08,8.42,8.42,8.35,8.37,28892520,TRY
2016-07-11,8.44,8.52,8.42,8.52,29330272,TRY
2016-07-12,8.54,8.85,8.54,8.84,51079600,TRY
2016-07-13,8.86,9.15,8.84,9.07,40758628,TRY
2016-07-14,9.14,9.27,9.13,9.14,35395864,TRY
2016-07-15,9.14,9.22,9.12,9.19,17552992,TRY
2016-07-18,8.86,8.95,7.99,8.27,53815760,TRY
2016-07-19,8.21,8.6,8.12,8.35,45471092,TRY
2016-07-20,8.41,8.44,8.03,8.07,40811076,TRY
2016-07-21,8.02,8.04,7.4,7.4,56527472,TRY
2016-07-22,7.52,7.54,7.24,7.37,49260392,TRY
2016-07-25,7.49,7.63,7.45,7.62,29353564,TRY
2016-07-26,7.68,7.73,7.47,7.53,31776300,TRY
2016-07-27,7.59,7.68,7.55,7.68,27974180,TRY
2016-07-28,7.75,7.84,7.65,7.69,44077816,TRY
2016-07-29,7.7,7.78,7.61,7.74,36330932,TRY
2016-08-01,7.87,7.92,7.8,7.86,25042960,TRY
2016-08-02,7.91,8.04,7.86,8.01,52078424,TRY
2016-08-03,8.0,8.0,7.72,7.74,38876264,TRY
2016-08-04,7.77,8.08,7.71,8.07,41168536,TRY
2016-08-05,8.11,8.17,7.98,8.08,25411308,TRY
2016-08-08,8.35,8.44,8.29,8.41,22892732,TRY
2016-08-09,8.43,8.84,8.42,8.68,44101268,TRY
2016-08-10,8.71,8.85,8.38,8.48,36398848,TRY
2016-08-11,8.49,8.64,8.44,8.62,30681786,TRY
2016-08-12,8.65,8.71,8.51,8.55,27870224,TRY
2016-08-15,8.61,8.68,8.57,8.62,17978544,TRY
2016-08-16,8.66,8.69,8.51,8.51,25045048,TRY
2016-08-17,8.51,8.66,8.49,8.6,20771884,TRY
2016-08-18,8.69,8.75,8.6,8.67,21120896,TRY
2016-08-19,8.67,8.72,8.57,8.7,17027000,TRY
2016-08-22,8.63,8.68,8.57,8.67,17477520,TRY
2016-08-23,8.71,8.92,8.71,8.78,28259046,TRY
2016-08-24,8.65,8.72,8.41,8.69,26890964,TRY
2016-08-25,8.72,8.91,8.72,8.89,27533162,TRY
2016-08-26,8.88,8.97,8.84,8.92,27581340,TRY
2016-08-29,8.87,8.91,8.68,8.68,19851108,TRY
2016-08-31,8.69,8.82,8.69,8.74,21353186,TRY
2016-09-01,8.8,8.85,8.74,8.75,22157376,TRY
2016-09-02,8.77,8.96,8.74,8.93,29661836,TRY
2016-09-05,8.99,9.13,8.99,9.13,21022744,TRY
2016-09-06,9.2,9.22,9.01,9.03,21978462,TRY
2016-09-07,9.08,9.12,8.93,8.98,17391376,TRY
2016-09-08,9.01,9.14,9.01,9.11,31612758,TRY
2016-09-09,9.08,9.16,9.02,9.09,24904644,TRY
2016-09-16,9.13,9.14,8.97,9.02,20203276,TRY
2016-09-19,9.11,9.21,9.07,9.2,19172820,TRY
2016-09-20,9.21,9.23,9.13,9.17,17342294,TRY
2016-09-21,9.19,9.42,9.16,9.35,30007544,TRY
2016-09-22,9.59,9.77,9.53,9.69,31896294,TRY
2016-09-23,9.7,9.78,9.59,9.61,23019014,TRY
2016-09-26,8.96,9.05,8.77,8.84,58211116,TRY
2016-09-27,8.91,8.98,8.84,8.91,44079776,TRY
2016-09-28,8.95,9.04,8.92,9.01,44367008,TRY
2016-09-29,9.04,9.09,8.89,8.92,34672652,TRY
2016-09-30,8.86,8.99,8.79,8.98,27958086,TRY
2016-10-03,9.02,9.13,9.01,9.04,27929542,TRY
2016-10-04,9.06,9.07,8.95,8.95,27063808,TRY
2016-10-05,8.89,8.99,8.82,8.92,39548868,TRY
2016-10-06,8.98,9.09,8.97,8.97,33985744,TRY
2016-10-07,9.01,9.04,8.94,8.99,33247848,TRY
2016-10-10,9.03,9.05,8.91,8.93,27628166,TRY
2016-10-11,8.9,8.94,8.76,8.78,37439548,TRY
2016-10-12,8.83,8.91,8.76,8.82,39795840,TRY
2016-10-13,8.82,8.84,8.61,8.63,35215036,TRY
2016-10-14,8.67,8.8,8.64,8.76,19794142,TRY
2016-10-17,8.74,8.78,8.66,8.77,20390752,TRY
2016-10-18,8.82,9.04,8.82,8.99,40014480,TRY
2016-10-19,9.05,9.15,9.01,9.14,29022350,TRY
2016-10-20,9.11,9.2,9.08,9.15,27764526,TRY
2016-10-21,9.12,9.18,9.06,9.1,17457528,TRY
2016-10-24,9.16,9.3,9.15,9.3,22106230,TRY
2016-10-25,9.28,9.39,9.23,9.26,25348196,TRY
2016-10-26,9.27,9.32,9.21,9.26,21538196,TRY
2016-10-27,9.21,9.26,9.15,9.17,13959372,TRY
2016-10-28,9.15,9.17,9.02,9.08,10492799,TRY
2016-10-31,9.13,9.25,9.13,9.25,15362668,TRY
2016-11-01,9.27,9.35,9.1,9.16,29326592,TRY
2016-11-02,9.13,9.23,9.12,9.18,14082215,TRY
2016-11-03,9.21,9.3,9.18,9.24,18653168,TRY
2016-11-04,9.16,9.18,8.84,8.89,33054302,TRY
2016-11-07,9.15,9.21,9.02,9.18,22528574,TRY
2016-11-08,9.17,9.27,9.07,9.2,26461802,TRY
2016-11-09,8.96,9.25,8.95,9.25,25881606,TRY
2016-11-10,9.35,9.48,9.3,9.41,32348612,TRY
2016-11-11,9.39,9.45,9.14,9.14,25713304,TRY
2016-11-14,9.16,9.18,8.92,8.95,29108536,TRY
2016-11-15,8.98,9.14,8.98,9.13,30619392,TRY
2016-11-16,9.16,9.19,8.96,8.99,32505924,TRY
2016-11-17,9.02,9.24,9.02,9.18,40835736,TRY
2016-11-18,9.2,9.21,9.02,9.21,41105044,TRY
2016-11-21,9.24,9.26,9.13,9.15,30175732,TRY
2016-11-22,9.14,9.26,9.09,9.2,26213600,TRY
2016-11-23,9.23,9.25,8.98,9.03,28099576,TRY
2016-11-24,9.01,9.08,8.74,8.76,44020436,TRY
2016-11-25,8.76,8.9,8.69,8.84,32480396,TRY
2016-11-28,8.96,9.03,8.91,8.93,22691940,TRY
2016-11-29,8.91,8.97,8.81,8.83,31033560,TRY
2016-11-30,8.85,8.87,8.61,8.65,35425824,TRY
2016-12-01,8.7,8.71,8.36,8.47,32969798,TRY
2016-12-02,8.48,8.65,8.4,8.62,31917304,TRY
2016-12-05,8.57,8.69,8.53,8.66,33030888,TRY
2016-12-06,8.7,8.84,8.7,8.81,40753484,TRY
2016-12-07,8.81,8.92,8.75,8.91,41750236,TRY
2016-12-08,8.92,9.02,8.81,8.89,35968988,TRY
2016-12-09,8.93,8.99,8.88,8.95,23112148,TRY
2016-12-12,8.91,9.1,8.85,9.1,32383616,TRY
2016-12-13,9.12,9.15,9.04,9.13,26635096,TRY
2016-12-14,9.11,9.14,8.98,8.98,32115318,TRY
2016-12-15,8.9,9.21,8.9,9.21,38860552,TRY
2016-12-16,9.21,9.24,9.14,9.17,18677622,TRY
2016-12-19,9.2,9.26,9.19,9.21,16888796,TRY
2016-12-20,9.19,9.29,9.12,9.28,23116252,TRY
2016-12-21,9.29,9.34,9.22,9.22,18795760,TRY
2016-12-22,9.22,9.27,9.18,9.25,15695937,TRY
2016-12-23,9.25,9.27,9.16,9.17,9285475,TRY
2016-12-26,9.19,9.21,9.16,9.16,3058505,TRY
2016-12-27,9.17,9.21,9.06,9.15,9690283,TRY
2016-12-28,9.15,9.24,9.11,9.21,12751846,TRY
2016-12-29,9.21,9.25,9.19,9.2,7022310,TRY
2016-12-30,9.21,9.21,9.14,9.2,9715872,TRY
2017-01-02,9.18,9.22,9.16,9.21,7553917,TRY
2017-01-03,9.22,9.25,9.08,9.08,19525482,TRY
2017-01-04,9.11,9.18,8.94,8.95,28335988,TRY
2017-01-05,8.99,9.05,8.86,8.93,29829058,TRY
2017-01-06,8.93,9.08,8.89,9.05,19512974,TRY
2017-01-09,9.01,9.11,8.98,9.09,14572496,TRY
2017-01-10,9.06,9.24,9.06,9.21,26213196,TRY
2017-01-11,9.19,9.4,9.11,9.36,28437894,TRY
2017-01-12,9.39,10.37,9.36,10.31,71410376,TRY
2017-01-13,10.24,10.29,10.01,10.09,35101572,TRY
2017-01-16,10.12,10.28,10.09,10.19,16010781,TRY
2017-01-17,10.24,10.52,10.1,10.38,31325664,TRY
2017-01-18,10.41,10.73,10.32,10.59,38959300,TRY
2017-01-19,10.61,10.8,10.45,10.47,28302980,TRY
2017-01-20,10.47,10.63,10.47,10.52,18688066,TRY
2017-01-23,10.6,10.69,10.38,10.42,22519756,TRY
2017-01-24,10.46,10.65,10.37,10.58,27331852,TRY
2017-01-25,10.57,10.58,10.3,10.3,23897676,TRY
2017-01-26,10.33,10.47,10.32,10.45,24171528,TRY
2017-01-27,10.4,10.56,10.39,10.53,20429916,TRY
2017-01-30,10.52,11.26,10.51,11.26,41293684,TRY
2017-01-31,11.22,11.25,11.03,11.06,25594636,TRY
2017-02-01,11.08,11.27,11.05,11.27,22195404,TRY
2017-02-02,11.3,11.64,11.26,11.49,47345704,TRY
2017-02-03,11.5,11.62,11.43,11.57,17314704,TRY
2017-02-06,11.67,11.81,11.28,11.38,37154656,TRY
2017-02-07,11.38,11.71,11.37,11.66,25725236,TRY
2017-02-08,11.68,11.99,11.59,11.89,33521040,TRY
2017-02-09,11.93,12.21,11.77,11.91,47147816,TRY
2017-02-10,11.96,12.09,11.52,11.54,29791870,TRY
2017-02-13,11.62,11.91,11.6,11.85,25896640,TRY
2017-02-14,11.74,11.74,11.05,11.13,88851464,TRY
2017-02-15,11.14,11.23,10.89,11.01,47988628,TRY
2017-02-16,11.07,11.19,11.06,11.14,32966748,TRY
2017-02-17,11.14,11.33,11.1,11.28,28645048,TRY
2017-02-20,11.42,11.51,11.12,11.14,47002696,TRY
2017-02-21,11.18,11.29,11.15,11.19,23873640,TRY
2017-02-22,11.15,11.32,11.1,11.18,25372600,TRY
2017-02-23,11.23,11.39,11.23,11.32,26893820,TRY
2017-02-24,11.34,11.39,11.02,11.17,34549840,TRY
2017-02-27,11.19,11.23,11.04,11.04,13635137,TRY
2017-02-28,11.06,11.1,10.96,11.1,19113770,TRY
2017-03-01,11.12,11.37,11.07,11.36,30338256,TRY
2017-03-02,11.39,11.51,11.35,11.37,30077160,TRY
2017-03-03,11.37,11.37,11.26,11.27,15701847,TRY
2017-03-06,11.32,11.47,11.3,11.37,38809304,TRY
2017-03-07,11.4,11.43,11.25,11.25,24246976,TRY
2017-03-08,11.25,11.27,10.84,10.84,36127520,TRY
2017-03-09,10.79,10.82,10.6,10.68,33121040,TRY
2017-03-10,10.72,10.9,10.7,10.89,21464992,TRY
2017-03-13,11.02,11.1,10.87,11.03,22692234,TRY
2017-03-14,11.03,11.04,10.82,10.84,20267012,TRY
2017-03-15,10.87,11.06,10.85,10.99,23994248,TRY
2017-03-16,11.13,11.19,11.09,11.1,19557876,TRY
2017-03-17,11.12,11.17,11.07,11.15,21763296,TRY
2017-03-20,11.11,11.17,11.09,11.17,11126514,TRY
2017-03-21,11.2,11.26,11.14,11.22,23546572,TRY
2017-03-22,11.06,11.15,10.9,11.02,22468528,TRY
2017-03-23,11.04,11.09,10.98,11.01,14304080,TRY
2017-03-24,11.03,11.21,11.0,11.18,12742664,TRY
2017-03-27,11.15,11.3,11.11,11.28,18863272,TRY
2017-03-28,11.4,11.9,11.4,11.87,41761980,TRY
2017-03-29,10.61,10.69,9.62,10.18,172379808,TRY
2017-03-30,10.29,10.33,10.09,10.09,46206436,TRY
2017-03-31,10.14,10.45,10.13,10.21,64846216,TRY
2017-04-03,10.26,10.33,10.15,10.16,25740992,TRY
2017-04-04,10.17,10.26,10.16,10.18,23463822,TRY
2017-04-05,10.16,10.29,10.1,10.21,38375992,TRY
2017-04-06,10.18,10.3,10.16,10.27,24795292,TRY
2017-04-07,10.25,10.3,10.18,10.18,28020350,TRY
2017-04-10,10.24,10.63,10.24,10.59,69131232,TRY
2017-04-11,10.58,11.03,10.53,10.76,88938200,TRY
2017-04-12,11.0,11.03,10.89,10.96,39909496,TRY
2017-04-13,11.04,11.04,10.73,10.76,27595074,TRY
2017-04-14,10.78,11.0,10.69,10.96,23506964,TRY
2017-04-17,11.07,11.2,10.96,11.07,32871264,TRY
2017-04-18,11.07,11.25,11.02,11.19,55066784,TRY
2017-04-19,11.24,11.36,11.16,11.23,51877024,TRY
2017-04-20,11.42,11.74,11.37,11.68,44793476,TRY
2017-04-21,11.76,11.82,11.56,11.57,26175100,TRY
2017-04-24,11.72,11.77,11.64,11.75,20149188,TRY
2017-04-25,11.81,11.89,11.65,11.86,27285244,TRY
2017-04-26,11.86,11.92,11.72,11.72,32512140,TRY
2017-04-27,11.72,11.82,11.61,11.62,24177630,TRY
2017-04-28,11.65,11.69,11.49,11.6,23281042,TRY
2017-05-02,11.64,11.7,11.35,11.35,28483952,TRY
2017-05-03,11.35,11.54,11.31,11.39,21952816,TRY
2017-05-04,11.42,11.51,11.31,11.31,18628152,TRY
2017-05-05,11.34,11.46,11.3,11.43,16522042,TRY
2017-05-08,11.51,11.55,11.44,11.44,17370300,TRY
2017-05-09,11.42,11.63,11.33,11.59,25697548,TRY
2017-05-10,11.64,12.0,11.61,11.98,55169180,TRY
2017-05-11,12.05,12.06,11.67,11.72,19451180,TRY
2017-05-12,11.75,11.85,11.64,11.72,19427296,TRY
2017-05-15,11.8,11.96,11.78,11.92,18243296,TRY
2017-05-16,11.95,12.24,11.88,12.13,35368008,TRY
2017-05-17,12.06,12.19,11.91,12.02,25141278,TRY
2017-05-18,11.98,11.99,11.75,11.93,16926608,TRY
2017-05-22,12.06,12.24,12.02,12.14,19685260,TRY
2017-05-23,12.16,12.63,12.15,12.61,25599650,TRY
2017-05-24,12.61,12.72,12.44,12.5,19452986,TRY
2017-05-25,12.57,12.67,12.5,12.6,13649294,TRY
2017-05-26,12.6,12.62,12.39,12.43,15152728,TRY
2017-05-29,12.44,12.57,12.43,12.44,9466933,TRY
2017-05-30,12.48,12.52,12.3,12.34,12095321,TRY
2017-05-31,12.38,12.7,12.38,12.5,25275702,TRY
2017-06-01,12.56,12.59,12.37,12.44,15772988,TRY
2017-06-02,12.59,12.6,12.49,12.58,11970922,TRY
2017-06-05,12.61,12.67,12.42,12.5,17116808,TRY
2017-06-06,12.5,12.52,12.41,12.46,16497912,TRY
2017-06-07,12.53,12.62,12.41,12.45,14352936,TRY
2017-06-08,12.5,12.59,12.46,12.52,10495575,TRY
2017-06-09,12.78,13.14,12.73,13.0,25362094,TRY
2017-06-12,13.06,13.3,12.96,13.01,24789272,TRY
2017-06-13,13.09,13.13,12.87,12.96,22422502,TRY
2017-06-14,13.0,13.06,12.91,12.93,17378972,TRY
2017-06-15,12.85,12.97,12.82,12.84,11941168,TRY
2017-06-16,12.86,12.99,12.81,12.83,12984286,TRY
2017-06-19,12.92,13.15,12.91,13.15,11994389,TRY
2017-06-20,13.2,13.27,12.93,13.0,13740352,TRY
2017-06-21,12.98,13.03,12.85,12.94,10219027,TRY
2017-06-22,12.99,13.07,12.94,13.04,11531641,TRY
2017-06-23,13.07,13.09,12.97,12.97,8406999,TRY
2017-06-28,12.94,13.16,12.94,13.16,11099502,TRY
2017-06-29,13.19,13.23,13.05,13.13,8991955,TRY
2017-06-30,13.13,13.17,13.04,13.15,9107306,TRY
2017-07-03,13.17,13.23,13.12,13.13,8676043,TRY
2017-07-04,13.14,13.27,13.14,13.25,12013287,TRY
2017-07-05,13.27,13.33,13.17,13.17,8604364,TRY
2017-07-06,13.19,13.23,13.08,13.18,8974942,TRY
2017-07-07,13.19,13.2,13.09,13.18,5567381,TRY
2017-07-10,13.21,13.34,13.21,13.3,10927678,TRY
2017-07-11,13.31,14.03,13.28,14.0,25926060,TRY
2017-07-12,14.03,14.36,14.03,14.29,19460494,TRY
2017-07-13,14.31,14.65,14.21,14.43,20734508,TRY
2017-07-14,14.41,14.48,14.27,14.31,10901121,TRY
2017-07-17,14.31,14.4,14.19,14.32,15359858,TRY
2017-07-18,14.33,14.38,14.26,14.3,8169266,TRY
2017-07-19,14.33,14.79,14.33,14.7,20507284,TRY
2017-07-20,14.75,14.77,14.44,14.54,12865596,TRY
2017-07-21,14.51,14.66,14.46,14.57,7241458,TRY
2017-07-24,14.6,14.66,14.48,14.48,8734336,TRY
2017-07-25,14.54,14.77,14.51,14.66,13210087,TRY
2017-07-26,14.67,14.71,14.5,14.54,11924878,TRY
2017-07-27,14.62,14.84,14.61,14.69,12354909,TRY
2017-07-28,14.7,14.78,14.65,14.77,9270772,TRY
2017-07-31,14.79,15.09,14.78,15.09,18455524,TRY
2017-08-01,15.11,15.15,14.65,14.72,15876333,TRY
2017-08-02,14.75,14.76,14.55,14.58,8815812,TRY
2017-08-03,14.58,14.77,14.55,14.75,8860862,TRY
2017-08-04,14.76,15.07,14.68,15.06,14046011,TRY
2017-08-07,15.1,15.37,15.1,15.15,8069446,TRY
2017-08-08,15.16,15.29,15.09,15.14,9856311,TRY
2017-08-09,15.03,15.11,14.9,14.97,9183319,TRY
2017-08-10,14.97,15.1,14.79,14.79,8113626,TRY
2017-08-11,14.79,14.95,14.65,14.77,13074260,TRY
2017-08-14,14.97,15.05,14.85,14.99,18780460,TRY
2017-08-15,15.05,15.12,14.31,14.36,19299936,TRY
2017-08-16,14.37,14.7,14.2,14.44,18046614,TRY
2017-08-17,14.52,14.72,14.52,14.61,11786619,TRY
2017-08-18,14.57,14.65,14.46,14.63,5579146,TRY
2017-08-21,14.62,14.83,14.52,14.75,10711620,TRY
2017-08-22,14.76,14.82,14.52,14.52,10453184,TRY
2017-08-23,14.57,14.73,14.53,14.71,8311036,TRY
2017-08-24,14.73,15.08,14.73,14.96,10652555,TRY
2017-08-25,14.96,15.15,14.96,15.04,7534567,TRY
2017-08-28,15.09,15.11,14.7,15.0,4535371,TRY
2017-08-29,15.05,15.08,14.84,15.01,6407740,TRY
2017-08-31,15.02,15.02,14.81,14.82,5500161,TRY
2017-09-05,14.87,14.91,13.75,14.2,17390696,TRY
2017-09-06,14.24,14.35,14.15,14.29,11166884,TRY
2017-09-07,13.93,14.11,13.4,13.59,39663936,TRY
2017-09-08,13.55,13.57,13.01,13.01,49966812,TRY
2017-09-11,13.18,13.29,13.12,13.14,21319900,TRY
2017-09-12,13.15,13.2,12.97,13.12,31160936,TRY
2017-09-13,13.14,13.35,12.91,12.91,41718864,TRY
2017-09-14,12.93,13.1,12.85,12.88,30347732,TRY
2017-09-15,12.92,12.96,12.76,12.76,10937167,TRY
2017-09-18,12.84,12.89,12.54,12.54,19543788,TRY
2017-09-19,12.56,12.8,12.49,12.57,16925602,TRY
2017-09-20,12.65,12.71,12.49,12.56,15379125,TRY
2017-09-21,12.5,12.67,12.43,12.43,18021040,TRY
2017-09-22,12.5,12.59,12.41,12.43,18017122,TRY
2017-09-25,12.39,12.41,12.05,12.08,9499972,TRY
2017-09-26,12.14,12.55,12.09,12.38,19106870,TRY
2017-09-27,12.46,12.51,11.93,11.93,15627487,TRY
2017-09-28,11.95,12.36,11.94,12.36,14124832,TRY
2017-09-29,12.39,12.4,12.12,12.12,9285447,TRY
2017-10-02,12.2,12.31,12.17,12.31,13969247,TRY
2017-10-03,12.31,12.4,12.16,12.16,13135427,TRY
2017-10-04,12.24,12.45,12.17,12.22,21853590,TRY
2017-10-05,12.32,12.33,12.1,12.1,19176412,TRY
2017-10-06,12.05,12.09,11.97,12.03,7659325,TRY
2017-10-09,11.05,11.5,11.05,11.5,14100217,TRY
2017-10-10,11.71,11.86,11.64,11.84,8631731,TRY
2017-10-11,11.76,11.92,11.65,11.77,14254319,TRY
2017-10-12,11.88,11.94,11.75,11.85,10696363,TRY
2017-10-13,11.81,11.83,11.61,11.72,11729970,TRY
2017-10-16,11.82,11.84,11.73,11.78,9283604,TRY
2017-10-17,11.8,11.92,11.71,11.71,13698087,TRY
2017-10-18,11.81,11.84,11.72,11.79,10651330,TRY
2017-10-19,11.82,12.08,11.78,12.02,22379556,TRY
2017-10-20,12.1,12.32,11.84,11.95,37963584,TRY
2017-10-23,11.85,11.85,11.48,11.48,22662442,TRY
2017-10-24,11.54,11.59,11.28,11.28,23529522,TRY
2017-10-25,11.33,11.53,11.32,11.44,15629098,TRY
2017-10-26,11.44,11.44,11.2,11.2,11290021,TRY
2017-10-27,11.21,11.27,10.98,11.07,14521726,TRY
2017-10-30,11.38,11.42,11.06,11.08,15641997,TRY
2017-10-31,11.13,11.2,11.05,11.06,17926724,TRY
2017-11-01,11.1,11.43,11.09,11.25,31625466,TRY
2017-11-02,11.38,11.41,11.1,11.1,20237976,TRY
2017-11-03,11.11,11.17,10.52,10.56,21749060,TRY
2017-11-06,10.63,11.13,10.54,10.98,26182872,TRY
2017-11-07,10.96,10.96,10.37,10.37,24857544,TRY
2017-11-08,10.43,10.45,10.27,10.32,18203168,TRY
2017-11-09,10.38,10.52,10.11,10.11,20469090,TRY
2017-11-10,10.14,10.15,9.84,9.89,17280856,TRY
2017-11-13,9.94,9.98,9.77,9.77,14813209,TRY
2017-11-14,9.78,9.93,9.66,9.83,16180181,TRY
2017-11-15,9.83,10.49,9.68,10.05,51139508,TRY
2017-11-16,10.04,11.04,10.03,10.64,91266376,TRY
2017-11-17,10.74,10.93,9.76,9.98,54769852,TRY
2017-11-20,9.93,10.28,9.5,9.64,43653092,TRY
2017-11-21,9.62,9.85,9.44,9.5,30411304,TRY
2017-11-22,9.56,9.62,9.38,9.57,27950376,TRY
2017-11-23,9.59,9.87,9.37,9.37,30240218,TRY
2017-11-24,9.36,9.44,9.27,9.35,19157864,TRY
2017-11-27,9.37,9.6,9.36,9.39,22277946,TRY
2017-11-28,9.39,9.42,8.65,8.65,44795024,TRY
2017-11-29,8.69,8.92,8.6,8.8,26273908,TRY
2017-11-30,8.92,9.16,8.79,8.88,36653056,TRY
2017-12-01,8.9,9.05,8.75,8.8,26306244,TRY
2017-12-04,8.78,9.01,8.76,8.88,22052024,TRY
2017-12-05,9.0,9.61,9.0,9.46,50798440,TRY
2017-12-06,9.56,9.91,9.32,9.33,74514512,TRY
2017-12-07,9.42,9.44,9.2,9.27,29948532,TRY
2017-12-08,9.36,9.92,9.33,9.92,76871984,TRY
2017-12-11,10.21,10.75,10.16,10.71,80393096,TRY
2017-12-12,10.67,10.75,10.45,10.55,49406588,TRY
2017-12-13,10.59,10.74,10.22,10.27,49260096,TRY
2017-12-14,10.45,10.54,10.22,10.4,50592412,TRY
2017-12-15,10.43,10.91,10.34,10.78,64023036,TRY
2017-12-18,10.78,10.92,10.52,10.65,43851344,TRY
2017-12-19,10.76,10.78,10.59,10.59,32319140,TRY
2017-12-20,10.6,10.82,10.53,10.62,36781204,TRY
2017-12-21,10.68,10.75,10.22,10.39,39028992,TRY
2017-12-22,10.51,10.54,10.2,10.24,29158200,TRY
2017-12-25,10.41,10.46,10.21,10.24,14901089,TRY
2017-12-26,10.27,10.29,10.07,10.16,14051140,TRY
2017-12-27,10.13,10.34,9.99,10.33,18439356,TRY
2017-12-28,10.41,10.7,10.29,10.66,27910472,TRY
2017-12-29,10.72,10.86,10.57,10.78,28583592,TRY
2018-01-02,10.8,11.17,10.66,11.02,36198052,TRY
2018-01-03,11.04,11.19,10.87,10.92,29962658,TRY
2018-01-04,10.88,11.44,10.87,10.95,70128568,TRY
2018-01-05,11.1,11.12,10.57,10.57,63769928,TRY
2018-01-08,10.65,10.68,10.42,10.42,36146724,TRY
2018-01-09,10.43,10.52,10.2,10.2,43396280,TRY
2018-01-10,10.22,10.38,10.07,10.22,38400464,TRY
2018-01-11,10.33,10.34,10.18,10.3,21777612,TRY
2018-01-12,10.33,10.36,10.12,10.13,25215372,TRY
2018-01-15,10.1,10.26,9.87,9.89,25062678,TRY
2018-01-16,9.87,10.25,9.83,10.25,28765166,TRY
2018-01-17,10.25,10.26,10.06,10.13,27007404,TRY
2018-01-18,10.22,10.44,10.13,10.21,47381564,TRY
2018-01-19,10.22,10.33,9.97,10.0,31782508,TRY
2018-01-22,10.04,10.16,9.99,10.09,23306246,TRY
2018-01-23,10.15,10.17,10.03,10.08,23803008,TRY
2018-01-24,10.11,10.36,10.09,10.22,50164580,TRY
2018-01-25,10.27,10.45,10.23,10.42,44393092,TRY
2018-01-26,10.49,10.58,10.43,10.47,37070368,TRY
2018-01-29,10.61,10.7,10.34,10.35,35445028,TRY
2018-01-30,10.3,10.42,10.15,10.15,34018376,TRY
2018-01-31,10.22,10.24,10.03,10.14,22895572,TRY
2018-02-01,10.19,10.22,10.02,10.03,19687142,TRY
2018-02-02,10.05,10.11,9.94,9.99,18209250,TRY
2018-02-05,9.99,10.04,9.83,9.83,21641556,TRY
2018-02-06,9.52,9.73,9.51,9.63,21158564,TRY
2018-02-07,9.69,9.88,9.63,9.72,21827822,TRY
2018-02-08,9.74,9.87,9.48,9.49,16519884,TRY
2018-02-09,9.39,9.5,9.35,9.5,13043758,TRY
2018-02-12,9.64,9.68,9.43,9.43,15943364,TRY
2018-02-13,9.5,9.53,9.41,9.45,15201148,TRY
2018-02-14,9.51,9.73,9.45,9.48,20257882,TRY
2018-02-15,9.61,9.78,9.57,9.7,21037276,TRY
2018-02-16,9.76,9.97,9.72,9.85,32473196,TRY
2018-02-19,9.98,10.05,9.66,9.69,23816274,TRY
2018-02-20,9.7,9.77,9.33,9.41,24454402,TRY
2018-02-21,9.6,9.64,9.48,9.6,21219348,TRY
2018-02-22,9.55,9.61,9.48,9.52,16974038,TRY
2018-02-23,9.6,9.62,9.52,9.53,17678876,TRY
2018-02-26,9.59,9.77,9.55,9.76,22853364,TRY
2018-02-27,9.79,10.0,9.75,9.79,34338384,TRY
2018-02-28,9.74,9.89,9.63,9.63,24704060,TRY
2018-03-01,9.62,9.74,9.39,9.51,26510818,TRY
2018-03-02,9.52,9.55,9.36,9.4,15740259,TRY
2018-03-05,9.44,9.46,9.35,9.35,11051423,TRY
2018-03-06,9.41,9.46,9.3,9.3,14597673,TRY
2018-03-07,9.3,9.35,9.25,9.32,9320586,TRY
2018-03-08,9.32,9.4,9.3,9.37,12606016,TRY
2018-03-09,9.38,9.41,9.26,9.27,8733098,TRY
2018-03-12,9.37,9.48,9.32,9.4,16483498,TRY
2018-03-13,9.41,9.55,9.39,9.4,27208164,TRY
2018-03-14,9.4,9.46,9.26,9.31,12542559,TRY
2018-03-15,9.33,9.35,9.24,9.26,10817712,TRY
2018-03-16,9.3,9.46,9.27,9.29,22757432,TRY
2018-03-19,9.33,9.36,9.15,9.17,15492603,TRY
2018-03-20,9.22,9.33,9.16,9.24,19604892,TRY
2018-03-21,9.26,9.34,9.24,9.31,17193286,TRY
2018-03-22,9.39,9.39,9.14,9.14,23841598,TRY
2018-03-23,9.02,9.23,9.0,9.2,12628972,TRY
2018-03-26,9.23,9.26,9.06,9.08,10968782,TRY
2018-03-27,9.19,9.2,9.09,9.11,13388751,TRY
2018-03-28,9.11,9.15,8.97,9.01,11339892,TRY
2018-03-29,9.02,9.09,8.99,9.05,14937739,TRY
2018-03-30,9.11,9.13,8.95,8.95,8731088,TRY
2018-04-02,8.96,9.03,8.96,8.98,4595468,TRY
2018-04-03,9.01,9.09,9.0,9.05,6590848,TRY
2018-04-04,9.09,9.1,8.98,9.05,11233560,TRY
2018-04-05,9.1,10.79,9.1,9.99,209036464,TRY
2018-04-06,10.01,10.37,9.81,9.84,69157464,TRY
2018-04-09,9.95,10.03,9.44,9.67,34477836,TRY
2018-04-10,9.69,9.69,8.78,8.79,65174840,TRY
2018-04-11,8.79,8.88,8.23,8.35,56861028,TRY
2018-04-12,8.49,9.27,8.33,8.87,78342752,TRY
2018-04-13,9.0,9.09,8.7,8.82,63674944,TRY
2018-04-16,8.98,9.13,8.86,9.05,70766144,TRY
2018-04-17,9.15,9.2,8.74,8.77,59400316,TRY
2018-04-18,8.78,9.09,8.63,9.04,73777728,TRY
2018-04-19,9.05,9.47,8.96,9.27,83548880,TRY
2018-04-20,9.27,9.45,9.16,9.2,58529288,TRY
2018-04-24,9.21,9.33,8.87,8.88,68699144,TRY
2018-04-25,8.94,9.0,8.63,8.68,44456124,TRY
2018-04-26,8.76,8.8,8.55,8.55,44379020,TRY
2018-04-27,8.6,8.71,8.48,8.6,55933208,TRY
2018-04-30,8.64,8.78,8.17,8.27,49320240,TRY
2018-05-02,8.28,8.32,8.06,8.15,46820268,TRY
2018-05-03,8.14,8.39,7.97,7.98,75080736,TRY
2018-05-04,7.99,8.07,7.89,7.98,51664360,TRY
2018-05-07,7.98,8.05,7.88,7.88,43525904,TRY
2018-05-08,7.93,7.95,7.37,7.37,62784644,TRY
2018-05-09,7.34,7.64,7.31,7.51,56689120,TRY
2018-05-10,7.58,7.79,7.44,7.7,50112120,TRY
2018-05-11,7.67,7.69,7.49,7.56,33213200,TRY
2018-05-14,7.57,8.0,7.49,7.94,60498500,TRY
2018-05-15,7.87,8.25,7.62,7.62,98864328,TRY
2018-05-16,7.66,8.15,7.61,7.86,73939584,TRY
2018-05-17,8.4,8.59,7.58,7.6,130693824,TRY
2018-05-18,7.63,7.73,7.52,7.68,46703316,TRY
2018-05-21,7.67,7.76,7.6,7.65,40887648,TRY
2018-05-22,7.71,7.92,7.66,7.88,72839656,TRY
2018-05-23,7.83,8.09,7.81,7.98,94591208,TRY
2018-05-24,8.08,8.11,7.68,7.72,79835400,TRY
2018-05-25,7.81,7.93,7.8,7.83,37071500,TRY
2018-05-28,7.96,8.01,7.9,7.96,39672476,TRY
2018-05-29,7.96,8.11,7.92,7.96,55201360,TRY
2018-05-30,7.98,8.06,7.88,7.88,33826768,TRY
2018-05-31,7.95,7.96,7.6,7.68,35733216,TRY
2018-06-01,7.69,7.72,7.45,7.48,32342630,TRY
2018-06-04,7.47,7.8,7.45,7.56,35391264,TRY
2018-06-05,7.6,7.64,7.34,7.35,27562526,TRY
2018-06-06,7.38,7.38,7.1,7.25,38107112,TRY
2018-06-07,7.26,7.5,7.24,7.5,41662912,TRY
2018-06-08,7.45,7.49,7.21,7.24,25487220,TRY
2018-06-11,7.29,7.3,7.07,7.29,32485344,TRY
2018-06-12,7.27,7.36,7.16,7.17,19093964,TRY
2018-06-13,7.14,7.3,7.11,7.2,20598972,TRY
2018-06-14,7.17,7.27,7.16,7.22,9158551,TRY
2018-06-18,7.22,7.29,7.19,7.2,15919565,TRY
2018-06-19,7.18,7.42,7.15,7.37,23033740,TRY
2018-06-20,7.37,7.67,7.36,7.56,20659048,TRY
2018-06-21,7.48,7.54,7.41,7.41,15695103,TRY
2018-06-22,7.45,7.48,7.33,7.43,14840532,TRY
2018-06-25,7.9,7.91,7.1,7.15,36308152,TRY
2018-06-26,7.18,7.23,7.13,7.17,18200312,TRY
2018-06-27,7.17,7.39,7.16,7.35,25136108,TRY
2018-06-28,7.33,7.47,7.31,7.4,24259608,TRY
2018-06-29,7.45,7.54,7.37,7.4,20059016,TRY
2018-07-02,7.35,7.48,7.34,7.4,18217224,TRY
2018-07-03,7.43,7.46,7.29,7.31,16962760,TRY
2018-07-04,7.32,7.45,7.31,7.43,14430860,TRY
2018-07-05,7.45,7.6,7.45,7.59,26983316,TRY
2018-07-06,7.6,7.92,7.48,7.72,71796576,TRY
2018-07-09,7.82,8.11,7.77,7.84,80551864,TRY
2018-07-10,7.71,7.91,7.35,7.36,50171456,TRY
2018-07-11,7.3,7.32,6.59,6.59,62210884,TRY
2018-07-12,6.64,6.74,6.35,6.42,53368596,TRY
2018-07-13,6.48,6.54,6.36,6.4,30388400,TRY
2018-07-16,6.5,6.53,6.14,6.16,35507632,TRY
2018-07-17,6.16,6.46,6.07,6.44,41663584,TRY
2018-07-18,6.45,6.91,6.31,6.45,102785408,TRY
2018-07-19,6.47,6.5,6.37,6.4,27203876,TRY
2018-07-20,6.41,6.56,6.39,6.55,37125984,TRY
2018-07-23,6.62,6.75,6.61,6.68,31304654,TRY
2018-07-24,6.7,6.71,6.35,6.35,37013760,TRY
2018-07-25,6.36,7.39,6.33,7.12,125423904,TRY
2018-07-26,7.17,7.3,6.72,6.89,90426760,TRY
2018-07-27,6.85,7.04,6.67,6.83,56687480,TRY
2018-07-30,6.78,7.05,6.72,6.89,41809708,TRY
2018-07-31,6.85,7.04,6.82,6.93,43118740,TRY
2018-08-01,6.96,7.1,6.89,6.89,48946432,TRY
2018-08-02,6.6,6.72,6.49,6.49,48899088,TRY
2018-08-03,6.4,6.52,6.38,6.46,43838472,TRY
2018-08-06,6.47,6.59,6.31,6.37,41076240,TRY
2018-08-07,6.5,7.06,6.38,6.78,100626928,TRY
2018-08-08,6.85,7.09,6.77,6.97,81185032,TRY
2018-08-09,6.69,7.2,6.65,6.79,100850032,TRY
2018-08-10,6.68,6.89,5.95,6.28,101067144,TRY
2018-08-13,6.1,6.21,5.49,5.89,73755864,TRY
2018-08-14,6.18,6.24,5.87,5.94,55675968,TRY
2018-08-15,6.19,6.2,5.73,5.81,43300736,TRY
2018-08-16,5.97,6.12,5.82,5.82,65338172,TRY
2018-08-17,5.81,5.85,5.57,5.8,33827696,TRY
2018-08-20,5.8,5.88,5.78,5.81,10102785,TRY
2018-08-27,5.84,6.02,5.82,5.93,26285192,TRY
2018-08-28,5.96,6.16,5.9,6.15,27217294,TRY
2018-08-29,6.1,6.22,6.04,6.06,26195828,TRY
2018-08-31,6.3,6.42,6.09,6.14,41162992,TRY
2018-09-03,6.1,6.28,6.08,6.17,31461160,TRY
2018-09-04,6.2,6.23,6.09,6.1,20478042,TRY
2018-09-05,6.07,6.15,5.94,6.0,25216570,TRY
2018-09-06,6.09,6.18,6.03,6.06,27996988,TRY
2018-09-07,6.08,6.14,6.02,6.1,17880562,TRY
2018-09-10,6.1,6.14,5.92,5.92,15043641,TRY
2018-09-11,5.95,5.99,5.84,5.87,13402566,TRY
2018-09-12,5.89,5.95,5.71,5.78,15615303,TRY
2018-09-13,5.74,6.04,5.65,5.98,42994480,TRY
2018-09-14,6.06,6.34,6.04,6.08,45588200,TRY
2018-09-17,6.08,6.11,5.95,5.98,21180752,TRY
2018-09-18,6.01,6.09,5.99,6.04,24596276,TRY
2018-09-19,6.1,6.34,6.08,6.34,52753224,TRY
2018-09-20,6.35,6.47,6.11,6.12,58167516,TRY
2018-09-21,6.15,6.23,6.12,6.17,35432512,TRY
2018-09-24,6.24,6.47,6.22,6.39,83233008,TRY
2018-09-25,6.62,6.73,6.39,6.39,76225008,TRY
2018-09-26,6.44,6.7,6.33,6.62,52574328,TRY
2018-09-27,6.6,6.74,6.49,6.63,83474616,TRY
2018-09-28,6.66,6.84,6.59,6.69,74213584,TRY
2018-10-01,6.73,6.78,6.48,6.48,49234700,TRY
2018-10-02,6.45,6.48,6.23,6.32,39854868,TRY
2018-10-03,6.32,6.47,6.19,6.21,46872784,TRY
2018-10-04,6.21,6.23,5.91,5.92,41054384,TRY
2018-10-05,5.93,6.28,5.86,6.28,47387100,TRY
2018-10-08,6.2,6.73,6.17,6.63,103421024,TRY
2018-10-09,6.66,6.77,6.5,6.58,78523216,TRY
2018-10-10,6.64,7.04,6.63,6.74,146144224,TRY
2018-10-11,6.83,7.01,6.69,6.93,108345816,TRY
2018-10-12,7.22,7.8,6.5,7.05,243204336,TRY
2018-10-15,7.26,7.34,7.15,7.28,86027472,TRY
2018-10-16,7.3,7.53,7.26,7.29,111615152,TRY
2018-10-17,7.4,7.59,7.23,7.54,109159856,TRY
2018-10-18,7.45,7.48,7.19,7.2,67829528,TRY
2018-10-19,7.22,7.31,7.03,7.23,70179576,TRY
2018-10-22,7.32,7.33,6.85,6.85,58030456,TRY
2018-10-23,6.76,6.99,6.7,6.88,86802576,TRY
2018-10-24,6.91,6.96,6.57,6.57,53204852,TRY
2018-10-25,6.53,6.65,6.48,6.63,49102964,TRY
2018-10-26,6.63,6.66,6.3,6.3,35883612,TRY
2018-10-30,6.32,6.44,6.18,6.39,48089120,TRY
2018-10-31,6.42,6.45,6.07,6.17,54341956,TRY
2018-11-01,6.2,6.54,6.14,6.54,48107860,TRY
2018-11-02,6.58,7.08,6.44,6.97,106501008,TRY
2018-11-05,7.41,7.52,7.26,7.33,96652064,TRY
2018-11-06,7.34,7.35,7.07,7.09,62200608,TRY
2018-11-07,7.1,7.37,7.09,7.23,57324260,TRY
2018-11-08,7.25,7.39,7.18,7.35,74644512,TRY
2018-11-09,7.18,7.33,7.1,7.26,60807508,TRY
2018-11-12,7.2,7.24,6.95,6.95,47500296,TRY
2018-11-13,7.13,7.31,7.05,7.23,80750720,TRY
2018-11-14,7.21,7.48,7.06,7.25,84226440,TRY
2018-11-15,7.24,7.3,7.07,7.09,58877344,TRY
2018-11-16,7.18,7.22,7.08,7.15,37586492,TRY
2018-11-19,7.14,7.2,7.06,7.15,47048392,TRY
2018-11-20,7.14,7.19,6.91,6.91,41942924,TRY
2018-11-21,7.01,7.08,6.93,7.06,49872704,TRY
2018-11-22,7.08,7.08,6.94,6.99,26944564,TRY
2018-11-23,6.99,7.06,6.96,7.06,26358496,TRY
2018-11-26,7.12,7.33,7.09,7.27,60601352,TRY
2018-11-27,7.27,7.32,7.13,7.13,38196820,TRY
2018-11-28,7.16,7.19,7.1,7.11,35169740,TRY
2018-11-29,7.2,7.28,7.15,7.17,49240628,TRY
2018-11-30,7.17,7.23,7.13,7.21,50300024,TRY
2018-12-03,7.32,7.37,7.27,7.28,52730684,TRY
2018-12-04,7.26,7.43,7.12,7.16,50282992,TRY
2018-12-05,7.06,7.1,6.96,7.05,39014136,TRY
2018-12-06,7.01,7.11,6.97,7.04,37943016,TRY
2018-12-07,7.18,7.4,7.17,7.34,84739104,TRY
2018-12-10,7.28,7.32,7.15,7.15,26504684,TRY
2018-12-11,7.19,7.24,7.1,7.11,32972916,TRY
2018-12-12,7.13,7.15,6.68,6.71,51722024,TRY
2018-12-13,6.75,6.89,6.73,6.79,29199312,TRY
2018-12-14,6.72,6.75,6.53,6.66,29154384,TRY
2018-12-17,6.7,6.73,6.57,6.58,23718088,TRY
2018-12-18,6.55,6.77,6.54,6.76,33675128,TRY
2018-12-19,6.83,7.01,6.83,6.99,44828284,TRY
2018-12-20,6.9,7.14,6.83,7.07,47567736,TRY
2018-12-21,7.06,7.16,6.99,7.09,39616112,TRY
2018-12-24,7.16,7.21,7.09,7.11,22001266,TRY
2018-12-25,7.05,7.27,7.03,7.13,33395006,TRY
2018-12-26,7.16,7.18,7.12,7.13,16669269,TRY
2018-12-27,7.2,7.21,7.07,7.09,20554688,TRY
2018-12-28,7.12,7.15,7.02,7.05,23658296,TRY
2018-12-31,7.05,7.07,6.94,7.02,12223031,TRY
2019-01-02,7.02,7.03,6.8,6.8,28670512,TRY
2019-01-03,6.74,6.86,6.55,6.57,36237660,TRY
2019-01-04,6.62,6.84,6.62,6.81,38530156,TRY
2019-01-07,6.87,6.96,6.85,6.86,32776300,TRY
2019-01-08,6.89,6.93,6.78,6.86,33373448,TRY
2019-01-09,6.88,6.91,6.73,6.75,23779136,TRY
2019-01-10,6.76,6.85,6.73,6.78,23769840,TRY
2019-01-11,6.81,6.93,6.81,6.87,31691544,TRY
2019-01-14,6.75,6.93,6.66,6.93,33007272,TRY
2019-01-15,6.97,7.2,6.95,7.16,50400432,TRY
2019-01-16,7.19,7.47,7.16,7.4,67235992,TRY
2019-01-17,7.41,7.76,7.31,7.6,68030240,TRY
2019-01-18,7.65,7.93,7.63,7.88,45783400,TRY
2019-01-21,7.9,8.23,7.8,7.8,33023034,TRY
2019-01-22,7.84,8.0,7.78,8.0,29463652,TRY
2019-01-23,8.0,8.19,7.88,8.15,49196188,TRY
2019-01-24,8.16,8.22,8.02,8.09,33648556,TRY
2019-01-25,8.14,8.15,7.8,7.84,47376592,TRY
2019-01-28,7.85,7.92,7.59,7.59,35951744,TRY
2019-01-29,7.62,7.81,7.56,7.77,46903808,TRY
2019-01-30,7.78,7.87,7.68,7.8,51261832,TRY
2019-01-31,7.93,8.03,7.59,7.6,52465148,TRY
2019-02-01,7.6,7.7,7.53,7.55,30622942,TRY
2019-02-04,7.58,7.68,7.51,7.54,26299076,TRY
2019-02-05,7.59,7.77,7.57,7.58,35529176,TRY
2019-02-06,7.63,7.68,7.37,7.44,31977436,TRY
2019-02-07,7.43,7.59,7.41,7.44,26003496,TRY
2019-02-08,7.42,7.48,7.37,7.4,16445094,TRY
2019-02-11,7.47,7.65,7.45,7.51,38267584,TRY
2019-02-12,7.54,7.64,7.42,7.49,37853160,TRY
2019-02-13,7.55,7.58,7.12,7.15,39457620,TRY
2019-02-14,7.15,7.35,7.05,7.27,32645056,TRY
2019-02-15,7.27,7.29,7.09,7.21,34801868,TRY
2019-02-18,7.22,7.29,7.01,7.04,27596164,TRY
2019-02-19,7.04,7.11,7.0,7.04,31246600,TRY
2019-02-20,7.08,7.17,7.05,7.16,34573100,TRY
2019-02-21,7.16,7.23,7.12,7.15,28891500,TRY
2019-02-22,7.18,7.27,7.16,7.19,31967000,TRY
2019-02-25,7.24,7.5,7.24,7.41,49762600,TRY
2019-02-26,7.42,7.54,7.38,7.49,35622900,TRY
2019-02-27,7.52,7.8,7.49,7.69,67981000,TRY
2019-02-28,7.72,7.76,7.4,7.65,36542300,TRY
2019-03-01,7.67,7.68,7.4,7.48,28194900,TRY
2019-03-04,7.51,7.6,7.45,7.57,23878800,TRY
2019-03-05,7.54,7.67,7.47,7.47,37817300,TRY
2019-03-06,7.49,7.58,7.32,7.35,30694200,TRY
2019-03-07,7.35,7.45,7.18,7.22,25445600,TRY
2019-03-08,7.24,7.26,7.07,7.14,17392100,TRY
2019-03-11,7.17,7.22,7.03,7.05,18299300,TRY
2019-03-12,7.1,7.14,7.01,7.09,24094400,TRY
2019-03-13,7.07,7.17,7.04,7.12,24649800,TRY
2019-03-14,7.15,7.28,7.13,7.17,35782900,TRY
2019-03-15,7.22,7.32,7.19,7.3,34372800,TRY
2019-03-18,7.36,7.6,7.34,7.57,40074100,TRY
2019-03-19,7.61,7.65,7.47,7.48,43552800,TRY
2019-03-20,7.49,7.54,7.36,7.38,28912600,TRY
2019-03-21,7.44,7.59,7.39,7.46,45676100,TRY
2019-03-22,7.49,7.52,6.94,6.99,41666400,TRY
2019-03-25,7.02,7.04,6.75,6.81,34489900,TRY
2019-03-26,6.9,6.92,6.63,6.69,34640500,TRY
2019-03-27,6.72,6.75,6.17,6.2,49459600,TRY
2019-03-28,6.28,6.4,6.08,6.23,57146800,TRY
2019-03-29,6.24,6.4,6.21,6.38,30518300,TRY
2019-04-01,6.38,6.41,6.09,6.17,69171696,TRY
2019-04-02,6.13,6.15,5.92,5.93,107487296,TRY
2019-04-03,5.98,6.0,5.83,5.91,76444496,TRY
2019-04-04,5.91,6.19,5.89,6.19,119885600,TRY
2019-04-05,6.22,6.43,6.09,6.34,143588400,TRY
2019-04-08,6.43,6.55,6.28,6.28,97112896,TRY
2019-04-09,6.42,6.48,6.32,6.36,92156400,TRY
2019-04-10,6.41,6.64,6.3,6.38,198819200,TRY
2019-04-11,6.4,6.48,6.24,6.28,101784000,TRY
2019-04-12,6.24,6.25,6.1,6.21,55884600,TRY
2019-04-15,6.16,6.3,6.16,6.2,54569000,TRY
2019-04-16,6.25,6.42,6.25,6.36,70656304,TRY
2019-04-17,6.44,6.47,6.33,6.37,65500200,TRY
2019-04-18,6.32,6.36,6.13,6.17,57792600,TRY
2019-04-19,6.19,6.24,6.15,6.23,24231700,TRY
2019-04-22,6.16,6.21,6.15,6.17,14817800,TRY
2019-04-24,6.17,6.22,6.1,6.11,43020900,TRY
2019-04-25,6.13,6.13,5.87,5.88,52516800,TRY
2019-04-26,5.93,5.93,5.79,5.91,55750700,TRY
2019-04-29,5.93,5.94,5.84,5.86,35005900,TRY
2019-04-30,5.85,5.92,5.84,5.85,34916100,TRY
2019-05-02,5.88,5.92,5.76,5.76,33952900,TRY
2019-05-03,5.78,5.86,5.75,5.8,24584900,TRY
2019-05-06,5.7,5.71,5.6,5.69,27904900,TRY
2019-05-07,5.52,5.66,5.52,5.62,39806300,TRY
2019-05-08,5.64,5.7,5.52,5.55,46028100,TRY
2019-05-09,5.54,5.59,5.4,5.4,40644800,TRY
2019-05-10,5.47,5.51,5.35,5.36,40277300,TRY
2019-05-13,5.39,5.39,5.11,5.11,41881800,TRY
2019-05-14,5.05,5.06,4.94,5.04,85640496,TRY
2019-05-15,5.06,5.15,4.96,4.98,74561504,TRY
2019-05-16,5.01,5.08,4.93,4.94,63765700,TRY
2019-05-17,4.91,5.03,4.9,4.98,52618600,TRY
2019-05-20,4.98,5.23,4.96,5.17,97290400,TRY
2019-05-21,5.19,5.21,4.98,5.17,67634304,TRY
2019-05-22,5.12,5.17,5.0,5.09,67490304,TRY
2019-05-23,5.06,5.22,5.05,5.15,60408500,TRY
2019-05-24,5.17,5.43,5.16,5.4,84382200,TRY
2019-05-27,5.43,5.54,5.33,5.36,45188600,TRY
2019-05-28,5.45,5.47,5.31,5.31,101667800,TRY
2019-05-29,5.33,5.37,5.2,5.2,48352100,TRY
2019-05-30,5.3,5.39,5.28,5.36,45363500,TRY
2019-05-31,5.36,5.36,5.24,5.3,55058700,TRY
2019-06-03,5.29,5.3,5.21,5.23,11848200,TRY
2019-06-07,5.28,5.4,5.25,5.38,51220600,TRY
2019-06-10,5.41,5.46,5.34,5.46,62015400,TRY
2019-06-11,5.48,5.61,5.42,5.45,74471504,TRY
2019-06-12,5.44,5.52,5.4,5.4,38564500,TRY
2019-06-13,5.33,5.34,5.19,5.23,39684000,TRY
2019-06-14,5.25,5.28,5.13,5.15,35611100,TRY
2019-06-17,5.13,5.32,5.12,5.26,47149300,TRY
2019-06-18,5.25,5.33,5.2,5.29,54163200,TRY
2019-06-19,5.27,5.32,5.22,5.29,50745500,TRY
2019-06-20,5.37,5.46,5.28,5.3,77258000,TRY
2019-06-21,5.28,5.36,5.26,5.3,43132500,TRY
2019-06-24,5.43,5.5,5.39,5.4,57981200,TRY
2019-06-25,5.4,5.61,5.33,5.61,91137296,TRY
2019-06-26,5.7,5.85,5.65,5.68,82175504,TRY
2019-06-27,5.73,5.74,5.61,5.65,44226200,TRY
2019-06-28,5.69,5.76,5.66,5.74,48745400,TRY
2019-07-01,6.02,6.06,5.94,5.98,100902896,TRY
2019-07-02,5.98,5.98,5.86,5.9,65301300,TRY
2019-07-03,5.94,5.95,5.8,5.82,43831800,TRY
2019-07-04,5.85,5.9,5.77,5.88,35260200,TRY
2019-07-05,5.97,6.15,5.96,6.07,124057000,TRY
2019-07-08,5.96,6.12,5.95,6.09,64220900,TRY
2019-07-09,6.1,6.12,5.83,5.83,70848000,TRY
2019-07-10,5.83,6.06,5.72,6.02,65659700,TRY
2019-07-11,6.12,6.13,5.95,6.0,55661500,TRY
2019-07-12,6.02,6.05,5.77,5.86,52096900,TRY
2019-07-16,5.95,6.09,5.91,6.0,42097200,TRY
2019-07-17,6.09,6.17,6.0,6.15,70965000,TRY
2019-07-18,6.16,6.44,6.16,6.43,120804200,TRY
2019-07-19,6.56,6.59,6.31,6.31,110979600,TRY
2019-07-22,6.32,6.35,6.19,6.21,57331900,TRY
2019-07-23,6.22,6.41,6.19,6.34,62267600,TRY
2019-07-24,6.38,6.39,6.23,6.34,65579000,TRY
2019-07-25,6.35,6.44,6.21,6.23,112007000,TRY
2019-07-26,6.26,6.36,6.24,6.28,66423500,TRY
2019-07-29,6.3,6.36,6.29,6.31,50533200,TRY
2019-07-30,6.33,6.35,6.13,6.14,74741600,TRY
2019-07-31,6.17,6.23,6.0,6.02,79577504,TRY
2019-08-01,5.94,6.03,5.85,5.87,69783000,TRY
2019-08-02,5.84,5.84,5.72,5.73,48663600,TRY
2019-08-05,5.7,5.78,5.64,5.67,46433000,TRY
2019-08-06,5.69,5.81,5.65,5.78,54359100,TRY
2019-08-07,5.82,5.83,5.59,5.59,62694800,TRY
2019-08-08,5.67,5.69,5.53,5.68,45868900,TRY
2019-08-09,5.66,5.7,5.56,5.66,21816900,TRY
2019-08-15,5.6,5.61,5.34,5.34,47833800,TRY
2019-08-16,5.38,5.39,5.22,5.26,36164100,TRY
2019-08-19,5.31,5.39,5.25,5.3,34206200,TRY
2019-08-20,5.33,5.45,5.29,5.4,42630400,TRY
2019-08-21,5.41,5.42,5.27,5.3,34346500,TRY
2019-08-22,5.38,5.57,5.31,5.44,65676300,TRY
2019-08-23,5.46,5.68,5.43,5.65,63698500,TRY
2019-08-26,5.53,5.71,5.51,5.65,59821400,TRY
2019-08-27,5.67,5.7,5.59,5.62,38438200,TRY
2019-08-28,5.64,5.66,5.57,5.64,30814200,TRY
2019-08-29,5.64,5.72,5.63,5.68,38953900,TRY
2019-09-02,5.68,5.99,5.67,5.95,60894700,TRY
2019-09-03,5.92,6.06,5.88,5.95,77078896,TRY
2019-09-04,6.02,6.09,5.99,6.09,52069100,TRY
2019-09-05,6.13,6.21,6.08,6.17,48859200,TRY
2019-09-06,6.14,6.17,6.05,6.08,47363200,TRY
2019-09-09,6.2,6.37,6.19,6.33,68052304,TRY
2019-09-10,6.34,6.5,6.34,6.48,53122200,TRY
2019-09-11,6.53,6.55,6.45,6.48,46025400,TRY
2019-09-12,6.5,6.66,6.49,6.57,86191504,TRY
2019-09-13,6.59,6.63,6.53,6.58,52980300,TRY
2019-09-16,6.52,6.73,6.51,6.62,80756496,TRY
2019-09-17,6.64,6.66,6.35,6.47,100416304,TRY
2019-09-18,6.42,6.5,6.31,6.46,73252496,TRY
2019-09-19,6.47,6.56,6.29,6.33,75343104,TRY
2019-09-20,6.36,6.47,6.31,6.38,57598300,TRY
2019-09-23,6.39,6.46,6.22,6.27,41757400,TRY
2019-09-24,6.46,6.48,6.39,6.41,55995900,TRY
2019-09-25,6.37,6.5,6.35,6.49,43967900,TRY
2019-09-26,6.48,6.54,6.32,6.33,56604100,TRY
2019-09-27,6.37,6.64,6.37,6.62,104266600,TRY
2019-09-30,6.7,6.7,6.55,6.56,59247400,TRY
2019-10-01,6.57,6.63,6.21,6.35,80410600,TRY
2019-10-02,6.34,6.46,6.28,6.38,87827504,TRY
2019-10-03,6.42,6.47,6.22,6.27,91644896,TRY
2019-10-04,6.31,6.35,6.24,6.26,81081200,TRY
2019-10-07,6.26,6.45,6.14,6.19,134685696,TRY
2019-10-08,6.14,6.18,5.91,6.01,114616896,TRY
2019-10-09,6.03,6.05,5.74,5.74,103380000,TRY
2019-10-10,5.76,5.78,5.55,5.68,70935800,TRY
2019-10-11,5.71,5.8,5.66,5.67,66871900,TRY
2019-10-14,5.55,5.59,5.26,5.29,64671000,TRY
2019-10-15,5.46,5.5,5.35,5.4,52985500,TRY
2019-10-16,5.01,5.22,5.0,5.18,25696900,TRY
2019-10-17,5.2,5.35,5.09,5.31,6936100,TRY
2019-10-18,5.69,5.7,5.58,5.64,13345100,TRY
2019-10-21,5.63,5.63,5.42,5.44,19616000,TRY
2019-10-22,5.45,5.49,5.39,5.44,23788600,TRY
2019-10-23,5.47,5.5,5.41,5.48,30413400,TRY
2019-10-24,5.57,5.66,5.51,5.53,39998700,TRY
2019-10-25,5.5,5.55,5.49,5.52,15078500,TRY
2019-10-28,5.52,5.52,5.47,5.47,6990600,TRY
2019-10-30,5.38,5.41,5.33,5.34,13820300,TRY
2019-10-31,5.34,5.38,5.24,5.24,18027000,TRY
2019-11-01,5.24,5.26,5.13,5.2,18754500,TRY
2019-11-04,5.23,5.28,5.22,5.25,18622700,TRY
2019-11-05,5.25,5.48,5.25,5.44,30363400,TRY
2019-11-06,5.42,5.47,5.33,5.39,30132500,TRY
2019-11-07,5.5,5.53,5.45,5.51,25445400,TRY
2019-11-08,5.5,5.79,5.48,5.77,88060704,TRY
2019-11-11,5.75,5.84,5.69,5.76,54753600,TRY
2019-11-12,5.79,5.93,5.79,5.9,41576200,TRY
2019-11-13,5.92,5.97,5.88,5.94,41015100,TRY
2019-11-14,5.76,5.87,5.66,5.69,59662500,TRY
2019-11-15,5.73,5.79,5.72,5.73,36680300,TRY
2019-11-18,5.78,5.83,5.77,5.81,35217900,TRY
2019-11-19,5.83,5.89,5.79,5.86,35378600,TRY
2019-11-20,5.83,5.92,5.78,5.78,42695800,TRY
2019-11-21,5.79,5.84,5.77,5.78,22951600,TRY
2019-11-22,5.8,5.86,5.78,5.79,29639400,TRY
2019-11-25,5.83,5.84,5.62,5.68,44408500,TRY
2019-11-26,5.74,5.8,5.7,5.76,42947000,TRY
2019-11-27,5.76,5.78,5.7,5.74,21991800,TRY
2019-11-28,5.74,5.77,5.73,5.74,15599000,TRY
2019-11-29,5.74,5.83,5.74,5.77,29348500,TRY
2019-12-02,5.8,5.83,5.78,5.8,24490500,TRY
2019-12-03,5.8,5.9,5.77,5.78,57599200,TRY
2019-12-04,5.79,5.83,5.73,5.8,21019700,TRY
2019-12-05,5.82,5.95,5.82,5.93,47645700,TRY
2019-12-06,5.92,6.06,5.87,5.87,45083700,TRY
2019-12-09,5.86,5.89,5.79,5.8,26922000,TRY
2019-12-10,5.79,5.82,5.71,5.71,28556800,TRY
2019-12-11,5.71,5.74,5.69,5.69,12479100,TRY
2019-12-12,5.73,5.8,5.73,5.8,23309200,TRY
2019-12-13,5.84,5.87,5.74,5.76,44263500,TRY
2019-12-16,5.76,5.79,5.73,5.74,20169300,TRY
2019-12-17,5.75,5.77,5.68,5.68,25236000,TRY
2019-12-18,5.66,5.76,5.63,5.69,26398000,TRY
2019-12-19,5.71,5.72,5.67,5.68,10256900,TRY
2019-12-20,5.69,5.73,5.68,5.69,12843500,TRY
2019-12-23,5.68,5.78,5.66,5.7,20388900,TRY
2019-12-24,5.77,6.01,5.77,5.95,95521904,TRY
2019-12-25,5.98,6.01,5.91,5.91,18374500,TRY
2019-12-26,5.91,5.96,5.87,5.89,25139100,TRY
2019-12-27,5.9,5.92,5.83,5.86,21100000,TRY
2019-12-30,5.86,5.96,5.86,5.93,33015600,TRY
2019-12-31,5.94,6.04,5.91,5.91,62892400,TRY
