Date,Open,High,Low,Close,Volume,Currency
2010-05-24,4.54,4.58,4.45,4.54,38641008,TRY
2010-05-25,4.43,4.47,4.26,4.3,46631912,TRY
2010-05-26,4.35,4.49,4.33,4.47,38941300,TRY
2010-05-27,4.47,4.54,4.45,4.54,31869292,TRY
2010-05-28,4.58,4.66,4.56,4.6,37845416,TRY
2010-05-31,4.56,4.56,4.49,4.52,21542810,TRY
2010-06-01,4.52,4.6,4.45,4.58,31381808,TRY
2010-06-02,4.54,4.64,4.52,4.62,42307632,TRY
2010-06-03,4.71,4.75,4.64,4.66,44774976,TRY
2010-06-04,4.67,4.69,4.52,4.56,29844504,TRY
2010-06-07,4.47,4.6,4.45,4.56,29695696,TRY
2010-06-08,4.58,4.62,4.47,4.5,34360960,TRY
2010-06-09,4.54,4.58,4.5,4.56,25969284,TRY
2010-06-10,4.56,4.66,4.5,4.62,41329056,TRY
2010-06-11,4.66,4.71,4.64,4.66,33357254,TRY
2010-06-14,4.71,4.79,4.67,4.73,23038708,TRY
2010-06-15,4.71,4.85,4.66,4.85,19626792,TRY
2010-06-16,4.9,4.9,4.76,4.81,14498562,TRY
2010-06-17,4.81,4.95,4.81,4.9,26382544,TRY
2010-06-18,4.95,4.99,4.85,4.9,16365344,TRY
2010-06-21,4.99,5.04,4.85,4.95,25290856,TRY
2010-06-22,4.9,4.99,4.85,4.9,20368480,TRY
2010-06-23,4.9,4.9,4.76,4.76,13376675,TRY
2010-06-24,4.85,4.85,4.76,4.81,11843700,TRY
2010-06-25,4.81,4.85,4.76,4.81,8579904,TRY
2010-06-28,4.81,4.95,4.81,4.9,9508663,TRY
2010-06-29,4.85,4.9,4.66,4.71,18125844,TRY
2010-06-30,4.76,4.81,4.62,4.66,26502668,TRY
2010-07-01,4.6,4.67,4.6,4.66,35448172,TRY
2010-07-02,4.69,4.79,4.66,4.79,30333624,TRY
2010-07-05,4.81,4.85,4.76,4.81,8870635,TRY
2010-07-06,4.85,4.99,4.85,4.99,22281008,TRY
2010-07-07,4.95,4.95,4.85,4.95,18163452,TRY
2010-07-08,5.04,5.04,4.95,4.95,25949968,TRY
2010-07-09,4.99,5.04,4.85,4.95,23847564,TRY
2010-07-12,4.95,4.99,4.9,4.99,7201980,TRY
2010-07-13,4.95,5.14,4.95,5.14,33211488,TRY
2010-07-14,5.18,5.28,5.18,5.23,24240582,TRY
2010-07-15,5.18,5.37,5.18,5.18,37728064,TRY
2010-07-16,5.18,5.37,5.18,5.23,25306004,TRY
2010-07-19,5.23,5.37,5.18,5.28,18440804,TRY
2010-07-20,5.32,5.37,5.18,5.28,11844766,TRY
2010-07-21,5.32,5.65,5.32,5.65,30505180,TRY
2010-07-22,5.61,5.75,5.51,5.61,29340156,TRY
2010-08-11,5.09,5.14,5.04,5.09,9095212,TRY
2011-01-25,4.84,4.88,4.73,4.79,47011200,TRY
2011-01-26,4.81,4.88,4.77,4.88,45807680,TRY
2011-01-27,4.9,4.9,4.77,4.79,33966696,TRY
2011-01-28,4.75,4.77,4.6,4.66,52680696,TRY
2011-01-31,4.62,4.78,4.58,4.75,51784656,TRY
2011-02-01,4.79,4.96,4.79,4.96,49052596,TRY
2011-02-02,4.98,5.07,4.94,5.01,67073832,TRY
2011-02-03,5.01,5.09,4.84,4.86,58690380,TRY
2011-02-04,4.82,5.14,4.79,5.14,77747680,TRY
2011-02-07,5.18,5.24,4.98,5.03,50994872,TRY
2011-02-08,5.05,5.14,5.01,5.05,46135804,TRY
2011-02-09,5.05,5.16,4.99,5.07,49283672,TRY
2011-02-10,4.99,5.03,4.88,4.88,55079692,TRY
2011-02-11,4.86,4.96,4.84,4.92,50913104,TRY
2011-02-14,4.98,4.99,4.88,4.9,27196748,TRY
2011-02-15,4.88,5.01,4.88,4.94,38849784,TRY
2011-02-16,4.96,5.05,4.92,5.05,36106392,TRY
2011-02-17,5.05,5.09,4.98,5.07,42014472,TRY
2011-02-18,5.11,5.14,5.05,5.07,28249974,TRY
2011-02-21,5.05,5.09,4.98,4.98,25323632,TRY
2011-02-22,4.94,4.98,4.88,4.94,44024336,TRY
2011-02-23,4.94,4.98,4.75,4.84,61196792,TRY
2011-02-24,4.81,4.81,4.69,4.71,73847304,TRY
2011-02-25,4.77,4.86,4.73,4.77,52733576,TRY
2011-02-28,4.79,4.81,4.64,4.69,45349172,TRY
2011-03-01,4.72,4.76,4.39,4.42,111764680,TRY
2011-03-02,4.39,4.5,4.38,4.4,94446320,TRY
2011-03-03,4.47,4.57,4.47,4.55,73715576,TRY
2011-03-04,4.56,4.63,4.52,4.56,62526720,TRY
2011-03-07,4.51,4.54,4.42,4.47,49902236,TRY
2011-03-08,4.51,4.57,4.49,4.54,89010448,TRY
2011-03-09,4.56,4.68,4.56,4.68,77302448,TRY
2011-03-10,4.66,4.75,4.61,4.73,89056688,TRY
2011-03-11,4.68,4.77,4.66,4.71,81978680,TRY
2011-03-14,4.71,4.84,4.7,4.79,92644512,TRY
2011-03-15,4.73,4.75,4.62,4.75,104716440,TRY
2011-03-16,4.79,4.82,4.64,4.66,74460120,TRY
2011-03-17,4.69,4.74,4.66,4.72,71678976,TRY
2011-03-18,4.74,4.75,4.61,4.73,100993032,TRY
2011-03-21,4.73,4.77,4.69,4.71,35965212,TRY
2011-03-22,4.73,4.77,4.71,4.77,35658104,TRY
2011-03-23,4.75,4.82,4.6,4.64,72610224,TRY
2011-03-24,4.62,4.68,4.59,4.67,69986936,TRY
2011-03-25,4.71,4.72,4.66,4.66,39297876,TRY
2011-03-28,4.67,4.74,4.66,4.69,51760444,TRY
2011-03-29,4.68,4.7,4.59,4.66,48509552,TRY
2011-03-30,4.68,4.69,4.65,4.68,25172754,TRY
2011-03-31,4.71,4.72,4.63,4.66,33668536,TRY
2011-04-01,4.76,4.82,4.66,4.8,49297972,TRY
2011-04-04,4.82,5.03,4.8,5.02,83397536,TRY
2011-04-05,5.02,5.12,5.0,5.04,65159160,TRY
2011-04-06,5.06,5.21,5.04,5.15,74227584,TRY
2011-04-07,5.15,5.27,5.08,5.25,62327160,TRY
2011-04-08,5.25,5.27,5.0,5.04,62450700,TRY
2011-04-11,5.02,5.1,4.98,5.08,44340968,TRY
2011-04-12,5.02,5.1,4.98,5.04,40180412,TRY
2011-04-13,5.06,5.17,5.06,5.12,36403704,TRY
2011-04-14,5.12,5.15,5.08,5.15,18332300,TRY
2011-04-15,5.17,5.21,5.13,5.19,26210094,TRY
2011-04-18,5.19,5.21,5.02,5.04,42903868,TRY
2011-04-19,5.08,5.17,5.08,5.13,37124208,TRY
2011-04-20,5.19,5.21,5.13,5.17,15029960,TRY
2011-04-21,5.17,5.21,5.13,5.19,26070692,TRY
2011-04-22,5.21,5.21,5.15,5.19,6502331,TRY
2011-04-25,5.17,5.21,5.15,5.17,8061595,TRY
2011-04-26,5.17,5.19,5.15,5.15,11386241,TRY
2011-04-27,5.17,5.19,5.1,5.13,19569572,TRY
2011-04-28,5.15,5.17,5.06,5.17,23953494,TRY
2011-04-29,5.17,5.25,5.1,5.23,24729610,TRY
2011-05-02,5.27,5.27,5.21,5.25,26437764,TRY
2011-05-03,5.23,5.35,5.17,5.33,46719172,TRY
2011-05-04,5.31,5.41,5.25,5.27,45060144,TRY
2011-05-05,5.25,5.33,5.25,5.29,30639996,TRY
2011-05-06,5.27,5.29,5.19,5.19,43764416,TRY
2011-05-09,5.19,5.35,5.15,5.27,58453100,TRY
2011-05-10,5.27,5.29,5.12,5.15,35281828,TRY
2011-05-11,5.15,5.17,4.98,5.0,59478128,TRY
2011-05-12,4.98,5.19,4.96,5.15,34034184,TRY
2011-05-13,5.15,5.17,4.98,5.0,37819172,TRY
2011-05-16,4.96,5.06,4.88,5.06,44551064,TRY
2011-05-17,5.04,5.08,4.96,5.04,39449224,TRY
2011-05-18,5.04,5.08,4.88,4.92,38616372,TRY
2011-05-20,4.92,4.94,4.78,4.82,29660776,TRY
2011-05-23,4.8,4.83,4.77,4.79,32451932,TRY
2011-05-24,4.8,4.93,4.78,4.93,43789700,TRY
2011-05-25,4.89,5.0,4.84,4.84,47327196,TRY
2011-05-26,4.88,4.92,4.82,4.84,24831716,TRY
2011-05-27,4.88,4.9,4.69,4.77,44047824,TRY
2011-05-30,4.78,4.8,4.71,4.72,24454352,TRY
2011-05-31,4.77,4.88,4.77,4.85,53805108,TRY
2011-06-01,4.82,4.87,4.79,4.84,42147396,TRY
2011-06-02,4.79,4.86,4.77,4.85,44301068,TRY
2011-06-03,4.86,4.9,4.76,4.8,54424840,TRY
2011-06-06,4.82,4.86,4.81,4.86,28553464,TRY
2011-06-07,4.86,4.96,4.85,4.96,33476770,TRY
2011-06-08,4.92,4.94,4.88,4.9,50196508,TRY
2011-06-09,4.88,4.96,4.86,4.92,28552624,TRY
2011-06-10,4.92,5.0,4.9,4.96,23194940,TRY
2011-06-13,4.98,5.08,4.94,4.98,32340608,TRY
2011-06-14,4.98,5.0,4.75,4.78,56243036,TRY
2011-06-15,4.77,4.78,4.65,4.69,52189180,TRY
2011-06-16,4.67,4.71,4.54,4.63,75113480,TRY
2011-06-17,4.62,4.69,4.6,4.63,41535608,TRY
2011-06-20,4.58,4.6,4.52,4.58,35375736,TRY
2011-06-21,4.62,4.71,4.62,4.71,25489564,TRY
2011-06-22,4.7,4.71,4.6,4.61,30395908,TRY
2011-06-23,4.57,4.69,4.54,4.68,51019528,TRY
2011-06-24,4.73,4.76,4.7,4.71,43248836,TRY
2011-06-27,4.68,4.69,4.62,4.64,28104236,TRY
2011-06-28,4.67,4.74,4.66,4.72,35466524,TRY
2011-06-29,4.73,4.75,4.71,4.74,25948746,TRY
2011-06-30,4.75,4.85,4.74,4.84,31057538,TRY
2011-07-01,4.84,4.86,4.78,4.82,21526200,TRY
2011-07-04,4.82,4.92,4.81,4.92,23255136,TRY
2011-07-05,4.9,4.96,4.86,4.9,25878060,TRY
2011-07-06,4.88,4.92,4.8,4.8,25555246,TRY
2011-07-07,4.82,4.95,4.79,4.94,33457776,TRY
2011-07-08,4.94,5.0,4.84,4.84,35155092,TRY
2011-07-11,4.84,4.92,4.78,4.78,24082400,TRY
2011-07-12,4.73,4.8,4.71,4.79,41624232,TRY
2011-07-13,4.8,4.85,4.79,4.85,23438494,TRY
2011-07-14,4.83,4.88,4.81,4.81,20183106,TRY
2011-07-15,4.79,4.88,4.79,4.85,26207032,TRY
2011-07-18,4.83,4.87,4.75,4.77,20074324,TRY
2011-07-19,4.78,4.81,4.73,4.74,19134706,TRY
2011-07-20,4.78,4.78,4.72,4.73,21452700,TRY
2011-07-21,4.76,4.76,4.59,4.68,41569952,TRY
2011-07-22,4.68,4.7,4.55,4.56,33304604,TRY
2011-07-25,4.53,4.68,4.47,4.67,27406156,TRY
2011-07-26,4.68,4.72,4.63,4.69,30831528,TRY
2011-07-27,4.67,4.74,4.65,4.67,32167676,TRY
2011-07-28,4.65,4.77,4.65,4.77,51368800,TRY
2011-07-29,4.75,4.76,4.68,4.72,48423392,TRY
2011-08-01,4.76,4.78,4.71,4.71,42149660,TRY
2011-08-02,4.71,4.74,4.67,4.7,33327864,TRY
2011-08-03,4.66,4.85,4.64,4.83,50666924,TRY
2011-08-04,4.76,4.78,4.68,4.69,52378168,TRY
2011-08-05,4.57,4.65,4.35,4.37,75202240,TRY
2011-08-08,4.32,4.41,4.01,4.02,86403216,TRY
2011-08-09,4.04,4.17,3.81,4.12,107209040,TRY
2011-08-10,4.14,4.21,3.75,3.81,77359888,TRY
2011-08-11,3.95,4.03,3.72,4.02,74598840,TRY
2011-08-12,3.99,4.18,3.91,4.12,50626320,TRY
2011-08-15,4.18,4.24,4.17,4.23,25640724,TRY
2011-08-16,4.2,4.35,4.15,4.33,37045448,TRY
2011-08-17,4.28,4.4,4.28,4.32,28914484,TRY
2011-08-18,4.28,4.28,4.08,4.12,38870968,TRY
2011-08-19,4.08,4.28,3.97,4.26,41309776,TRY
2011-08-22,4.05,4.38,4.05,4.32,40450820,TRY
2011-08-23,4.35,4.35,4.16,4.21,39098984,TRY
2011-08-24,4.21,4.3,4.18,4.3,42689808,TRY
2011-08-25,4.31,4.33,4.2,4.2,30220622,TRY
2011-08-26,4.22,4.28,4.2,4.27,26045156,TRY
2011-08-29,4.3,4.32,4.27,4.29,4548154,TRY
2011-09-02,4.33,4.44,4.33,4.36,30971020,TRY
2011-09-05,4.28,4.32,4.2,4.22,31399668,TRY
2011-09-06,4.21,4.31,4.21,4.29,52417384,TRY
2011-09-07,4.36,4.38,4.27,4.28,40357960,TRY
2011-09-08,4.28,4.43,4.25,4.42,47137544,TRY
2011-09-09,4.4,4.45,4.32,4.34,44736540,TRY
2011-09-12,4.26,4.33,4.24,4.31,47091068,TRY
2011-09-13,4.34,4.38,4.29,4.36,56368988,TRY
2011-09-14,4.33,4.42,4.3,4.33,61813824,TRY
2011-09-15,4.33,4.42,4.32,4.39,46785112,TRY
2011-09-16,4.39,4.43,4.36,4.42,53029304,TRY
2011-09-19,4.37,4.43,4.36,4.4,69732848,TRY
2011-09-20,4.4,4.79,4.38,4.71,163784656,TRY
2011-09-21,4.71,4.74,4.66,4.7,52956424,TRY
2011-09-22,4.63,4.64,4.43,4.44,56634888,TRY
2011-09-23,4.46,4.47,4.26,4.29,56086588,TRY
2011-09-26,4.18,4.43,4.17,4.38,51872808,TRY
2011-09-27,4.49,4.53,4.47,4.51,24006048,TRY
2011-09-28,4.49,4.64,4.49,4.56,55743596,TRY
2011-09-29,4.57,4.66,4.57,4.64,46571724,TRY
2011-09-30,4.64,4.68,4.52,4.68,39209812,TRY
2011-10-03,4.62,4.73,4.57,4.62,63973688,TRY
2011-10-04,4.59,4.63,4.42,4.42,54162552,TRY
2011-10-05,4.47,4.53,4.4,4.41,38673948,TRY
2011-10-06,4.44,4.51,4.42,4.42,35116912,TRY
2011-10-07,4.45,4.51,4.41,4.5,29536900,TRY
2011-10-10,4.53,4.62,4.5,4.62,21478820,TRY
2011-10-11,4.61,4.67,4.57,4.61,24260140,TRY
2011-10-12,4.64,4.71,4.62,4.67,29941160,TRY
2011-10-13,4.66,4.71,4.56,4.58,32704392,TRY
2011-10-14,4.61,4.66,4.57,4.63,20825808,TRY
2011-10-17,4.67,4.69,4.55,4.57,23778762,TRY
2011-10-18,4.55,4.62,4.53,4.6,26473982,TRY
2011-10-19,4.62,4.66,4.46,4.47,38392992,TRY
2011-10-20,4.42,4.45,4.17,4.2,48373656,TRY
2011-10-21,4.2,4.29,4.19,4.26,55458684,TRY
2011-10-24,4.28,4.3,4.07,4.15,63814540,TRY
2011-10-25,4.13,4.2,4.08,4.1,49931580,TRY
2011-10-26,4.11,4.15,3.96,3.96,45633680,TRY
2011-10-27,4.03,4.12,4.01,4.09,37600080,TRY
2011-10-28,4.12,4.15,4.09,4.12,11076189,TRY
2011-10-31,4.1,4.11,4.0,4.02,20272788,TRY
2011-11-01,3.95,3.96,3.86,3.93,39961848,TRY
2011-11-02,3.96,4.04,3.92,4.02,29378908,TRY
2011-11-03,3.94,4.1,3.93,4.08,57568968,TRY
2011-11-04,4.09,4.11,4.01,4.03,22695228,TRY
2011-11-10,3.93,3.95,3.88,3.9,74481560,TRY
2011-11-11,3.91,3.96,3.91,3.95,31252656,TRY
2011-11-14,3.97,4.0,3.91,3.93,29978980,TRY
2011-11-15,3.93,3.95,3.89,3.93,28789928,TRY
2011-11-16,3.9,3.96,3.9,3.92,25801870,TRY
2011-11-17,3.93,3.93,3.79,3.81,36430236,TRY
2011-11-18,3.8,3.84,3.77,3.79,24408096,TRY
2011-11-21,3.79,3.8,3.58,3.62,30354284,TRY
2011-11-22,3.65,3.66,3.49,3.57,48316936,TRY
2011-11-23,3.53,3.58,3.47,3.52,59542772,TRY
2011-11-24,3.54,3.56,3.4,3.43,55994528,TRY
2011-11-25,3.43,3.49,3.34,3.47,72658496,TRY
2011-11-28,3.5,3.56,3.48,3.55,37173100,TRY
2011-11-29,3.53,3.53,3.46,3.49,42001400,TRY
2011-11-30,3.45,3.68,3.43,3.68,57673796,TRY
2011-12-01,3.68,3.72,3.6,3.61,49316392,TRY
2011-12-02,3.63,3.72,3.62,3.7,37831868,TRY
2011-12-05,3.7,3.74,3.68,3.72,32880086,TRY
2011-12-06,3.7,3.7,3.58,3.61,47984792,TRY
2011-12-07,3.65,3.67,3.59,3.61,36488952,TRY
2011-12-08,3.63,3.63,3.44,3.46,44675076,TRY
2011-12-09,3.39,3.48,3.37,3.45,46555680,TRY
2011-12-12,3.44,3.47,3.33,3.35,28579524,TRY
2011-12-13,3.36,3.39,3.32,3.34,35477864,TRY
2011-12-14,3.31,3.31,3.16,3.19,58783704,TRY
2011-12-15,3.19,3.27,3.18,3.23,57626564,TRY
2011-12-16,3.26,3.37,3.25,3.32,46675616,TRY
2011-12-19,3.29,3.36,3.18,3.22,33727968,TRY
2011-12-20,3.23,3.31,3.18,3.31,40281444,TRY
2011-12-21,3.33,3.37,3.25,3.26,55043296,TRY
2011-12-22,3.28,3.3,3.22,3.24,40195920,TRY
2011-12-23,3.27,3.3,3.24,3.27,27202802,TRY
2011-12-26,3.29,3.35,3.27,3.35,9504950,TRY
2011-12-27,3.34,3.35,3.3,3.31,14775307,TRY
2011-12-28,3.3,3.32,3.23,3.24,21595088,TRY
2011-12-29,3.24,3.26,3.2,3.25,22974884,TRY
2011-12-30,3.26,3.28,3.2,3.22,19244000,TRY
2012-01-02,3.22,3.3,3.21,3.26,20815192,TRY
2012-01-03,3.28,3.46,3.28,3.45,36156264,TRY
2012-01-04,3.44,3.47,3.3,3.32,48018748,TRY
2012-01-05,3.33,3.34,3.24,3.28,41091376,TRY
2012-01-06,3.28,3.34,3.17,3.21,48566952,TRY
2012-01-09,3.23,3.24,3.05,3.12,63366088,TRY
2012-01-10,3.16,3.22,3.13,3.18,38792980,TRY
2012-01-11,3.17,3.25,3.16,3.23,56021336,TRY
2012-01-12,3.25,3.34,3.24,3.29,58845880,TRY
2012-01-13,3.32,3.33,3.22,3.26,31901560,TRY
2012-01-16,3.27,3.37,3.25,3.37,38027132,TRY
2012-01-17,3.4,3.44,3.32,3.36,71111728,TRY
2012-01-18,3.35,3.39,3.29,3.38,58990868,TRY
2012-01-19,3.38,3.48,3.36,3.48,109402280,TRY
2012-01-20,3.51,3.53,3.45,3.48,69447960,TRY
2012-01-23,3.47,3.56,3.43,3.52,52330160,TRY
2012-01-24,3.5,3.54,3.44,3.52,43813472,TRY
2012-01-25,3.54,3.55,3.47,3.49,55346944,TRY
2012-01-26,3.54,3.71,3.54,3.68,103734288,TRY
2012-01-27,3.68,3.73,3.66,3.71,60774336,TRY
2012-01-30,3.67,3.72,3.66,3.71,60639624,TRY
2012-01-31,3.74,3.76,3.61,3.61,85735120,TRY
2012-02-01,3.61,3.75,3.61,3.75,65356752,TRY
2012-02-02,3.75,3.87,3.73,3.85,96675784,TRY
2012-02-03,3.83,3.88,3.81,3.83,68773672,TRY
2012-02-06,3.83,3.88,3.81,3.88,47265888,TRY
2012-02-07,3.89,3.92,3.84,3.85,81676152,TRY
2012-02-08,3.89,3.92,3.87,3.91,42130336,TRY
2012-02-09,3.91,3.97,3.83,3.85,56958736,TRY
2012-02-10,3.83,3.85,3.79,3.83,43647584,TRY
2012-02-13,3.87,3.99,3.86,3.96,60868712,TRY
2012-02-14,3.96,4.03,3.85,3.87,96039584,TRY
2012-02-15,3.97,4.0,3.92,3.96,81616968,TRY
2012-02-16,3.93,4.01,3.93,4.01,44657208,TRY
2012-02-17,4.04,4.18,4.01,4.17,61116300,TRY
2012-02-20,4.21,4.28,4.19,4.22,43495228,TRY
2012-02-21,4.2,4.24,4.17,4.22,45949452,TRY
2012-02-22,4.23,4.26,4.14,4.17,46738252,TRY
2012-02-23,4.18,4.18,3.97,3.98,65434676,TRY
2012-02-24,4.01,4.05,3.86,3.9,72547368,TRY
2012-02-27,3.88,3.9,3.81,3.86,48871948,TRY
2012-02-28,3.89,3.98,3.88,3.95,67028916,TRY
2012-02-29,3.96,4.07,3.95,4.05,85897040,TRY
2012-03-01,4.01,4.09,3.99,4.06,55738144,TRY
2012-03-02,4.04,4.07,4.01,4.05,25739332,TRY
2012-03-05,3.829,3.838,3.718,3.718,44245940,TRY
2012-03-06,3.727,3.755,3.662,3.662,59457040,TRY
2012-03-07,3.681,3.774,3.681,3.764,46517052,TRY
2012-03-08,3.801,3.848,3.755,3.774,49102416,TRY
2012-03-09,3.801,3.801,3.718,3.727,37942228,TRY
2012-03-12,3.718,3.764,3.699,3.709,29651376,TRY
2012-03-13,3.755,3.792,3.736,3.736,44275084,TRY
2012-03-14,3.783,3.857,3.774,3.838,55050884,TRY
2012-03-15,3.848,3.876,3.82,3.876,43597040,TRY
2012-03-16,3.876,4.015,3.876,4.005,75843872,TRY
2012-03-19,4.005,4.08,3.978,4.052,65497508,TRY
2012-03-20,4.033,4.043,3.941,3.996,54056792,TRY
2012-03-21,4.015,4.043,3.996,4.024,41706464,TRY
2012-03-22,4.043,4.061,3.978,3.987,49154992,TRY
2012-03-23,4.015,4.015,3.959,3.968,37977352,TRY
2012-03-26,3.968,4.08,3.959,4.08,55997152,TRY
2012-03-27,4.089,4.144,4.07,4.098,66457604,TRY
2012-03-28,4.089,4.117,4.033,4.033,49799484,TRY
2012-03-29,4.024,4.052,4.005,4.005,37861264,TRY
2012-03-30,4.043,4.089,4.043,4.07,34460024,TRY
2012-04-02,4.147,4.166,4.109,4.166,40828848,TRY
2012-04-03,4.195,4.261,4.185,4.185,58157616,TRY
2012-04-04,4.147,4.157,4.099,4.128,35831300,TRY
2012-04-05,4.147,4.147,4.014,4.033,78009104,TRY
2012-04-06,4.033,4.042,3.909,3.918,44944980,TRY
2012-04-09,3.89,3.937,3.871,3.918,45764832,TRY
2012-04-10,3.928,3.947,3.842,3.842,79549568,TRY
2012-04-11,3.823,3.918,3.804,3.909,89437168,TRY
2012-04-12,3.918,3.966,3.89,3.966,51125696,TRY
2012-04-13,3.966,3.995,3.937,3.937,42972028,TRY
2012-04-16,3.909,4.014,3.909,3.966,47555972,TRY
2012-04-17,3.956,3.995,3.928,3.947,65080844,TRY
2012-04-18,3.985,3.995,3.918,3.928,57503768,TRY
2012-04-19,3.937,3.966,3.89,3.899,36764688,TRY
2012-04-20,3.899,3.937,3.899,3.909,23908644,TRY
2012-04-24,3.852,3.88,3.833,3.861,27957288,TRY
2012-04-25,3.89,3.909,3.842,3.89,30977626,TRY
2012-04-26,3.909,3.947,3.88,3.947,36740820,TRY
2012-04-27,3.928,3.966,3.861,3.89,44447280,TRY
2012-04-30,3.909,3.918,3.813,3.833,31093972,TRY
2012-05-02,3.833,3.871,3.699,3.709,48562236,TRY
2012-05-03,3.718,3.766,3.718,3.747,35207828,TRY
2012-05-04,3.756,3.804,3.747,3.756,31812152,TRY
2012-05-07,3.699,3.728,3.67,3.699,34157716,TRY
2012-05-08,3.699,3.775,3.689,3.718,31446690,TRY
2012-05-09,3.737,3.766,3.689,3.709,30815140,TRY
2012-05-10,3.747,3.785,3.737,3.775,34245360,TRY
2012-05-11,3.747,3.871,3.747,3.861,29183676,TRY
2012-05-14,3.842,3.88,3.756,3.756,30872492,TRY
2012-05-15,3.775,3.794,3.709,3.756,31020912,TRY
2012-05-16,3.718,3.794,3.699,3.794,39756616,TRY
2012-05-17,3.785,3.813,3.661,3.67,54571944,TRY
2012-05-18,3.623,3.67,3.594,3.632,73240992,TRY
2012-05-21,3.651,3.68,3.623,3.632,34176288,TRY
2012-05-22,3.67,3.728,3.651,3.728,38104300,TRY
2012-05-23,3.689,3.699,3.613,3.642,40915860,TRY
2012-05-24,3.661,3.67,3.566,3.594,31098384,TRY
2012-05-25,3.556,3.661,3.537,3.575,50186052,TRY
2012-05-28,3.623,3.642,3.585,3.623,33031704,TRY
2012-05-29,3.651,3.737,3.651,3.718,41775552,TRY
2012-05-30,3.699,3.709,3.623,3.651,50913220,TRY
2012-05-31,3.661,3.689,3.585,3.585,70762336,TRY
2012-06-01,3.604,3.623,3.556,3.623,62518512,TRY
2012-06-04,3.594,3.661,3.585,3.632,54140664,TRY
2012-06-05,3.651,3.68,3.632,3.661,60013984,TRY
2012-06-06,3.68,3.718,3.67,3.699,52403148,TRY
2012-06-07,3.728,3.775,3.709,3.737,55268432,TRY
2012-06-08,3.718,3.813,3.718,3.813,42160216,TRY
2012-06-11,3.918,3.928,3.823,3.823,42842260,TRY
2012-06-12,3.813,3.909,3.813,3.899,43026712,TRY
2012-06-13,3.918,3.928,3.88,3.918,43649908,TRY
2012-06-14,3.918,3.995,3.909,3.985,39957932,TRY
2012-06-15,3.995,4.033,3.975,4.033,35036936,TRY
2012-06-18,4.071,4.09,3.975,3.985,20745172,TRY
2012-06-19,3.985,4.071,3.985,4.071,35917964,TRY
2012-06-20,4.128,4.157,4.099,4.138,33628240,TRY
2012-06-21,4.128,4.271,4.128,4.271,40643924,TRY
2012-06-22,4.242,4.319,4.223,4.29,38558860,TRY
2012-06-25,4.242,4.281,4.214,4.214,30002212,TRY
2012-06-26,4.242,4.261,4.185,4.252,30786268,TRY
2012-06-27,4.261,4.528,4.261,4.49,62570132,TRY
2012-06-28,4.49,4.509,4.385,4.424,34357636,TRY
2012-06-29,4.5,4.576,4.481,4.576,34003300,TRY
2012-07-02,4.576,4.595,4.5,4.519,19891182,TRY
2012-07-03,4.538,4.643,4.538,4.643,22288396,TRY
2012-07-04,4.681,4.757,4.652,4.738,33156822,TRY
2012-07-05,4.738,4.757,4.586,4.595,36869008,TRY
2012-07-06,4.605,4.71,4.576,4.662,36006600,TRY
2012-07-09,4.681,4.729,4.652,4.662,20247768,TRY
2012-07-10,4.662,4.776,4.662,4.729,43586216,TRY
2012-07-11,4.729,4.767,4.7,4.7,24677416,TRY
2012-07-12,4.7,4.7,4.586,4.605,22971736,TRY
2012-07-13,4.614,4.624,4.528,4.548,31575852,TRY
2012-07-16,4.548,4.586,4.462,4.471,32668844,TRY
2012-07-17,4.5,4.509,4.424,4.433,23649244,TRY
2012-07-18,4.443,4.528,4.424,4.481,34759676,TRY
2012-07-19,4.5,4.548,4.481,4.528,26458212,TRY
2012-07-20,4.528,4.595,4.452,4.509,34725184,TRY
2012-07-23,4.481,4.49,4.385,4.424,30990192,TRY
2012-07-24,4.424,4.538,4.385,4.519,42999048,TRY
2012-07-25,4.5,4.586,4.5,4.586,47002472,TRY
2012-07-26,4.605,4.767,4.605,4.757,34286476,TRY
2012-07-27,4.767,4.805,4.738,4.786,41130948,TRY
2012-07-30,4.786,4.9,4.748,4.881,37920444,TRY
2012-07-31,4.881,5.015,4.862,5.015,36846480,TRY
2012-08-01,4.938,4.957,4.824,4.862,26197428,TRY
2012-08-02,4.862,4.957,4.767,4.881,63403972,TRY
2012-08-03,4.881,5.11,4.881,5.072,37731284,TRY
2012-08-06,5.072,5.244,5.072,5.167,30544522,TRY
2012-08-07,5.167,5.224,5.015,5.053,40151052,TRY
2012-08-08,5.034,5.072,4.9,4.957,41387180,TRY
2012-08-09,4.996,5.053,4.9,4.957,38759932,TRY
2012-08-10,4.957,5.034,4.881,5.034,35652992,TRY
2012-08-13,5.034,5.129,5.015,5.053,36389184,TRY
2012-08-14,5.072,5.091,4.938,4.957,30025176,TRY
2012-08-15,4.957,5.034,4.881,5.034,35994140,TRY
2012-08-16,5.053,5.11,5.034,5.072,27421820,TRY
2012-08-17,5.091,5.148,5.072,5.129,24643404,TRY
2012-08-22,5.129,5.205,5.11,5.167,24252400,TRY
2012-08-23,5.186,5.224,5.129,5.148,34274268,TRY
2012-08-24,5.129,5.224,5.129,5.148,17410568,TRY
2012-08-27,5.148,5.186,5.129,5.167,10133816,TRY
2012-08-28,5.186,5.282,5.186,5.205,29525940,TRY
2012-08-29,5.224,5.244,5.148,5.167,30369536,TRY
2012-08-31,5.148,5.282,5.091,5.282,37221348,TRY
2012-09-03,5.263,5.377,5.224,5.32,33752728,TRY
2012-09-04,5.339,5.358,5.244,5.263,37315504,TRY
2012-09-05,5.263,5.377,5.224,5.339,36987936,TRY
2012-09-06,5.358,5.377,5.282,5.339,32642712,TRY
2012-09-07,5.339,5.453,5.301,5.396,41137408,TRY
2012-09-10,5.415,5.453,5.358,5.396,18646676,TRY
2012-09-11,5.396,5.415,5.358,5.377,13170249,TRY
2012-09-12,5.396,5.453,5.377,5.377,26802796,TRY
2012-09-13,5.396,5.396,5.263,5.301,35668228,TRY
2012-09-14,5.396,5.453,5.358,5.396,28515304,TRY
2012-09-17,5.377,5.396,5.339,5.396,21515488,TRY
2012-09-18,5.377,5.396,5.263,5.282,30734348,TRY
2012-09-19,5.32,5.358,5.148,5.148,48628704,TRY
2012-09-20,5.11,5.148,5.053,5.11,42766344,TRY
2012-09-21,5.186,5.415,5.186,5.358,62006992,TRY
2012-09-24,5.301,5.396,5.282,5.339,42506572,TRY
2012-09-25,5.358,5.491,5.358,5.491,55096756,TRY
2012-09-26,5.434,5.625,5.415,5.434,50714928,TRY
2012-09-27,5.491,5.529,5.415,5.453,30291184,TRY
2012-09-28,5.491,5.51,5.358,5.377,38033820,TRY
2012-10-01,5.339,5.377,5.244,5.358,47173312,TRY
2012-10-02,5.358,5.472,5.358,5.415,36643372,TRY
2012-10-03,5.415,5.472,5.32,5.32,40473676,TRY
2012-10-04,5.32,5.396,5.224,5.377,49525672,TRY
2012-10-05,5.415,5.529,5.339,5.434,89799568,TRY
2012-10-08,5.434,5.491,5.377,5.472,54445052,TRY
2012-10-09,5.491,5.548,5.453,5.51,48348448,TRY
2012-10-10,5.491,5.568,5.472,5.568,54330272,TRY
2012-10-11,5.568,5.663,5.548,5.644,61489232,TRY
2012-10-12,5.625,5.682,5.587,5.606,52808376,TRY
2012-10-15,5.606,5.625,5.529,5.568,32574536,TRY
2012-10-16,5.625,5.682,5.587,5.606,39141512,TRY
2012-10-17,5.644,5.682,5.625,5.644,33769468,TRY
2012-10-18,5.663,5.682,5.587,5.644,27753786,TRY
2012-10-19,5.644,5.701,5.625,5.701,33129076,TRY
2012-10-22,5.72,5.873,5.701,5.873,32508360,TRY
2012-10-23,5.873,5.892,5.701,5.758,28745796,TRY
2012-10-24,5.777,5.777,5.682,5.72,8057128,TRY
2012-10-30,5.739,5.854,5.72,5.854,16516359,TRY
2012-10-31,5.873,5.949,5.796,5.816,54497232,TRY
2012-11-01,5.835,5.854,5.777,5.835,40000860,TRY
2012-11-02,5.835,5.835,5.568,5.663,49516864,TRY
2012-11-05,5.682,5.873,5.529,5.701,93691920,TRY
2012-11-06,5.682,5.739,5.606,5.625,56423712,TRY
2012-11-07,5.663,5.72,5.568,5.568,51985296,TRY
2012-11-08,5.606,5.682,5.529,5.663,55506732,TRY
2012-11-09,5.663,5.739,5.568,5.587,66263736,TRY
2012-11-12,5.568,5.587,5.491,5.51,32900608,TRY
2012-11-13,5.472,5.529,5.377,5.51,62327296,TRY
2012-11-14,5.529,5.644,5.453,5.491,60711604,TRY
2012-11-15,5.491,5.491,5.396,5.472,50566104,TRY
2012-11-16,5.453,5.491,5.377,5.377,34688360,TRY
2012-11-19,5.396,5.415,5.224,5.339,51113560,TRY
2012-11-20,5.377,5.377,5.282,5.339,36131280,TRY
2012-11-21,5.339,5.453,5.282,5.301,43545132,TRY
2012-11-22,5.32,5.415,5.301,5.339,27392724,TRY
2012-11-23,5.358,5.434,5.301,5.415,30266356,TRY
2012-11-26,5.434,5.529,5.434,5.529,27097256,TRY
2012-11-27,5.529,5.568,5.396,5.472,53507396,TRY
2012-11-28,5.491,5.529,5.396,5.491,38887252,TRY
2012-11-29,5.529,5.548,5.453,5.453,36183920,TRY
2012-11-30,5.472,5.51,5.415,5.491,39919692,TRY
2012-12-03,5.51,5.606,5.491,5.587,59504068,TRY
2012-12-04,5.587,5.663,5.548,5.644,76836632,TRY
2012-12-05,5.701,5.835,5.644,5.816,74489704,TRY
2012-12-06,5.758,5.835,5.72,5.739,60817428,TRY
2012-12-07,5.72,5.816,5.701,5.796,36581764,TRY
2012-12-10,5.796,5.854,5.758,5.835,45658968,TRY
2012-12-11,5.835,5.873,5.796,5.835,56844884,TRY
2012-12-12,5.854,5.873,5.758,5.854,45803768,TRY
2012-12-13,5.873,5.911,5.777,5.777,42244216,TRY
2012-12-14,5.796,5.816,5.72,5.72,36554716,TRY
2012-12-17,5.739,5.873,5.72,5.873,30747192,TRY
2012-12-18,5.892,5.911,5.835,5.873,46285548,TRY
2012-12-19,5.892,5.911,5.796,5.796,36360260,TRY
2012-12-20,5.796,5.873,5.777,5.835,26587440,TRY
2012-12-21,5.796,5.835,5.758,5.796,19500728,TRY
2012-12-24,5.796,5.873,5.777,5.854,15663101,TRY
2012-12-25,5.873,5.892,5.854,5.854,8484032,TRY
2012-12-26,5.873,5.968,5.873,5.911,26540744,TRY
2012-12-27,5.93,6.006,5.911,5.911,28066840,TRY
2012-12-28,5.949,5.987,5.873,5.93,27768676,TRY
2012-12-31,5.93,5.949,5.873,5.892,15816806,TRY
2013-01-02,5.949,6.006,5.892,6.006,35038592,TRY
2013-01-03,6.006,6.121,5.949,6.082,42215440,TRY
2013-01-04,6.044,6.101,5.93,5.949,41331472,TRY
2013-01-07,5.968,6.044,5.968,6.006,23917772,TRY
2013-01-08,6.006,6.121,6.006,6.082,26593988,TRY
2013-01-09,6.121,6.159,5.987,6.159,49268448,TRY
2013-01-10,6.197,6.197,6.082,6.121,30348108,TRY
2013-01-11,6.14,6.178,6.101,6.14,17711952,TRY
2013-01-14,6.178,6.235,6.14,6.235,30259084,TRY
2013-01-15,6.254,6.292,6.159,6.235,23983900,TRY
2013-01-16,6.254,6.445,6.254,6.407,36271560,TRY
2013-01-17,6.445,6.502,6.368,6.445,41137624,TRY
2013-01-18,6.464,6.693,6.464,6.635,37515136,TRY
2013-01-21,6.673,6.864,6.597,6.807,20395388,TRY
2013-01-22,6.807,7.017,6.75,6.883,41989756,TRY
2013-01-23,6.902,7.093,6.883,7.055,26883674,TRY
2013-01-24,7.093,7.169,6.94,7.036,39649896,TRY
2013-01-25,7.055,7.055,6.826,6.826,31931408,TRY
2013-01-28,6.845,6.845,6.292,6.33,58318240,TRY
2013-01-29,6.311,6.349,6.178,6.349,46899316,TRY
2013-01-30,6.349,6.445,6.082,6.101,36446232,TRY
2013-01-31,6.082,6.292,6.082,6.197,35407648,TRY
2013-02-01,6.197,6.368,6.101,6.349,35768880,TRY
2013-02-04,6.349,6.426,6.254,6.311,30822804,TRY
2013-02-05,6.349,6.388,6.216,6.235,21779710,TRY
2013-02-06,6.235,6.311,6.197,6.216,27682310,TRY
2013-02-07,6.216,6.235,5.949,5.949,39053556,TRY
2013-02-08,5.968,6.14,5.911,6.101,37362704,TRY
2013-12-10,4.779,4.798,4.703,4.741,37036580,TRY
2013-12-11,4.722,4.836,4.703,4.722,47294160,TRY
2013-12-12,4.703,4.722,4.656,4.665,46991864,TRY
2013-12-13,4.694,4.732,4.684,4.713,47906508,TRY
2013-12-16,4.703,4.808,4.694,4.798,49327740,TRY
2013-12-17,4.703,4.76,4.457,4.552,66604648,TRY
2013-12-18,4.457,4.656,4.428,4.637,64809360,TRY
2013-12-19,4.59,4.713,4.523,4.561,52053872,TRY
2013-12-20,4.58,4.646,4.542,4.59,37434044,TRY
2013-12-23,4.646,4.665,4.504,4.561,20352732,TRY
2013-12-24,4.552,4.618,4.542,4.59,20084916,TRY
2013-12-25,4.609,4.646,4.438,4.438,24200888,TRY
2013-12-26,4.447,4.476,4.239,4.305,21979756,TRY
2013-12-27,4.305,4.315,4.106,4.277,24729500,TRY
2013-12-30,4.334,4.495,4.334,4.495,29760920,TRY
2013-12-31,4.476,4.533,4.362,4.41,34001664,TRY
2014-01-02,4.41,4.419,4.286,4.353,28763946,TRY
2014-01-03,4.353,4.391,4.267,4.305,32692188,TRY
2014-01-06,4.315,4.485,4.277,4.447,63527936,TRY
2014-01-07,4.419,4.514,4.391,4.466,75056416,TRY
2014-01-08,4.457,4.485,4.362,4.362,41840344,TRY
2014-01-09,4.334,4.372,4.305,4.372,21921916,TRY
2014-01-10,4.4,4.504,4.372,4.495,43066408,TRY
2014-01-13,4.523,4.542,4.457,4.457,29185432,TRY
2014-01-14,4.41,4.504,4.391,4.504,37014864,TRY
2014-01-15,4.504,4.561,4.476,4.523,44117904,TRY
2014-01-16,4.438,4.504,4.41,4.438,36282816,TRY
2014-01-17,4.447,4.514,4.391,4.4,42503904,TRY
2014-01-20,4.362,4.428,4.362,4.4,30562104,TRY
2014-01-21,4.428,4.504,4.391,4.41,52142292,TRY
2014-01-22,4.476,4.504,4.428,4.457,42008536,TRY
2014-01-23,4.428,4.466,4.239,4.239,75460512,TRY
2014-01-24,4.267,4.286,4.03,4.144,88546088,TRY
2014-01-27,4.153,4.239,4.059,4.201,49910764,TRY
2014-01-28,4.239,4.267,4.096,4.125,41938688,TRY
2014-01-29,4.172,4.229,3.793,3.916,86432600,TRY
2014-01-30,3.907,3.954,3.784,3.954,59882776,TRY
2014-01-31,3.983,3.983,3.841,3.841,46068192,TRY
2014-02-03,3.869,3.897,3.812,3.841,31218588,TRY
2014-02-04,3.803,3.935,3.765,3.935,49327184,TRY
2014-02-05,3.935,4.002,3.907,3.907,47429052,TRY
2014-02-06,3.926,4.059,3.897,4.049,73466672,TRY
2014-02-07,4.049,4.087,4.002,4.021,53198044,TRY
2014-02-10,4.011,4.03,3.954,4.021,40651792,TRY
2014-02-11,4.059,4.115,4.021,4.068,47046584,TRY
2014-02-12,4.106,4.125,4.068,4.078,30640292,TRY
2014-02-13,4.049,4.059,3.964,3.973,34309556,TRY
2014-02-14,3.992,4.087,3.992,4.087,41922440,TRY
2014-02-17,4.125,4.153,4.096,4.115,33226360,TRY
2014-02-18,4.125,4.125,4.04,4.049,34873716,TRY
2014-02-19,4.04,4.049,3.983,4.021,31881728,TRY
2014-02-20,4.002,4.04,3.954,4.03,32605956,TRY
2014-02-21,4.04,4.049,3.983,4.002,18248826,TRY
2014-02-24,4.002,4.04,3.992,4.03,23121204,TRY
2014-02-25,3.935,3.935,3.869,3.878,26184720,TRY
2014-02-26,3.878,3.916,3.812,3.812,27167632,TRY
2014-02-27,3.812,3.878,3.793,3.86,35498748,TRY
2014-02-28,3.869,3.926,3.86,3.878,30134552,TRY
2014-03-03,3.831,3.831,3.784,3.812,21907028,TRY
2014-03-04,3.878,3.964,3.86,3.926,23721872,TRY
2014-03-05,3.935,3.992,3.907,3.964,36524312,TRY
2014-03-06,3.983,4.011,3.945,3.992,49014404,TRY
2014-03-07,4.002,4.002,3.916,3.916,25517064,TRY
2014-03-10,3.897,3.916,3.869,3.907,23806436,TRY
2014-03-11,3.926,3.945,3.878,3.878,19094354,TRY
2014-03-12,3.812,3.926,3.812,3.926,31356484,TRY
2014-03-13,3.935,3.992,3.926,3.926,26507512,TRY
2014-03-14,3.897,3.954,3.897,3.945,24484544,TRY
2014-03-17,3.983,4.021,3.964,4.002,23577324,TRY
2014-03-18,4.002,4.144,4.002,4.125,47733592,TRY
2014-03-19,4.106,4.153,4.087,4.106,35334188,TRY
2014-03-20,4.087,4.153,4.078,4.106,23821772,TRY
2014-03-21,4.078,4.087,4.04,4.078,19701728,TRY
2014-03-24,4.078,4.106,3.973,3.983,14581093,TRY
2014-03-25,3.983,4.115,3.973,4.078,34830152,TRY
2014-03-26,4.125,4.334,4.125,4.324,56969268,TRY
2014-03-27,4.315,4.372,4.21,4.21,37202668,TRY
2014-03-28,4.248,4.372,4.248,4.372,42046652,TRY
2014-03-31,4.419,4.504,4.362,4.504,54878544,TRY
2014-04-01,4.595,4.615,4.459,4.595,35518332,TRY
2014-04-02,4.585,4.663,4.556,4.654,36877228,TRY
2014-04-03,4.654,4.838,4.654,4.741,47726876,TRY
2014-04-04,4.819,4.887,4.751,4.829,40395136,TRY
2014-04-07,4.809,4.877,4.79,4.848,25760480,TRY
2014-04-08,4.897,5.004,4.897,5.004,38795068,TRY
2014-04-09,4.994,5.014,4.897,4.926,35542660,TRY
2014-04-10,4.965,5.072,4.965,5.033,34893168,TRY
2014-04-11,4.965,5.004,4.877,4.936,29470168,TRY
2014-04-14,4.897,5.024,4.897,5.004,28824168,TRY
2014-04-15,5.024,5.053,4.897,4.897,33822708,TRY
2014-04-16,4.984,4.984,4.848,4.877,31858836,TRY
2014-04-17,4.897,4.946,4.887,4.916,27044320,TRY
2014-04-18,4.916,4.955,4.916,4.916,8678029,TRY
2014-04-21,4.936,4.936,4.897,4.926,7360837,TRY
2014-04-22,4.926,4.946,4.887,4.897,22190222,TRY
2014-04-24,4.907,4.926,4.809,4.848,26724512,TRY
2014-04-25,4.877,4.877,4.731,4.731,16357133,TRY
2014-04-28,4.731,4.848,4.692,4.829,31454148,TRY
2014-04-29,4.848,4.897,4.79,4.79,23522822,TRY
2014-04-30,4.809,4.965,4.8,4.838,58325412,TRY
2014-05-02,4.946,5.043,4.946,4.994,50412748,TRY
2014-05-05,5.014,5.024,4.916,4.965,28397972,TRY
2014-05-06,4.994,5.062,4.994,5.033,28932904,TRY
2014-05-07,5.024,5.043,4.955,4.965,25632660,TRY
2014-05-08,5.004,5.16,5.004,5.121,49638032,TRY
2014-05-09,5.14,5.16,5.082,5.111,21738960,TRY
2014-05-12,5.179,5.238,5.13,5.14,28613174,TRY
2014-05-13,5.179,5.208,5.082,5.111,21648036,TRY
2014-05-14,5.14,5.199,5.121,5.179,29317064,TRY
2014-05-15,5.189,5.238,5.092,5.121,29792852,TRY
2014-05-16,5.13,5.15,5.062,5.13,18314168,TRY
2014-05-20,5.17,5.179,5.111,5.179,19147452,TRY
2014-05-21,5.189,5.296,5.17,5.286,40321920,TRY
2014-05-22,5.325,5.851,5.247,5.462,57326428,TRY
2014-05-23,5.481,5.588,5.452,5.549,37925816,TRY
2014-05-26,5.549,5.666,5.549,5.666,22868780,TRY
2014-05-27,5.686,5.724,5.481,5.52,32857960,TRY
2014-05-28,5.53,5.676,5.452,5.549,53412280,TRY
2014-05-29,5.608,5.763,5.608,5.724,47765680,TRY
2014-05-30,5.744,5.87,5.734,5.812,48887596,TRY
2014-06-02,5.851,5.861,5.695,5.705,30533782,TRY
2014-06-03,5.724,5.832,5.686,5.724,39212220,TRY
2014-06-04,5.666,5.773,5.666,5.666,27982864,TRY
2014-06-05,5.705,5.9,5.705,5.822,69497648,TRY
2014-06-06,5.851,5.89,5.841,5.861,30183052,TRY
2014-06-09,5.89,5.968,5.89,5.919,27191156,TRY
2014-06-10,5.939,5.987,5.919,5.987,24408212,TRY
2014-06-11,5.997,6.094,5.793,5.851,68973520,TRY
2014-06-12,5.802,5.919,5.754,5.832,60787008,TRY
2014-06-13,5.802,5.851,5.754,5.773,32177138,TRY
2014-06-16,5.734,5.744,5.559,5.559,30647220,TRY
2014-06-17,5.598,5.666,5.53,5.539,50991084,TRY
2014-06-18,5.559,5.578,5.471,5.52,30710710,TRY
2014-06-19,5.627,5.676,5.588,5.588,36701636,TRY
2014-06-20,5.549,5.578,5.53,5.539,14164232,TRY
2014-06-23,5.569,5.734,5.569,5.715,25246316,TRY
2014-06-24,5.754,5.832,5.676,5.676,31492404,TRY
2014-06-25,5.598,5.676,5.549,5.656,41409800,TRY
2014-06-26,5.686,5.695,5.549,5.598,24916866,TRY
2014-06-27,5.617,5.646,5.578,5.598,12732832,TRY
2014-06-30,5.627,5.656,5.569,5.578,12422166,TRY
2014-07-01,5.588,5.637,5.442,5.471,27802928,TRY
2014-07-02,5.471,5.5,5.354,5.413,34654868,TRY
2014-07-03,5.413,5.491,5.384,5.481,32191204,TRY
2014-07-04,5.491,5.51,5.452,5.452,12547224,TRY
2014-07-07,5.413,5.588,5.403,5.578,37834472,TRY
2014-07-08,5.569,5.646,5.559,5.598,37956748,TRY
2014-07-09,5.627,5.676,5.598,5.608,23316676,TRY
2014-07-10,5.617,5.637,5.413,5.471,31192902,TRY
2014-07-11,5.481,5.539,5.462,5.491,25912252,TRY
2014-07-14,5.53,5.686,5.51,5.666,46647192,TRY
2014-07-15,5.666,5.754,5.656,5.695,36797596,TRY
2014-07-16,5.695,5.783,5.686,5.783,30754300,TRY
2014-07-17,5.773,5.793,5.666,5.724,36808832,TRY
2014-07-18,5.646,5.802,5.637,5.793,24797564,TRY
2014-07-21,5.822,5.89,5.822,5.822,20828178,TRY
2014-07-22,5.861,5.919,5.841,5.861,37860196,TRY
2014-07-23,5.88,5.929,5.87,5.9,27232040,TRY
2014-07-24,5.909,6.016,5.909,6.007,37359928,TRY
2014-07-25,6.026,6.055,5.968,6.016,22239128,TRY
2014-07-31,5.978,6.036,5.802,5.841,29039620,TRY
2014-08-01,5.841,5.88,5.656,5.841,35850700,TRY
2014-08-04,5.861,5.909,5.754,5.754,20420210,TRY
2014-08-05,5.793,5.841,5.51,5.578,42716128,TRY
2014-08-06,5.52,5.539,5.354,5.442,47698500,TRY
2014-08-07,5.442,5.52,5.393,5.423,35141316,TRY
2014-08-08,5.335,5.481,5.306,5.452,54384164,TRY
2014-08-11,5.559,5.559,5.247,5.247,56107704,TRY
2014-08-12,5.277,5.316,5.208,5.286,38736252,TRY
2014-08-13,5.296,5.335,5.208,5.238,41992704,TRY
2014-08-14,5.238,5.306,5.208,5.257,37123408,TRY
2014-08-15,5.277,5.296,5.14,5.15,33762412,TRY
2014-08-18,5.179,5.238,5.121,5.238,29180060,TRY
2014-08-19,5.257,5.442,5.257,5.423,49978172,TRY
2014-08-20,5.393,5.432,5.296,5.374,30312344,TRY
2014-08-21,5.354,5.403,5.335,5.374,24079136,TRY
2014-08-22,5.374,5.413,5.335,5.364,18760016,TRY
2014-08-25,5.393,5.462,5.374,5.413,19091952,TRY
2014-08-26,5.423,5.539,5.423,5.51,37836172,TRY
2014-08-27,5.539,5.569,5.452,5.491,41579632,TRY
2014-08-28,5.52,5.52,5.462,5.51,24999466,TRY
2014-08-29,5.53,5.588,5.423,5.432,36890616,TRY
2014-09-01,5.452,5.52,5.432,5.52,12767944,TRY
2014-09-02,5.52,5.549,5.471,5.5,23490240,TRY
2014-09-03,5.52,5.569,5.51,5.539,35054876,TRY
2014-09-04,5.53,5.646,5.52,5.637,51009488,TRY
2014-09-05,5.608,5.646,5.578,5.627,26975448,TRY
2014-09-08,5.637,5.715,5.617,5.666,35508928,TRY
2014-09-09,5.646,5.666,5.393,5.403,51425220,TRY
2014-09-10,5.403,5.413,5.247,5.335,52032952,TRY
2014-09-11,5.364,5.384,5.257,5.296,34424472,TRY
2014-09-12,5.277,5.325,5.199,5.208,27027552,TRY
2014-09-15,5.208,5.286,5.189,5.277,28076566,TRY
2014-09-16,5.257,5.345,5.218,5.325,46557836,TRY
2014-09-17,5.364,5.393,5.325,5.335,34469320,TRY
2014-09-18,5.286,5.296,5.17,5.199,44221784,TRY
2014-09-19,5.218,5.257,5.14,5.14,26427388,TRY
2014-09-22,5.13,5.218,5.101,5.16,29240228,TRY
2014-09-23,5.208,5.247,5.17,5.189,31611348,TRY
2014-09-24,5.218,5.228,5.033,5.053,29290346,TRY
2014-09-25,5.043,5.082,4.946,4.955,38957676,TRY
2014-09-26,4.975,5.024,4.907,4.916,35632448,TRY
2014-09-29,4.916,4.946,4.838,4.887,26834648,TRY
2014-09-30,4.926,4.946,4.887,4.926,25480904,TRY
2014-10-01,4.926,4.936,4.819,4.819,23530504,TRY
2014-10-02,4.838,4.877,4.78,4.8,23444612,TRY
2014-10-03,4.809,4.819,4.77,4.819,6591014,TRY
2014-10-08,4.712,4.78,4.702,4.78,25341352,TRY
2014-10-09,4.907,4.975,4.877,4.946,32873878,TRY
2014-10-10,4.897,4.907,4.761,4.78,26920536,TRY
2014-10-13,4.8,4.955,4.78,4.916,34197976,TRY
2014-10-14,4.926,4.984,4.819,4.887,37429496,TRY
2014-10-15,4.916,5.014,4.897,4.936,59922464,TRY
2014-10-16,4.965,5.004,4.819,4.887,53380024,TRY
2014-10-17,4.916,5.024,4.916,5.004,39702856,TRY
2014-10-20,5.062,5.092,5.033,5.053,32472746,TRY
2014-10-21,5.062,5.208,5.043,5.208,41308676,TRY
2014-10-22,5.257,5.267,5.208,5.257,38181368,TRY
2014-10-23,5.238,5.374,5.208,5.364,50362684,TRY
2014-10-24,5.345,5.384,5.286,5.296,35472664,TRY
2014-10-27,5.325,5.354,5.208,5.277,35065408,TRY
2014-10-28,5.316,5.316,5.257,5.286,8807828,TRY
2014-10-30,5.257,5.335,5.238,5.325,41684480,TRY
2014-10-31,5.413,5.481,5.393,5.413,41936228,TRY
2014-11-03,5.432,5.481,5.335,5.345,38171596,TRY
2014-11-04,5.374,5.413,5.335,5.364,35416524,TRY
2014-11-05,5.384,5.471,5.286,5.296,41166000,TRY
2014-11-06,5.316,5.335,5.072,5.082,56112600,TRY
2014-11-07,5.062,5.111,5.033,5.101,45295956,TRY
2014-11-10,5.13,5.16,5.053,5.072,25517776,TRY
2014-11-11,5.082,5.14,5.053,5.13,28943240,TRY
2014-11-12,5.17,5.335,5.17,5.306,51025912,TRY
2014-11-13,5.316,5.413,5.247,5.325,58375412,TRY
2014-11-14,5.325,5.393,5.316,5.384,48910544,TRY
2014-11-17,5.384,5.452,5.345,5.364,59719408,TRY
2014-11-18,5.384,5.452,5.374,5.452,34798312,TRY
2014-11-19,5.462,5.52,5.413,5.442,59788540,TRY
2014-11-20,5.432,5.539,5.413,5.539,54045280,TRY
2014-11-21,5.578,5.686,5.569,5.666,45922952,TRY
2014-11-24,5.656,5.676,5.598,5.676,33504284,TRY
2014-11-25,5.676,5.676,5.569,5.617,41478960,TRY
2014-11-26,5.627,5.783,5.617,5.773,40243784,TRY
2014-11-27,5.793,5.948,5.763,5.929,35172664,TRY
2014-11-28,5.948,6.162,5.948,5.997,63074512,TRY
2014-12-01,5.997,6.075,5.851,5.909,74633936,TRY
2014-12-02,5.841,5.841,5.656,5.656,58078132,TRY
2014-12-03,5.676,5.783,5.627,5.734,35512456,TRY
2014-12-04,5.724,5.909,5.715,5.89,38554668,TRY
2014-12-05,5.9,5.968,5.763,5.783,46017540,TRY
2014-12-08,5.841,5.841,5.744,5.822,21564954,TRY
2014-12-09,5.832,5.89,5.676,5.686,35150016,TRY
2014-12-10,5.734,5.793,5.695,5.773,30625016,TRY
2014-12-11,5.783,6.007,5.783,5.968,50783224,TRY
2014-12-12,5.948,5.978,5.822,5.919,64324744,TRY
2014-12-15,5.88,6.016,5.87,5.987,48151992,TRY
2014-12-16,5.968,6.085,5.549,5.637,77745064,TRY
2014-12-17,5.656,5.978,5.656,5.939,50533304,TRY
2014-12-18,6.016,6.192,6.016,6.172,59002768,TRY
2014-12-19,6.055,6.153,5.909,6.055,48718072,TRY
2014-12-22,6.075,6.143,6.026,6.133,27708532,TRY
2014-12-23,6.133,6.221,6.075,6.114,29967192,TRY
2014-12-24,6.143,6.211,6.114,6.182,13131591,TRY
2014-12-25,6.201,6.221,6.182,6.182,5187194,TRY
2014-12-26,6.192,6.24,6.182,6.192,6973086,TRY
2014-12-29,6.162,6.192,6.046,6.075,20618708,TRY
2014-12-30,6.036,6.162,6.026,6.104,21514188,TRY
2014-12-31,6.085,6.766,6.085,6.562,20886948,TRY
2015-01-02,6.367,6.377,6.25,6.25,29322750,TRY
2015-01-05,6.25,6.348,6.231,6.24,44121020,TRY
2015-01-06,6.26,6.289,6.143,6.27,55814760,TRY
2015-01-07,6.27,6.357,6.221,6.26,54833904,TRY
2015-01-08,6.338,6.348,6.279,6.309,27364796,TRY
2015-01-09,6.328,6.416,6.299,6.367,47786120,TRY
2015-01-12,6.377,6.542,6.357,6.523,36481792,TRY
2015-01-13,6.532,6.581,6.455,6.552,34656804,TRY
2015-01-14,6.513,6.571,6.435,6.503,25469496,TRY
2015-01-15,6.552,6.649,6.542,6.571,34391460,TRY
2015-01-16,6.562,6.601,6.425,6.425,32095270,TRY
2015-01-19,6.474,6.581,6.464,6.552,26284380,TRY
2015-01-20,6.562,6.708,6.562,6.688,40114776,TRY
2015-01-21,6.737,6.824,6.727,6.815,35706368,TRY
2015-01-22,6.844,6.883,6.786,6.873,35010164,TRY
2015-01-23,6.883,7.068,6.873,6.971,36720620,TRY
2015-01-26,6.951,7.058,6.941,7.058,14232394,TRY
2015-01-27,7.097,7.097,6.951,6.971,25330992,TRY
2015-01-28,7.019,7.048,6.883,6.912,19934544,TRY
2015-01-29,6.844,6.912,6.756,6.766,28238592,TRY
2015-01-30,6.805,6.961,6.805,6.941,44668044,TRY
2015-02-02,6.941,7.039,6.932,6.99,20006888,TRY
2015-02-03,7.01,7.019,6.571,6.591,54327040,TRY
2015-02-04,6.62,6.649,6.386,6.386,56044376,TRY
2015-02-05,6.396,6.513,6.348,6.445,43418416,TRY
2015-02-06,6.445,6.523,6.27,6.318,34122340,TRY
2015-02-09,6.328,6.338,6.075,6.299,53507028,TRY
2015-02-10,6.348,6.386,6.085,6.153,52952680,TRY
2015-02-11,6.182,6.309,6.133,6.221,49425952,TRY
2015-02-12,6.25,6.494,6.231,6.494,64718128,TRY
2015-02-13,6.513,6.513,6.377,6.406,41196240,TRY
2015-02-16,6.445,6.542,6.435,6.513,25938160,TRY
2015-02-17,6.484,6.513,6.279,6.279,43004256,TRY
2015-02-18,6.289,6.445,6.27,6.396,28557306,TRY
2015-02-19,6.503,6.532,6.416,6.474,30432760,TRY
2015-02-20,6.455,6.484,6.338,6.357,20088860,TRY
2015-02-23,6.348,6.348,6.133,6.221,94155696,TRY
2015-02-24,6.25,6.309,6.211,6.299,57852040,TRY
2015-02-25,6.357,6.494,6.348,6.367,39703504,TRY
2015-02-26,6.348,6.455,6.309,6.309,35399912,TRY
2015-02-27,6.377,6.396,6.007,6.123,59095364,TRY
2015-03-02,6.172,6.211,6.123,6.172,28680532,TRY
2015-03-03,6.182,6.27,6.094,6.221,25540092,TRY
2015-03-04,6.221,6.25,5.948,5.958,44548776,TRY
2015-03-05,5.89,5.909,5.705,5.754,50372100,TRY
2015-03-06,5.744,5.919,5.705,5.705,54297688,TRY
2015-03-09,5.783,5.978,5.763,5.851,39938380,TRY
2015-03-10,5.841,5.88,5.539,5.598,39317248,TRY
2015-03-11,5.646,5.734,5.5,5.695,38392508,TRY
2015-03-12,5.812,5.832,5.637,5.724,35631416,TRY
2015-03-13,5.744,5.793,5.491,5.52,40297320,TRY
2015-03-16,5.598,5.724,5.569,5.705,31801896,TRY
2015-03-17,5.744,5.88,5.744,5.88,27963898,TRY
2015-03-18,5.851,5.89,5.695,5.87,30057764,TRY
2015-03-19,6.036,6.114,5.997,6.065,41293176,TRY
2015-03-20,6.094,6.133,6.026,6.075,26422060,TRY
2015-03-23,6.085,6.221,6.065,6.192,22914912,TRY
2015-03-24,6.182,6.182,5.968,5.997,35127756,TRY
2015-03-25,6.036,6.104,5.948,6.016,32533402,TRY
2015-03-26,5.861,5.89,5.773,5.861,31095086,TRY
2015-03-27,5.822,5.822,5.666,5.724,37189052,TRY
2015-03-30,5.705,5.861,5.695,5.851,42800848,TRY
2015-03-31,5.851,5.88,5.656,5.715,31973030,TRY
2015-04-01,5.82,5.82,5.73,5.8,28775940,TRY
2015-04-02,5.81,5.86,5.73,5.73,37100500,TRY
2015-04-03,5.77,5.85,5.68,5.84,30073400,TRY
2015-04-06,5.86,5.94,5.84,5.93,20878996,TRY
2015-04-07,5.93,5.94,5.79,5.83,25507500,TRY
2015-04-08,5.81,5.93,5.79,5.91,24176070,TRY
2015-04-09,5.88,5.97,5.86,5.93,32288252,TRY
2015-04-10,5.93,5.97,5.8,5.83,28531594,TRY
2015-04-13,5.83,5.88,5.75,5.79,17193920,TRY
2015-04-14,5.76,5.87,5.7,5.85,34822640,TRY
2015-04-15,5.82,5.84,5.74,5.74,24668582,TRY
2015-04-16,5.81,5.9,5.77,5.88,26189888,TRY
2015-04-17,5.92,5.96,5.85,5.91,19792340,TRY
2015-04-20,5.93,5.95,5.86,5.9,19455572,TRY
2015-04-21,5.88,6.08,5.82,6.07,44930168,TRY
2015-04-22,6.1,6.16,5.95,5.96,36438848,TRY
2015-04-24,6.0,6.12,5.97,6.09,29348532,TRY
2015-04-27,6.11,6.28,6.07,6.24,32783704,TRY
2015-04-28,6.24,6.32,6.18,6.21,26883752,TRY
2015-04-29,6.22,6.26,6.14,6.14,33442060,TRY
2015-04-30,6.15,6.19,5.96,6.02,36060936,TRY
2015-05-04,5.98,6.04,5.92,6.01,19624176,TRY
2015-05-05,6.01,6.06,5.95,5.95,21719150,TRY
2015-05-06,5.97,5.98,5.77,5.77,45200560,TRY
2015-05-07,5.74,5.82,5.7,5.8,45288528,TRY
2015-05-08,5.81,5.92,5.75,5.9,42598728,TRY
2015-05-11,5.9,5.99,5.87,5.93,31915426,TRY
2015-05-12,5.96,5.96,5.88,5.92,31210048,TRY
2015-05-13,5.94,6.13,5.94,6.13,48095136,TRY
2015-05-14,6.11,6.28,6.1,6.22,46671960,TRY
2015-05-15,6.24,6.29,6.18,6.23,25779408,TRY
2015-05-18,6.22,6.37,6.22,6.36,26938328,TRY
2015-05-20,6.33,6.37,6.16,6.17,43432720,TRY
2015-05-21,6.19,6.26,6.02,6.04,45573660,TRY
2015-05-22,6.06,6.06,5.89,5.93,52928664,TRY
2015-05-25,5.92,5.92,5.74,5.74,41622936,TRY
2015-05-26,5.74,5.85,5.72,5.72,36308216,TRY
2015-05-27,5.76,5.79,5.66,5.76,57291152,TRY
2015-05-28,5.78,5.82,5.7,5.7,51976892,TRY
2015-05-29,5.71,5.81,5.66,5.66,44263504,TRY
2015-06-01,5.64,5.64,5.43,5.43,37563480,TRY
2015-06-02,5.45,5.57,5.45,5.54,36758112,TRY
2015-06-03,5.139,5.315,5.121,5.306,47517416,TRY
2015-06-04,5.26,5.26,5.139,5.158,56435780,TRY
2015-06-05,5.13,5.297,5.121,5.269,55426856,TRY
2015-06-08,4.723,4.982,4.713,4.871,60063608,TRY
2015-06-09,4.917,5.028,4.899,4.926,56185688,TRY
2015-06-10,4.963,5.112,4.963,5.112,44609068,TRY
2015-06-11,5.112,5.204,5.047,5.167,50773780,TRY
2015-06-12,5.167,5.25,5.121,5.158,37930828,TRY
2015-06-15,5.186,5.204,5.0,5.0,31197960,TRY
2015-06-16,5.019,5.158,5.01,5.084,23788896,TRY
2015-06-17,5.121,5.241,5.121,5.223,34046436,TRY
2015-06-18,5.315,5.325,5.25,5.25,29937588,TRY
2015-06-19,5.278,5.297,5.204,5.269,35772592,TRY
2015-06-22,5.297,5.371,5.297,5.334,36642172,TRY
2015-06-23,5.343,5.352,5.223,5.278,36108640,TRY
2015-06-24,5.278,5.389,5.26,5.352,31819124,TRY
2015-06-25,5.362,5.426,5.288,5.297,28768076,TRY
2015-06-26,5.288,5.417,5.288,5.371,27886956,TRY
2015-06-29,5.26,5.389,5.26,5.288,26414848,TRY
2015-06-30,5.306,5.352,5.195,5.223,40113844,TRY
2015-07-01,5.241,5.297,5.149,5.195,42497044,TRY
2015-07-02,5.176,5.232,5.112,5.232,33726912,TRY
2015-07-03,5.232,5.269,5.139,5.139,22017660,TRY
2015-07-06,5.121,5.288,5.112,5.278,33106300,TRY
2015-07-07,5.315,5.325,5.167,5.167,32698700,TRY
2015-07-08,5.139,5.158,5.056,5.084,36785168,TRY
2015-07-09,5.13,5.26,5.13,5.232,28031372,TRY
2015-07-10,5.288,5.362,5.288,5.297,28548652,TRY
2015-07-13,5.315,5.371,5.278,5.343,28603920,TRY
2015-07-14,5.371,5.417,5.297,5.315,29662692,TRY
2015-07-15,5.334,5.362,5.26,5.288,20126792,TRY
2015-07-16,5.297,5.315,5.25,5.26,12761604,TRY
2015-07-20,5.25,5.25,5.075,5.093,39148116,TRY
2015-07-21,5.13,5.139,5.01,5.047,56267020,TRY
2015-07-22,5.056,5.065,4.982,5.019,34800180,TRY
2015-07-23,5.01,5.028,4.797,4.815,33936288,TRY
2015-07-24,4.769,4.908,4.76,4.862,27712580,TRY
2015-07-27,4.862,4.889,4.75,4.778,28900472,TRY
2015-07-28,4.815,4.88,4.787,4.806,38585856,TRY
2015-07-29,4.815,4.936,4.797,4.936,34438176,TRY
2015-07-30,4.889,4.991,4.88,4.889,38192652,TRY
2015-07-31,4.917,5.0,4.88,5.0,37208232,TRY
2015-08-03,5.0,5.037,4.871,4.88,31890198,TRY
2015-08-04,4.908,4.936,4.797,4.852,30241890,TRY
2015-08-05,4.825,4.88,4.797,4.834,20624728,TRY
2015-08-06,4.862,4.954,4.843,4.936,30207124,TRY
2015-08-07,4.936,4.963,4.862,4.889,28439934,TRY
2015-08-10,4.917,4.917,4.741,4.815,33848048,TRY
2015-08-11,4.908,4.945,4.889,4.936,46128048,TRY
2015-08-12,4.862,4.871,4.778,4.797,31459432,TRY
2015-08-13,4.797,4.806,4.639,4.732,34913344,TRY
2015-08-14,4.695,4.806,4.686,4.75,35130784,TRY
2015-08-17,4.723,4.76,4.639,4.723,32929360,TRY
2015-08-18,4.676,4.704,4.593,4.593,28574488,TRY
2015-08-19,4.621,4.649,4.547,4.574,28296684,TRY
2015-08-20,4.547,4.556,4.436,4.5,49968976,TRY
2015-08-21,4.463,4.528,4.454,4.463,26468512,TRY
2015-08-24,4.38,4.408,4.186,4.297,47405472,TRY
2015-08-25,4.362,4.491,4.334,4.482,33086064,TRY
2015-08-26,4.463,4.528,4.408,4.491,27571348,TRY
2015-08-27,4.565,4.584,4.519,4.519,28149908,TRY
2015-08-28,4.528,4.547,4.445,4.5,19451252,TRY
2015-08-31,4.482,4.537,4.482,4.51,18581148,TRY
2015-09-01,4.491,4.5,4.408,4.463,36082340,TRY
2015-09-02,4.473,4.5,4.436,4.463,19527584,TRY
2015-09-03,4.482,4.5,4.399,4.454,28592572,TRY
2015-09-04,4.408,4.454,4.38,4.389,23316014,TRY
2015-09-07,4.352,4.352,4.269,4.297,35959036,TRY
2015-09-08,4.324,4.352,4.269,4.287,36795608,TRY
2015-09-09,4.343,4.352,4.269,4.287,31403124,TRY
2015-09-10,4.26,4.26,4.204,4.223,32912828,TRY
2015-09-11,4.232,4.241,4.167,4.186,27769022,TRY
2015-09-14,4.195,4.195,4.093,4.121,34140200,TRY
2015-09-15,4.121,4.26,4.102,4.232,53227428,TRY
2015-09-16,4.232,4.343,4.232,4.315,29965140,TRY
2015-09-17,4.306,4.362,4.278,4.343,24357552,TRY
2015-09-18,4.343,4.343,4.232,4.324,27692476,TRY
2015-09-21,4.287,4.445,4.278,4.436,26714542,TRY
2015-09-22,4.436,4.454,4.38,4.417,24310732,TRY
2015-09-23,4.408,4.463,4.38,4.417,8330614,TRY
2015-09-28,4.417,4.463,4.306,4.306,27019632,TRY
2015-09-29,4.26,4.399,4.25,4.38,33432232,TRY
2015-09-30,4.408,4.426,4.306,4.362,46465572,TRY
2015-10-01,4.389,4.408,4.334,4.38,35177164,TRY
2015-10-02,4.38,4.399,4.324,4.343,36639576,TRY
2015-10-05,4.399,4.547,4.399,4.547,52164376,TRY
2015-10-06,4.547,4.602,4.519,4.547,45704284,TRY
2015-10-07,4.602,4.704,4.584,4.676,72284088,TRY
2015-10-08,4.639,4.695,4.593,4.667,61443708,TRY
2015-10-09,4.695,4.741,4.667,4.695,65327376,TRY
2015-10-12,4.639,4.686,4.621,4.639,37932192,TRY
2015-10-13,4.649,4.658,4.537,4.565,42921900,TRY
2015-10-14,4.565,4.676,4.565,4.649,44032688,TRY
2015-10-15,4.713,4.741,4.649,4.658,41436732,TRY
2015-10-16,4.686,4.686,4.593,4.612,29687196,TRY
2015-10-19,4.63,4.695,4.63,4.649,34163288,TRY
2015-10-20,4.649,4.713,4.63,4.704,46428784,TRY
2015-10-21,4.704,4.723,4.639,4.649,45090796,TRY
2015-10-22,4.667,4.704,4.639,4.695,36899488,TRY
2015-10-23,4.732,4.787,4.713,4.732,64803256,TRY
2015-10-26,4.732,4.75,4.612,4.621,41087468,TRY
2015-10-27,4.63,4.63,4.5,4.537,47060596,TRY
2015-10-28,4.547,4.547,4.482,4.482,15127220,TRY
2015-10-30,4.463,4.612,4.445,4.612,41371368,TRY
2015-11-02,4.991,5.0,4.899,4.973,100977128,TRY
2015-11-03,4.982,4.991,4.852,4.862,56951256,TRY
2015-11-04,4.88,4.926,4.871,4.899,35748920,TRY
2015-11-05,4.852,4.889,4.806,4.806,34704828,TRY
2015-11-06,4.806,4.825,4.741,4.75,27264304,TRY
2015-11-09,4.75,4.825,4.713,4.787,36483352,TRY
2015-11-10,4.815,4.834,4.732,4.741,27336336,TRY
2015-11-11,4.769,4.834,4.76,4.806,36155504,TRY
2015-11-12,4.852,4.862,4.76,4.825,30933424,TRY
2015-11-13,4.815,4.871,4.787,4.834,50152584,TRY
2015-11-16,4.806,4.834,4.787,4.806,29416050,TRY
2015-11-17,4.834,4.843,4.787,4.787,26607488,TRY
2015-11-18,4.787,4.806,4.732,4.741,27313336,TRY
2015-11-19,4.769,4.797,4.695,4.713,27588116,TRY
2015-11-20,4.723,4.778,4.713,4.778,27595472,TRY
2015-11-23,4.76,4.769,4.695,4.713,22663784,TRY
2015-11-24,4.723,4.732,4.389,4.454,73655616,TRY
2015-11-25,4.5,4.528,4.436,4.491,48792648,TRY
2015-11-26,4.473,4.519,4.352,4.352,36484816,TRY
2015-11-27,4.343,4.473,4.334,4.389,49463664,TRY
2015-11-30,4.399,4.454,4.371,4.38,31378640,TRY
2015-12-01,4.389,4.519,4.389,4.51,53839436,TRY
2015-12-02,4.547,4.593,4.482,4.5,51818408,TRY
2015-12-03,4.519,4.565,4.417,4.417,35758544,TRY
2015-12-04,4.445,4.454,4.297,4.38,41280752,TRY
2015-12-07,4.389,4.389,4.315,4.352,38116504,TRY
2015-12-08,4.352,4.389,4.297,4.306,42835244,TRY
2015-12-09,4.324,4.436,4.297,4.426,36877336,TRY
2015-12-10,4.408,4.51,4.204,4.232,72124256,TRY
2015-12-11,4.241,4.26,4.074,4.074,62498980,TRY
2015-12-14,4.13,4.186,4.01,4.01,50630480,TRY
2015-12-15,4.056,4.287,4.037,4.25,71215584,TRY
2015-12-16,4.25,4.334,4.204,4.324,42749000,TRY
2015-12-17,4.38,4.399,4.297,4.371,46724080,TRY
2015-12-18,4.343,4.352,4.26,4.278,36541608,TRY
2015-12-21,4.315,4.371,4.297,4.343,29100000,TRY
2015-12-22,4.334,4.362,4.241,4.306,32706108,TRY
2015-12-23,4.334,4.38,4.324,4.343,32372784,TRY
2015-12-24,4.352,4.371,4.334,4.334,13159871,TRY
2015-12-25,4.343,4.352,4.315,4.343,5166632,TRY
2015-12-28,4.371,4.426,4.352,4.38,32578156,TRY
2015-12-29,4.389,4.417,4.371,4.38,25839042,TRY
2015-12-30,4.371,4.389,4.315,4.343,12280275,TRY
2015-12-31,4.343,4.362,4.26,4.26,17903524,TRY
2016-01-04,4.167,4.213,4.13,4.195,28699232,TRY
2016-01-05,4.232,4.25,4.121,4.176,33111280,TRY
2016-01-06,4.149,4.204,4.112,4.195,50316104,TRY
2016-01-07,4.139,4.315,4.121,4.297,50267888,TRY
2016-01-08,4.306,4.315,4.195,4.223,40547612,TRY
2016-01-11,4.204,4.287,4.186,4.241,41667712,TRY
2016-01-12,4.232,4.306,4.204,4.278,67860368,TRY
2016-01-13,4.306,4.343,4.287,4.287,65616264,TRY
2016-01-14,4.269,4.287,4.232,4.269,60080244,TRY
2016-01-15,4.26,4.287,4.186,4.232,54730920,TRY
2016-01-18,4.26,4.26,4.204,4.204,26019740,TRY
2016-01-19,4.241,4.25,4.176,4.195,41849728,TRY
2016-01-20,4.158,4.167,4.028,4.028,69796832,TRY
2016-01-21,4.037,4.056,3.945,3.973,62339424,TRY
2016-01-22,4.028,4.084,4.0,4.074,33467504,TRY
2016-01-25,4.13,4.13,4.037,4.093,32951784,TRY
2016-01-26,4.074,4.186,4.037,4.186,53154180,TRY
2016-01-27,4.167,4.25,4.158,4.186,52913896,TRY
2016-01-28,4.204,4.25,4.176,4.195,33683736,TRY
2016-01-29,4.26,4.287,4.241,4.278,40802716,TRY
2016-02-01,4.278,4.287,4.195,4.241,46127272,TRY
2016-02-02,4.269,4.278,4.121,4.121,63828472,TRY
2016-02-03,4.102,4.204,4.074,4.167,64235776,TRY
2016-02-04,4.223,4.26,4.195,4.223,62960816,TRY
2016-02-05,4.223,4.232,4.176,4.195,45679444,TRY
2016-02-08,4.204,4.223,4.084,4.084,46727136,TRY
2016-02-09,4.056,4.084,3.982,4.037,62842312,TRY
2016-02-10,4.056,4.093,4.01,4.056,40489464,TRY
2016-02-11,4.01,4.037,3.908,4.0,57903508,TRY
2016-02-12,4.019,4.037,3.982,3.982,32315240,TRY
2016-02-15,4.0,4.019,3.871,3.982,48630032,TRY
2016-02-16,4.028,4.047,3.982,3.991,34429480,TRY
2016-02-17,3.973,4.112,3.963,4.112,50480220,TRY
2016-02-18,4.093,4.13,4.056,4.084,46119580,TRY
2016-02-19,4.065,4.074,4.01,4.047,36325808,TRY
2016-02-22,4.084,4.213,4.074,4.186,65022316,TRY
2016-02-23,4.176,4.26,4.158,4.204,67886384,TRY
2016-02-24,4.213,4.223,4.056,4.065,49914080,TRY
2016-02-25,4.093,4.149,4.056,4.121,54424340,TRY
2016-02-26,4.149,4.186,4.112,4.121,40364540,TRY
2016-02-29,4.112,4.195,4.093,4.186,46721640,TRY
2016-03-01,4.195,4.232,4.186,4.213,39735488,TRY
2016-03-02,4.26,4.306,4.25,4.297,50431120,TRY
2016-03-03,4.315,4.352,4.278,4.315,47445280,TRY
2016-03-04,4.324,4.352,4.287,4.352,37951408,TRY
2016-03-07,4.362,4.417,4.334,4.371,36582444,TRY
2016-03-08,4.334,4.408,4.324,4.389,51536252,TRY
2016-03-09,4.389,4.491,4.362,4.491,52128216,TRY
2016-03-10,4.482,4.574,4.445,4.482,79119672,TRY
2016-03-11,4.537,4.537,4.473,4.51,34574752,TRY
2016-03-14,4.491,4.537,4.463,4.51,45014424,TRY
2016-03-15,4.5,4.5,4.38,4.389,42398420,TRY
2016-03-16,4.399,4.426,4.315,4.389,29065804,TRY
2016-03-17,4.473,4.491,4.426,4.482,62009708,TRY
2016-03-18,4.491,4.528,4.454,4.519,42974896,TRY
2016-03-21,4.51,4.621,4.482,4.593,53481712,TRY
2016-03-22,4.565,4.565,4.399,4.445,68294504,TRY
2016-03-23,4.408,4.408,4.26,4.297,74450440,TRY
2016-03-24,4.26,4.334,4.223,4.324,61698064,TRY
2016-03-25,4.324,4.371,4.324,4.324,17280968,TRY
2016-03-28,4.324,4.334,4.269,4.297,13297077,TRY
2016-03-29,4.324,4.38,4.324,4.362,32499960,TRY
2016-03-30,4.44,4.468,4.401,4.44,39939232,TRY
2016-03-31,4.44,4.488,4.43,4.478,33373990,TRY
2016-04-01,4.459,4.468,4.334,4.353,51065864,TRY
2016-04-04,4.382,4.44,4.353,4.411,61391720,TRY
2016-04-05,4.401,4.459,4.363,4.401,52143820,TRY
2016-04-06,4.42,4.44,4.353,4.372,39644048,TRY
2016-04-07,4.401,4.42,4.334,4.343,28883190,TRY
2016-04-08,4.353,4.392,4.324,4.372,32459460,TRY
2016-04-11,4.382,4.574,4.372,4.526,58318416,TRY
2016-04-12,4.526,4.584,4.44,4.488,46103500,TRY
2016-04-13,4.536,4.67,4.526,4.67,60806924,TRY
2016-04-14,4.661,4.709,4.613,4.689,41699300,TRY
2016-04-15,4.709,4.766,4.661,4.757,48959300,TRY
2016-04-18,4.718,4.834,4.709,4.805,53341508,TRY
2016-04-19,4.824,4.834,4.757,4.776,45448412,TRY
2016-04-20,4.776,4.872,4.699,4.747,64042428,TRY
2016-04-21,4.786,4.814,4.728,4.757,38497592,TRY
2016-04-22,4.766,4.786,4.699,4.747,41082272,TRY
2016-04-25,4.737,4.766,4.689,4.699,23617532,TRY
2016-04-26,4.728,4.795,4.67,4.776,33984344,TRY
2016-04-27,4.776,4.814,4.747,4.757,22070524,TRY
2016-04-28,4.757,4.786,4.699,4.718,32408616,TRY
2016-04-29,4.728,4.747,4.699,4.718,27696094,TRY
2016-05-02,4.699,4.728,4.613,4.613,22445568,TRY
2016-05-03,4.632,4.651,4.372,4.401,57603564,TRY
2016-05-04,4.401,4.42,4.305,4.343,52448288,TRY
2016-05-05,4.247,4.353,4.171,4.247,57192164,TRY
2016-05-06,4.257,4.276,4.103,4.161,55099316,TRY
2016-05-09,4.199,4.257,4.19,4.228,30563732,TRY
2016-05-10,4.238,4.257,4.19,4.219,35554156,TRY
2016-05-11,4.228,4.247,4.171,4.228,33386988,TRY
2016-05-12,4.228,4.267,4.199,4.209,30704132,TRY
2016-05-13,4.199,4.238,4.18,4.199,26013582,TRY
2016-05-16,4.209,4.228,4.132,4.142,25175004,TRY
2016-05-17,4.171,4.19,4.132,4.161,20259338,TRY
2016-05-18,4.151,4.219,4.113,4.209,30798708,TRY
2016-05-20,4.209,4.247,4.103,4.103,26038044,TRY
2016-05-23,4.122,4.161,4.094,4.142,21424866,TRY
2016-05-24,4.132,4.324,4.122,4.324,57764332,TRY
2016-05-25,4.343,4.372,4.286,4.295,32295370,TRY
2016-05-26,4.257,4.343,4.219,4.324,25879376,TRY
2016-05-27,4.324,4.353,4.276,4.305,25774114,TRY
2016-05-30,4.305,4.343,4.276,4.315,17599376,TRY
2016-05-31,4.334,4.392,4.324,4.334,37519768,TRY
2016-06-01,4.343,4.363,4.238,4.267,38669352,TRY
2016-06-02,4.286,4.305,4.18,4.199,25464982,TRY
2016-06-03,4.209,4.334,4.19,4.286,34549084,TRY
2016-06-06,4.315,4.363,4.305,4.315,24779452,TRY
2016-06-07,4.334,4.382,4.295,4.315,31789906,TRY
2016-06-08,4.324,4.363,4.267,4.353,37112224,TRY
2016-06-09,4.353,4.372,4.276,4.286,43263308,TRY
2016-06-10,4.286,4.305,4.209,4.238,33599164,TRY
2016-06-13,4.209,4.228,4.151,4.209,29494896,TRY
2016-06-14,4.199,4.247,4.171,4.199,31692904,TRY
2016-06-15,4.238,4.286,4.228,4.286,24638198,TRY
2016-06-16,4.267,4.276,4.161,4.161,26297888,TRY
2016-06-17,4.209,4.238,4.171,4.209,35317160,TRY
2016-06-20,4.267,4.334,4.267,4.315,33941492,TRY
2016-06-21,4.324,4.382,4.305,4.343,38302860,TRY
2016-06-22,4.353,4.382,4.334,4.353,23134340,TRY
2016-06-23,4.372,4.478,4.353,4.42,45101716,TRY
2016-06-24,4.209,4.286,4.171,4.247,39042680,TRY
2016-06-27,4.247,4.305,4.219,4.238,42122584,TRY
2016-06-28,4.276,4.315,4.267,4.305,40725956,TRY
2016-06-29,4.295,4.315,4.228,4.247,30962344,TRY
2016-06-30,4.257,4.382,4.247,4.382,57989260,TRY
2016-07-01,4.401,4.44,4.382,4.411,22233092,TRY
2016-07-04,4.43,4.44,4.392,4.44,9102811,TRY
2016-07-08,4.42,4.44,4.392,4.43,14220677,TRY
2016-07-11,4.459,4.584,4.459,4.574,37858308,TRY
2016-07-12,4.593,4.699,4.574,4.689,71715328,TRY
2016-07-13,4.699,4.757,4.661,4.709,40193416,TRY
2016-07-14,4.737,4.776,4.68,4.737,33898244,TRY
2016-07-15,4.728,4.824,4.728,4.824,52380664,TRY
2016-07-18,4.67,4.699,4.353,4.488,74362880,TRY
2016-07-19,4.449,4.584,4.295,4.411,71626136,TRY
2016-07-20,4.449,4.468,4.295,4.295,47190792,TRY
2016-07-21,4.267,4.286,4.036,4.046,60634196,TRY
2016-07-22,4.103,4.151,3.998,4.103,36626588,TRY
2016-07-25,4.151,4.267,4.151,4.247,30541962,TRY
2016-07-26,4.267,4.295,4.199,4.286,33306072,TRY
2016-07-27,4.295,4.401,4.267,4.401,29577500,TRY
2016-07-28,4.459,4.468,4.343,4.392,22092470,TRY
2016-07-29,4.411,4.43,4.343,4.42,29893030,TRY
2016-08-01,4.459,4.536,4.449,4.497,21640720,TRY
2016-08-02,4.478,4.507,4.411,4.411,31155896,TRY
2016-08-03,4.401,4.42,4.305,4.382,33311232,TRY
2016-08-04,4.42,4.555,4.382,4.536,42545160,TRY
2016-08-05,4.565,4.593,4.392,4.497,33720588,TRY
2016-08-08,4.593,4.699,4.545,4.67,48222940,TRY
2016-08-09,4.68,4.718,4.632,4.68,47015724,TRY
2016-08-10,4.689,4.699,4.545,4.584,26991176,TRY
2016-08-11,4.584,4.68,4.574,4.67,28985000,TRY
2016-08-12,4.689,4.709,4.613,4.613,24064554,TRY
2016-08-15,4.641,4.699,4.632,4.641,15543013,TRY
2016-08-16,4.67,4.689,4.603,4.603,22785930,TRY
2016-08-17,4.613,4.718,4.613,4.709,25946810,TRY
2016-08-18,4.747,4.766,4.651,4.689,26246176,TRY
2016-08-19,4.689,4.699,4.632,4.699,18823230,TRY
2016-08-22,4.661,4.68,4.632,4.67,13949348,TRY
2016-08-23,4.689,4.718,4.641,4.641,20761428,TRY
2016-08-24,4.593,4.593,4.507,4.536,27950796,TRY
2016-08-25,4.565,4.661,4.555,4.661,18727048,TRY
2016-08-26,4.651,4.689,4.584,4.689,18513646,TRY
2016-08-29,4.632,4.67,4.565,4.565,17745452,TRY
2016-08-31,4.565,4.622,4.545,4.622,26046844,TRY
2016-09-01,4.622,4.632,4.574,4.574,20781096,TRY
2016-09-02,4.584,4.651,4.574,4.641,26205544,TRY
2016-09-05,4.67,4.699,4.632,4.68,37370508,TRY
2016-09-06,4.689,4.709,4.641,4.641,25195404,TRY
2016-09-07,4.661,4.661,4.574,4.593,26422740,TRY
2016-09-08,4.603,4.68,4.593,4.67,36017408,TRY
2016-09-09,4.651,4.68,4.622,4.641,21982118,TRY
2016-09-16,4.661,4.67,4.584,4.613,18234736,TRY
2016-09-19,4.661,4.689,4.632,4.67,23953232,TRY
2016-09-20,4.67,4.689,4.613,4.651,17083014,TRY
2016-09-21,4.651,4.699,4.632,4.689,21705452,TRY
2016-09-22,4.757,4.805,4.737,4.776,58353444,TRY
2016-09-23,4.786,4.814,4.747,4.747,28634404,TRY
2016-09-26,4.507,4.555,4.459,4.516,34126384,TRY
2016-09-27,4.545,4.574,4.507,4.565,25644216,TRY
2016-09-28,4.574,4.689,4.565,4.689,38223332,TRY
2016-09-29,4.68,4.689,4.584,4.622,24368108,TRY
2016-09-30,4.593,4.603,4.545,4.565,16809412,TRY
2016-10-03,4.584,4.651,4.584,4.641,18364444,TRY
2016-10-04,4.641,4.67,4.584,4.603,21728920,TRY
2016-10-05,4.584,4.709,4.565,4.68,29105696,TRY
2016-10-06,4.709,4.747,4.613,4.641,24220884,TRY
2016-10-07,4.651,4.699,4.622,4.651,17623066,TRY
2016-10-10,4.67,4.689,4.622,4.632,13033253,TRY
2016-10-11,4.622,4.632,4.565,4.584,16251790,TRY
2016-10-12,4.603,4.632,4.574,4.584,16198947,TRY
2016-10-13,4.584,4.603,4.507,4.526,22565600,TRY
2016-10-14,4.545,4.613,4.526,4.584,23732898,TRY
2016-10-17,4.565,4.593,4.545,4.574,10051675,TRY
2016-10-18,4.613,4.689,4.613,4.661,28403548,TRY
2016-10-19,4.689,4.709,4.67,4.699,18058364,TRY
2016-10-20,4.709,4.728,4.67,4.699,21138284,TRY
2016-10-21,4.699,4.699,4.661,4.689,8924972,TRY
2016-10-24,4.709,4.805,4.699,4.795,25044660,TRY
2016-10-25,4.795,4.853,4.757,4.766,24591796,TRY
2016-10-26,4.776,4.824,4.766,4.795,18693958,TRY
2016-10-27,4.776,4.824,4.747,4.757,19521764,TRY
2016-10-28,4.757,4.805,4.737,4.805,11884681,TRY
2016-10-31,4.814,4.824,4.757,4.824,17145444,TRY
2016-11-01,4.853,4.891,4.699,4.709,28890976,TRY
2016-11-02,4.718,4.757,4.689,4.689,23470344,TRY
2016-11-03,4.709,4.747,4.651,4.67,22872464,TRY
2016-11-04,4.622,4.632,4.507,4.536,30918912,TRY
2016-11-07,4.613,4.651,4.593,4.632,21084192,TRY
2016-11-08,4.632,4.67,4.584,4.67,23562862,TRY
2016-11-09,4.545,4.709,4.536,4.709,21791604,TRY
2016-11-10,4.747,4.834,4.709,4.718,27641996,TRY
2016-11-11,4.709,4.757,4.641,4.641,31504130,TRY
2016-11-14,4.661,4.689,4.603,4.622,17598180,TRY
2016-11-15,4.661,4.718,4.613,4.661,30048490,TRY
2016-11-16,4.67,4.689,4.574,4.593,29469070,TRY
2016-11-17,4.613,4.689,4.603,4.622,28751864,TRY
2016-11-18,4.613,4.699,4.565,4.689,29125418,TRY
2016-11-21,4.709,4.718,4.632,4.641,24788144,TRY
2016-11-22,4.651,4.699,4.632,4.67,23253624,TRY
2016-11-23,4.689,4.699,4.632,4.661,23319606,TRY
2016-11-24,4.641,4.728,4.555,4.603,31037860,TRY
2016-11-25,4.584,4.622,4.555,4.584,20801060,TRY
2016-11-28,4.651,4.747,4.622,4.747,48424644,TRY
2016-11-29,4.718,4.766,4.689,4.728,30042828,TRY
2016-11-30,4.737,4.757,4.622,4.632,24856068,TRY
2016-12-01,4.641,4.651,4.536,4.574,28713688,TRY
2016-12-02,4.584,4.632,4.526,4.603,28672356,TRY
2016-12-05,4.574,4.651,4.574,4.603,24285220,TRY
2016-12-06,4.641,4.757,4.632,4.747,27883128,TRY
2016-12-07,4.747,4.843,4.718,4.814,30072540,TRY
2016-12-08,4.843,4.862,4.776,4.853,25886536,TRY
2016-12-09,4.872,4.901,4.814,4.824,19432936,TRY
2016-12-12,4.795,4.882,4.737,4.872,23711664,TRY
2016-12-13,4.882,4.939,4.862,4.93,30979262,TRY
2016-12-14,4.91,4.949,4.862,4.891,22040536,TRY
2016-12-15,4.853,4.978,4.824,4.978,33745504,TRY
2016-12-16,4.987,4.997,4.93,4.939,16833058,TRY
2016-12-19,4.959,4.987,4.91,4.939,12972011,TRY
2016-12-20,4.93,4.997,4.91,4.997,19744056,TRY
2016-12-21,5.007,5.035,4.939,4.949,21076632,TRY
2016-12-22,4.959,4.968,4.92,4.92,11426074,TRY
2016-12-23,4.93,4.939,4.872,4.91,9012329,TRY
2016-12-26,4.92,4.93,4.91,4.92,1546379,TRY
2016-12-27,4.92,4.949,4.891,4.901,7012004,TRY
2016-12-28,4.901,4.987,4.872,4.978,15766212,TRY
2016-12-29,4.978,5.026,4.968,5.007,9922158,TRY
2016-12-30,5.016,5.026,4.959,4.978,10890503,TRY
2017-01-02,4.959,4.978,4.93,4.939,8418350,TRY
2017-01-03,4.949,4.968,4.834,4.834,31746596,TRY
2017-01-04,4.853,4.872,4.786,4.805,21882280,TRY
2017-01-05,4.824,4.853,4.757,4.805,31808874,TRY
2017-01-06,4.805,4.882,4.786,4.882,22834130,TRY
2017-01-09,4.853,4.968,4.834,4.949,24600180,TRY
2017-01-10,4.93,4.978,4.882,4.959,33756340,TRY
2017-01-11,4.91,4.93,4.853,4.92,38861688,TRY
2017-01-12,4.93,5.247,4.92,5.189,60112256,TRY
2017-01-13,5.18,5.247,5.083,5.218,41581160,TRY
2017-01-16,5.218,5.256,5.16,5.17,15205153,TRY
2017-01-17,5.199,5.295,5.17,5.266,33893012,TRY
2017-01-18,5.276,5.401,5.256,5.381,46098996,TRY
2017-01-19,5.381,5.487,5.314,5.353,50958036,TRY
2017-01-20,5.362,5.41,5.333,5.391,23662912,TRY
2017-01-23,5.429,5.429,5.353,5.353,15723749,TRY
2017-01-24,5.381,5.487,5.353,5.478,26890662,TRY
2017-01-25,5.478,5.478,5.343,5.372,21336720,TRY
2017-01-26,5.401,5.468,5.381,5.449,21826172,TRY
2017-01-27,5.439,5.516,5.42,5.497,25092054,TRY
2017-01-30,5.478,5.756,5.478,5.737,42493452,TRY
2017-01-31,5.747,5.756,5.66,5.727,27116908,TRY
2017-02-01,5.727,5.785,5.641,5.775,28760594,TRY
2017-02-02,5.804,5.843,5.718,5.727,36384392,TRY
2017-02-03,5.766,5.881,5.708,5.881,39122248,TRY
2017-02-06,5.92,6.025,5.756,5.766,41331520,TRY
2017-02-07,5.756,5.852,5.727,5.814,23013728,TRY
2017-02-08,5.823,5.968,5.795,5.958,33244668,TRY
2017-02-09,5.968,6.121,5.948,6.102,51406896,TRY
2017-02-10,6.112,6.169,5.91,5.91,46911008,TRY
2017-02-13,5.929,6.083,5.929,6.016,28004208,TRY
2017-02-14,6.054,6.15,5.958,6.073,33844452,TRY
2017-02-15,6.083,6.141,6.006,6.044,26435946,TRY
2017-02-16,6.064,6.093,6.006,6.064,24978304,TRY
2017-02-17,6.064,6.112,6.025,6.083,22374292,TRY
2017-02-20,6.131,6.15,5.958,6.006,36664996,TRY
2017-02-21,6.006,6.083,6.006,6.016,26426772,TRY
2017-02-22,6.016,6.054,6.006,6.006,17508168,TRY
2017-02-23,6.025,6.198,6.025,6.15,34565016,TRY
2017-02-24,6.141,6.189,6.035,6.102,32291412,TRY
2017-02-27,6.112,6.189,6.064,6.102,23420844,TRY
2017-02-28,6.102,6.15,6.064,6.083,35948932,TRY
2017-03-01,6.102,6.371,6.102,6.342,52333944,TRY
2017-03-02,6.342,6.487,6.342,6.487,34000784,TRY
2017-03-03,6.487,6.487,6.39,6.429,24085864,TRY
2017-03-06,6.448,6.506,6.371,6.41,26133574,TRY
2017-03-07,6.448,6.458,6.256,6.266,39843596,TRY
2017-03-08,6.275,6.275,6.083,6.227,48686508,TRY
2017-03-09,6.169,6.266,6.093,6.237,20398808,TRY
2017-03-10,6.275,6.371,6.275,6.352,17920958,TRY
2017-03-13,6.342,6.342,6.256,6.285,11684025,TRY
2017-03-14,6.285,6.314,6.198,6.227,14263339,TRY
2017-03-15,6.246,6.342,6.237,6.333,12581146,TRY
2017-03-16,6.438,6.438,6.352,6.352,13437311,TRY
2017-03-17,6.39,6.419,6.304,6.362,16153909,TRY
2017-03-20,6.352,6.381,6.314,6.381,7699943,TRY
2017-03-21,6.41,6.458,6.314,6.333,14313067,TRY
2017-03-22,6.304,6.352,6.237,6.333,13941263,TRY
2017-03-23,6.362,6.381,6.275,6.294,10659625,TRY
2017-03-24,6.314,6.438,6.285,6.438,14516741,TRY
2017-03-27,6.429,6.429,6.333,6.41,13022270,TRY
2017-03-28,6.429,6.477,6.362,6.429,14468483,TRY
2017-03-29,6.381,6.467,6.352,6.429,16068148,TRY
2017-03-30,6.458,6.487,6.39,6.429,18446052,TRY
2017-03-31,6.429,6.438,6.352,6.371,16419029,TRY
2017-04-03,6.4,6.429,6.352,6.429,12870668,TRY
2017-04-04,6.43,6.47,6.37,6.39,22021324,TRY
2017-04-05,6.4,6.54,6.39,6.52,23134248,TRY
2017-04-06,6.49,6.56,6.48,6.51,16388393,TRY
2017-04-07,6.47,6.56,6.47,6.56,12001346,TRY
2017-04-10,6.59,7.06,6.59,7.02,48269436,TRY
2017-04-11,7.02,7.04,6.88,6.89,30030590,TRY
2017-04-12,6.92,6.99,6.81,6.83,21805428,TRY
2017-04-13,6.85,6.88,6.65,6.67,23706228,TRY
2017-04-14,6.66,6.81,6.61,6.67,20037988,TRY
2017-04-17,6.76,6.84,6.63,6.77,25052478,TRY
2017-04-18,6.73,6.91,6.73,6.89,29850384,TRY
2017-04-19,6.9,6.94,6.73,6.77,32249820,TRY
2017-04-20,6.8,6.9,6.79,6.85,20376296,TRY
2017-04-21,6.95,6.95,6.84,6.86,14210243,TRY
2017-04-24,6.94,7.08,6.91,7.08,25903300,TRY
2017-04-25,7.09,7.11,6.93,7.05,29426124,TRY
2017-04-26,7.04,7.07,6.98,6.98,23269864,TRY
2017-04-27,7.01,7.03,6.93,6.94,13632034,TRY
2017-04-28,6.97,7.03,6.93,7.01,18764092,TRY
2017-05-02,7.03,7.07,6.94,6.96,26191516,TRY
2017-05-03,6.96,6.99,6.86,6.89,19037836,TRY
2017-05-04,6.89,6.97,6.85,6.86,15936363,TRY
2017-05-05,6.87,7.0,6.85,6.97,26926672,TRY
2017-05-08,6.99,7.03,6.93,6.94,15542299,TRY
2017-05-09,6.92,7.04,6.91,7.02,18093430,TRY
2017-05-10,6.98,7.03,6.95,7.02,20960204,TRY
2017-05-11,7.03,7.08,6.91,6.91,24220316,TRY
2017-05-12,6.94,7.02,6.89,6.94,17951416,TRY
2017-05-15,6.99,7.03,6.94,7.02,11727687,TRY
2017-05-16,7.05,7.09,6.99,7.07,16045218,TRY
2017-05-17,7.02,7.09,6.97,7.05,24955424,TRY
2017-05-18,7.02,7.04,6.91,6.98,14486879,TRY
2017-05-22,7.05,7.07,7.01,7.07,14539214,TRY
2017-05-23,7.04,7.22,7.03,7.16,25703680,TRY
2017-05-24,7.18,7.27,7.1,7.12,26163180,TRY
2017-05-25,7.15,7.15,7.02,7.06,26131332,TRY
2017-05-26,7.06,7.09,7.01,7.01,15854870,TRY
2017-05-29,7.03,7.08,7.02,7.03,11468943,TRY
2017-05-30,7.04,7.05,6.92,6.93,25369160,TRY
2017-05-31,6.96,7.05,6.95,7.01,33376978,TRY
2017-06-01,7.06,7.06,6.94,6.97,16545505,TRY
2017-06-02,7.03,7.09,7.02,7.09,13912046,TRY
2017-06-05,7.11,7.16,7.03,7.07,20887328,TRY
2017-06-06,7.05,7.09,7.02,7.05,9961808,TRY
2017-06-07,7.06,7.13,7.03,7.05,15143365,TRY
2017-06-08,7.06,7.07,6.98,7.03,12111543,TRY
2017-06-09,7.05,7.16,7.03,7.1,20500580,TRY
2017-06-12,7.11,7.23,7.1,7.19,18006272,TRY
2017-06-13,7.21,7.23,7.06,7.11,16401573,TRY
2017-06-14,7.12,7.23,7.1,7.23,17125560,TRY
2017-06-15,7.2,7.23,7.11,7.15,13235258,TRY
2017-06-16,7.14,7.18,7.08,7.14,11773036,TRY
2017-06-19,7.17,7.24,7.16,7.24,8417041,TRY
2017-06-20,7.27,7.3,7.21,7.25,9009028,TRY
2017-06-21,7.25,7.25,7.17,7.22,6701310,TRY
2017-06-22,7.24,7.27,7.2,7.25,6486296,TRY
2017-06-23,7.26,7.26,7.19,7.26,7939045,TRY
2017-06-28,7.26,7.39,7.23,7.37,12860439,TRY
2017-06-29,7.4,7.42,7.33,7.41,8909901,TRY
2017-06-30,7.41,7.45,7.38,7.45,13395905,TRY
2017-07-03,7.46,7.47,7.4,7.43,10056404,TRY
2017-07-04,7.41,7.49,7.4,7.47,9283204,TRY
2017-07-05,7.47,7.48,7.41,7.47,8282342,TRY
2017-07-06,7.47,7.54,7.42,7.48,11771191,TRY
2017-07-07,7.47,7.51,7.42,7.42,13013483,TRY
2017-07-10,7.46,7.54,7.46,7.53,8238597,TRY
2017-07-11,7.53,7.82,7.5,7.77,23609340,TRY
2017-07-12,7.76,7.82,7.67,7.75,25733112,TRY
2017-07-13,7.72,7.76,7.63,7.65,19228760,TRY
2017-07-14,7.67,7.71,7.64,7.68,13597589,TRY
2017-07-17,7.68,7.89,7.66,7.87,13543284,TRY
2017-07-18,7.87,7.89,7.78,7.81,9308347,TRY
2017-07-19,7.84,7.99,7.83,7.96,14169891,TRY
2017-07-20,7.98,7.99,7.86,7.86,8248784,TRY
2017-07-21,7.87,7.97,7.83,7.85,8904542,TRY
2017-07-24,7.88,7.9,7.79,7.79,12970077,TRY
2017-07-25,7.81,7.87,7.77,7.82,12946860,TRY
2017-07-26,7.8,7.85,7.7,7.74,12352921,TRY
2017-07-27,7.8,7.86,7.75,7.75,17436804,TRY
2017-07-28,7.74,7.8,7.7,7.7,11231401,TRY
2017-07-31,7.69,7.69,7.5,7.57,18661638,TRY
2017-08-01,7.58,7.61,7.38,7.44,23875022,TRY
2017-08-02,7.44,7.48,7.38,7.39,16958072,TRY
2017-08-03,7.4,7.41,7.32,7.35,12414289,TRY
2017-08-04,7.36,7.55,7.36,7.53,16361783,TRY
2017-08-07,7.58,7.69,7.58,7.69,16050858,TRY
2017-08-08,7.75,7.77,7.69,7.69,13887578,TRY
2017-08-09,7.67,7.71,7.61,7.7,13518637,TRY
2017-08-10,7.71,7.75,7.52,7.54,13343326,TRY
2017-08-11,7.48,7.56,7.39,7.47,14533963,TRY
2017-08-14,7.56,7.75,7.56,7.75,11810183,TRY
2017-08-15,7.76,7.76,7.57,7.57,12979410,TRY
2017-08-16,7.6,7.69,7.42,7.63,14177078,TRY
2017-08-17,7.66,7.66,7.43,7.47,14527930,TRY
2017-08-18,7.43,7.44,7.33,7.38,12448290,TRY
2017-08-21,7.39,7.61,7.39,7.56,15884194,TRY
2017-08-22,7.6,7.63,7.52,7.52,10904300,TRY
2017-08-23,7.53,7.59,7.49,7.51,14801673,TRY
2017-08-24,7.53,7.74,7.53,7.66,21418156,TRY
2017-08-25,7.65,7.74,7.63,7.64,8567059,TRY
2017-08-28,7.66,7.68,7.57,7.59,16199221,TRY
2017-08-29,7.57,7.58,7.49,7.55,13008025,TRY
2017-08-31,7.57,7.58,7.48,7.49,7038960,TRY
2017-09-05,7.52,7.53,7.36,7.4,16499871,TRY
2017-09-06,7.4,7.41,7.35,7.39,15956657,TRY
2017-09-07,7.39,7.4,7.28,7.33,15759554,TRY
2017-09-08,7.35,7.35,7.17,7.24,11898371,TRY
2017-09-11,7.29,7.43,7.29,7.36,10056248,TRY
2017-09-12,7.38,7.4,7.29,7.32,7657216,TRY
2017-09-13,7.32,7.39,7.29,7.31,8503761,TRY
2017-09-14,7.31,7.37,7.27,7.28,11483975,TRY
2017-09-15,7.33,7.38,7.29,7.32,10660663,TRY
2017-09-18,7.33,7.35,7.19,7.19,10053571,TRY
2017-09-19,7.19,7.27,7.11,7.11,9666585,TRY
2017-09-20,7.14,7.25,7.12,7.25,8816740,TRY
2017-09-21,7.19,7.22,7.04,7.06,13553837,TRY
2017-09-22,7.09,7.12,7.02,7.07,12894228,TRY
2017-09-25,7.08,7.08,6.84,6.93,8872585,TRY
2017-09-26,6.99,7.02,6.87,7.02,13595302,TRY
2017-09-27,7.01,7.02,6.77,6.81,17934168,TRY
2017-09-28,6.81,6.9,6.79,6.86,10496151,TRY
2017-09-29,6.89,6.91,6.78,6.78,12756052,TRY
2017-10-02,6.78,6.88,6.77,6.86,9637129,TRY
2017-10-03,6.85,6.89,6.78,6.78,19937126,TRY
2017-10-04,6.81,6.88,6.81,6.88,11546006,TRY
2017-10-05,6.9,6.94,6.82,6.82,10051964,TRY
2017-10-06,6.81,6.9,6.75,6.89,13060000,TRY
2017-10-09,6.56,6.77,6.55,6.75,14773130,TRY
2017-10-10,6.83,6.95,6.76,6.85,12428335,TRY
2017-10-11,6.83,6.91,6.78,6.81,23736732,TRY
2017-10-12,6.92,6.94,6.83,6.88,15886062,TRY
2017-10-13,6.88,6.96,6.83,6.96,15773813,TRY
2017-10-16,6.98,6.99,6.88,6.91,12123630,TRY
2017-10-17,6.91,6.97,6.86,6.89,18204828,TRY
2017-10-18,6.93,6.93,6.82,6.82,9674119,TRY
2017-10-19,6.85,7.04,6.83,7.04,19445648,TRY
2017-10-20,7.08,7.17,6.96,7.01,14929571,TRY
2017-10-23,6.98,6.98,6.85,6.85,8552107,TRY
2017-10-24,6.86,6.95,6.82,6.94,14288966,TRY
2017-10-25,6.94,7.14,6.92,7.13,17532412,TRY
2017-10-26,7.1,7.1,6.9,6.91,19368696,TRY
2017-10-27,6.9,6.9,6.81,6.88,15343243,TRY
2017-10-30,6.95,7.03,6.92,7.0,12254937,TRY
2017-10-31,7.04,7.17,6.98,7.14,23351864,TRY
2017-11-01,7.17,7.57,7.17,7.41,26838912,TRY
2017-11-02,7.5,7.56,7.4,7.46,23523532,TRY
2017-11-03,7.47,7.48,7.08,7.16,23017464,TRY
2017-11-06,7.2,7.36,7.06,7.35,28325498,TRY
2017-11-07,7.32,7.32,7.06,7.07,20610346,TRY
2017-11-08,7.1,7.12,6.88,6.95,27721664,TRY
2017-11-09,7.01,7.01,6.79,6.82,20230580,TRY
2017-11-10,6.82,6.85,6.65,6.69,19669438,TRY
2017-11-13,6.72,6.79,6.59,6.74,22904480,TRY
2017-11-14,6.78,6.94,6.72,6.9,30155420,TRY
2017-11-15,6.88,6.91,6.67,6.67,19938008,TRY
2017-11-16,6.69,6.71,6.52,6.55,20809344,TRY
2017-11-17,6.58,6.6,6.31,6.35,30803110,TRY
2017-11-20,6.35,6.41,6.11,6.12,28596108,TRY
2017-11-21,6.08,6.25,6.0,6.18,25968332,TRY
2017-11-22,6.19,6.38,6.1,6.34,30196336,TRY
2017-11-23,6.37,6.4,6.13,6.13,28183496,TRY
2017-11-24,6.08,6.25,6.06,6.17,13436794,TRY
2017-11-27,6.18,6.28,6.1,6.18,20855792,TRY
2017-11-28,6.17,6.35,6.03,6.03,30175244,TRY
2017-11-29,6.07,6.13,5.97,6.08,15954355,TRY
2017-11-30,6.15,6.24,6.0,6.17,46148480,TRY
2017-12-01,6.16,6.56,6.09,6.25,40668888,TRY
2017-12-04,6.24,6.65,6.22,6.51,39263720,TRY
2017-12-05,6.58,6.66,6.45,6.51,25205822,TRY
2017-12-06,6.51,6.52,6.41,6.47,18244402,TRY
2017-12-07,6.48,6.73,6.42,6.63,22766216,TRY
2017-12-08,6.64,6.89,6.6,6.71,38645760,TRY
2017-12-11,6.76,6.99,6.68,6.68,40988856,TRY
2017-12-12,6.68,6.68,6.45,6.59,42044184,TRY
2017-12-13,6.6,6.64,6.36,6.4,29115832,TRY
2017-12-14,6.47,6.55,6.4,6.52,35951440,TRY
2017-12-15,6.53,6.58,6.43,6.52,31499206,TRY
2017-12-18,6.6,6.65,6.52,6.55,23384906,TRY
2017-12-19,6.58,6.62,6.54,6.56,16990888,TRY
2017-12-20,6.55,6.59,6.5,6.53,12402041,TRY
2017-12-21,6.55,6.72,6.54,6.67,23901216,TRY
2017-12-22,6.72,6.77,6.69,6.71,15724056,TRY
2017-12-25,6.76,6.77,6.7,6.72,5955374,TRY
2017-12-26,6.74,6.95,6.71,6.76,28267076,TRY
2017-12-27,6.77,6.86,6.75,6.86,12574781,TRY
2017-12-28,6.89,6.98,6.86,6.98,22988520,TRY
2017-12-29,7.0,7.08,6.95,6.97,36521196,TRY
2018-01-02,7.02,7.16,6.99,7.1,29939652,TRY
2018-01-03,7.1,7.16,7.0,7.0,18945504,TRY
2018-01-04,7.0,7.09,6.92,6.93,20345770,TRY
2018-01-05,6.98,7.06,6.84,6.92,35005296,TRY
2018-01-08,6.98,7.02,6.9,6.91,17359756,TRY
2018-01-09,6.93,6.95,6.81,6.83,17855452,TRY
2018-01-10,6.81,6.83,6.68,6.79,24806314,TRY
2018-01-11,6.85,7.0,6.75,7.0,19848842,TRY
2018-01-12,7.0,7.05,6.94,7.05,22258284,TRY
2018-01-15,7.03,7.07,6.87,6.87,15238380,TRY
2018-01-16,6.86,6.96,6.73,6.96,30610096,TRY
2018-01-17,6.93,7.11,6.87,7.06,24447408,TRY
2018-01-18,7.14,7.26,7.06,7.17,39471672,TRY
2018-01-19,7.15,7.22,7.1,7.18,21708140,TRY
2018-01-22,7.24,7.32,7.14,7.32,18510328,TRY
2018-01-23,7.39,7.47,7.32,7.36,32806204,TRY
2018-01-24,7.37,7.68,7.37,7.68,45992436,TRY
2018-01-25,7.68,8.03,7.62,7.91,52437624,TRY
2018-01-26,7.95,8.23,7.94,8.22,41545724,TRY
2018-01-29,8.27,8.28,8.04,8.18,28823124,TRY
2018-01-30,8.12,8.27,7.95,7.99,20784324,TRY
2018-01-31,8.05,8.32,8.02,8.05,36433232,TRY
2018-02-01,8.13,8.2,7.95,7.95,29076444,TRY
2018-02-02,7.99,8.04,7.81,7.87,18136640,TRY
2018-02-05,7.84,7.84,7.46,7.49,37181160,TRY
2018-02-06,7.21,7.57,7.16,7.45,47271844,TRY
2018-02-07,7.51,7.87,7.44,7.52,37557304,TRY
2018-02-08,7.53,7.63,7.38,7.38,18668390,TRY
2018-02-09,7.33,7.46,7.24,7.29,23168496,TRY
2018-02-12,7.39,7.66,7.39,7.58,19031422,TRY
2018-02-13,7.65,7.73,7.47,7.47,18945488,TRY
2018-02-14,7.57,7.59,7.22,7.28,25082314,TRY
2018-02-15,7.43,7.48,7.38,7.47,14678647,TRY
2018-02-16,7.51,7.65,7.51,7.6,18154180,TRY
2018-02-19,7.66,7.68,7.34,7.39,23927374,TRY
2018-02-20,7.45,7.49,6.94,7.0,22410058,TRY
2018-02-21,7.21,7.42,7.19,7.42,25169746,TRY
2018-02-22,7.42,7.42,7.29,7.42,17897434,TRY
2018-02-23,7.46,7.6,7.45,7.51,19845362,TRY
2018-02-26,7.57,7.64,7.53,7.56,14281978,TRY
2018-02-27,7.61,7.65,7.5,7.53,21250664,TRY
2018-02-28,7.49,7.64,7.47,7.6,30227722,TRY
2018-03-01,7.57,7.63,7.53,7.53,18187892,TRY
2018-03-02,7.5,7.55,7.45,7.55,14931781,TRY
2018-03-05,7.55,7.62,7.49,7.54,11613438,TRY
2018-03-06,7.61,7.7,7.56,7.65,13839272,TRY
2018-03-07,7.6,7.77,7.59,7.73,12486185,TRY
2018-03-08,7.74,7.76,7.63,7.67,11718096,TRY
2018-03-09,7.7,7.71,7.57,7.61,9432876,TRY
2018-03-12,7.67,7.77,7.67,7.74,11508323,TRY
2018-03-13,7.7,7.74,7.59,7.65,10236563,TRY
2018-03-14,7.64,7.7,7.41,7.49,13754372,TRY
2018-03-15,7.54,7.54,7.36,7.38,13427992,TRY
2018-03-16,7.4,7.47,7.36,7.41,11523117,TRY
2018-03-19,7.44,7.48,7.03,7.13,24708896,TRY
2018-03-20,6.881,6.977,6.766,6.91,25030774,TRY
2018-03-21,6.919,6.996,6.9,6.996,15344507,TRY
2018-03-22,7.063,7.092,6.91,6.958,13633647,TRY
2018-03-23,6.833,6.986,6.814,6.919,13575211,TRY
2018-03-26,6.967,6.977,6.814,6.824,13159668,TRY
2018-03-27,6.91,6.948,6.824,6.824,10276495,TRY
2018-03-28,6.795,6.814,6.651,6.66,22255022,TRY
2018-03-29,6.689,6.843,6.651,6.833,14446471,TRY
2018-03-30,6.891,6.939,6.843,6.843,7664395,TRY
2018-04-02,6.862,6.891,6.785,6.785,5297157,TRY
2018-04-03,6.89,6.92,6.76,6.8,12566845,TRY
2018-04-04,6.82,6.84,6.71,6.71,16178895,TRY
2018-04-05,6.74,6.85,6.7,6.76,24662604,TRY
2018-04-06,6.74,6.82,6.72,6.74,11672583,TRY
2018-04-09,6.79,6.79,6.58,6.63,13253206,TRY
2018-04-10,6.67,6.67,6.42,6.51,19777900,TRY
2018-04-11,6.46,6.59,6.28,6.39,20737802,TRY
2018-04-12,6.4,6.53,6.34,6.45,16189170,TRY
2018-04-13,6.53,6.57,6.45,6.51,20331848,TRY
2018-04-16,6.54,6.66,6.51,6.51,18351828,TRY
2018-04-17,6.58,6.61,6.33,6.41,27423564,TRY
2018-04-18,6.41,6.64,6.36,6.62,37832336,TRY
2018-04-19,6.6,6.67,6.56,6.58,22193160,TRY
2018-04-20,6.55,6.58,6.38,6.42,22008828,TRY
2018-04-24,6.4,6.45,6.35,6.38,19175298,TRY
2018-04-25,6.41,6.45,6.15,6.16,26759030,TRY
2018-04-26,6.2,6.28,6.12,6.26,16119924,TRY
2018-04-27,6.27,6.43,6.24,6.4,14540038,TRY
2018-04-30,6.4,6.42,6.11,6.16,19566530,TRY
2018-05-02,6.19,6.23,6.02,6.14,23888000,TRY
2018-05-03,6.13,6.16,5.88,5.91,37642640,TRY
2018-05-04,5.91,6.06,5.86,5.99,27476462,TRY
2018-05-07,5.99,6.04,5.9,5.9,13929790,TRY
2018-05-08,5.94,5.96,5.75,5.75,21659928,TRY
2018-05-09,5.73,6.02,5.72,5.98,23729280,TRY
2018-05-10,6.01,6.07,5.86,6.04,34069960,TRY
2018-05-11,6.01,6.03,5.85,5.9,24883050,TRY
2018-05-14,5.94,6.14,5.93,6.11,22419678,TRY
2018-05-15,6.01,6.11,5.95,5.96,21914878,TRY
2018-05-16,5.98,6.22,5.92,6.18,50118064,TRY
2018-05-17,6.18,6.2,6.04,6.1,13594015,TRY
2018-05-18,6.1,6.26,6.1,6.21,27937688,TRY
2018-05-21,6.19,6.35,6.15,6.22,24266240,TRY
2018-05-22,6.25,6.36,6.24,6.33,23951824,TRY
2018-05-23,6.31,6.4,6.2,6.3,30685424,TRY
2018-05-24,6.41,6.45,6.14,6.2,24408858,TRY
2018-05-25,6.26,6.34,6.21,6.3,20430932,TRY
2018-05-28,6.4,6.56,6.4,6.52,29910632,TRY
2018-05-29,6.52,6.55,6.44,6.48,21116282,TRY
2018-05-30,6.47,6.57,6.28,6.28,40291832,TRY
2018-05-31,6.34,6.35,5.96,5.96,37400636,TRY
2018-06-01,5.99,6.0,5.78,5.83,34317600,TRY
2018-06-04,5.82,5.94,5.79,5.82,26553096,TRY
2018-06-05,5.83,5.87,5.67,5.7,23060656,TRY
2018-06-06,5.72,5.83,5.56,5.8,32020202,TRY
2018-06-07,5.79,5.97,5.78,5.92,21162478,TRY
2018-06-08,5.88,5.89,5.73,5.77,17975460,TRY
2018-06-11,5.75,5.83,5.58,5.8,30345526,TRY
2018-06-12,5.76,5.85,5.69,5.77,18504158,TRY
2018-06-13,5.73,5.83,5.71,5.73,22608220,TRY
2018-06-14,5.71,5.88,5.69,5.83,10469653,TRY
2018-06-18,5.78,5.79,5.63,5.66,19126636,TRY
2018-06-19,5.62,5.85,5.6,5.81,19351588,TRY
2018-06-20,5.77,5.98,5.77,5.87,20719176,TRY
2018-06-21,5.83,5.98,5.8,5.94,29705484,TRY
2018-06-22,5.97,6.09,5.94,6.0,24806152,TRY
2018-06-25,6.24,6.24,5.59,5.66,46851792,TRY
2018-06-26,5.67,5.73,5.57,5.57,40733992,TRY
2018-06-27,5.57,5.77,5.57,5.72,46767580,TRY
2018-06-28,5.69,5.8,5.67,5.72,38276280,TRY
2018-06-29,5.76,5.79,5.7,5.7,26212688,TRY
2018-07-02,5.65,5.76,5.63,5.73,28694080,TRY
2018-07-03,5.74,5.75,5.62,5.62,27490116,TRY
2018-07-04,5.63,5.77,5.61,5.74,34901500,TRY
2018-07-05,5.75,5.83,5.74,5.8,30140456,TRY
2018-07-06,5.77,5.81,5.67,5.71,25103332,TRY
2018-07-09,5.75,5.88,5.75,5.82,40213736,TRY
2018-07-10,5.67,5.75,5.49,5.49,43528256,TRY
2018-07-11,5.45,5.45,5.08,5.09,46096144,TRY
2018-07-12,5.12,5.19,4.88,5.0,61939760,TRY
2018-07-13,5.02,5.06,4.91,4.99,21880460,TRY
2018-07-16,5.02,5.04,4.76,4.77,33448168,TRY
2018-07-17,4.74,4.84,4.69,4.77,39882860,TRY
2018-07-18,4.76,4.87,4.71,4.87,42353144,TRY
2018-07-19,4.89,4.92,4.77,4.77,27510120,TRY
2018-07-20,4.77,4.95,4.75,4.93,25992092,TRY
2018-07-23,4.97,5.1,4.97,5.03,33050658,TRY
2018-07-24,5.02,5.04,4.77,4.78,33349588,TRY
2018-07-25,4.76,5.0,4.75,5.0,52063368,TRY
2018-07-26,5.03,5.07,4.84,4.92,46714336,TRY
2018-07-27,4.9,4.99,4.8,4.93,27682424,TRY
2018-07-30,4.86,4.98,4.85,4.95,28450980,TRY
2018-07-31,4.94,5.08,4.92,5.08,39798868,TRY
2018-08-01,5.09,5.11,4.99,5.02,23975294,TRY
2018-08-02,4.9,4.94,4.84,4.9,28993088,TRY
2018-08-03,4.91,5.04,4.9,4.97,22463884,TRY
2018-08-06,4.96,5.01,4.84,4.87,21768188,TRY
2018-08-07,4.9,5.0,4.87,5.0,36752088,TRY
2018-08-08,5.01,5.05,4.98,5.01,29333248,TRY
2018-08-09,4.91,5.09,4.88,4.92,50282480,TRY
2018-08-10,4.87,4.88,4.19,4.54,87198504,TRY
2018-08-13,4.44,4.44,3.85,3.94,178984528,TRY
2018-08-14,4.13,4.16,3.96,4.01,104209248,TRY
2018-08-15,4.11,4.13,3.88,3.95,83236264,TRY
2018-08-16,4.04,4.05,3.82,3.82,71368968,TRY
2018-08-17,3.84,3.87,3.73,3.86,56291548,TRY
2018-08-20,3.96,4.04,3.95,3.95,42570800,TRY
2018-08-27,4.01,4.02,3.94,3.98,57439212,TRY
2018-08-28,3.98,4.12,3.96,4.1,76865216,TRY
2018-08-29,4.06,4.15,4.03,4.1,68352864,TRY
2018-08-31,4.11,4.14,3.97,3.99,116545304,TRY
2018-09-03,3.99,4.07,3.95,4.0,75932784,TRY
2018-09-04,4.01,4.09,3.99,4.0,56660928,TRY
2018-09-05,4.01,4.04,3.97,4.02,44201544,TRY
2018-09-06,4.03,4.06,3.98,3.98,32787746,TRY
2018-09-07,4.0,4.01,3.97,3.99,47503696,TRY
2018-09-10,3.99,4.0,3.89,3.89,45094076,TRY
2018-09-11,3.89,4.0,3.87,3.97,51345060,TRY
2018-09-12,3.98,4.02,3.96,3.96,47997536,TRY
2018-09-13,3.96,4.14,3.96,4.05,70776376,TRY
2018-09-14,4.1,4.29,4.07,4.14,81749984,TRY
2018-09-17,4.02,4.03,3.86,3.9,130313728,TRY
2018-09-18,3.92,4.0,3.91,3.94,78808000,TRY
2018-09-19,3.98,4.18,3.96,4.14,89086248,TRY
2018-09-20,4.16,4.26,3.99,4.0,119750136,TRY
2018-09-21,4.03,4.13,4.03,4.1,69487216,TRY
2018-09-24,4.11,4.33,4.09,4.28,103551336,TRY
2018-09-25,4.33,4.35,4.13,4.15,72071136,TRY
2018-09-26,4.18,4.26,4.14,4.2,47188200,TRY
2018-09-27,4.2,4.43,4.19,4.41,113907744,TRY
2018-09-28,4.44,4.48,4.34,4.42,94716800,TRY
2018-10-01,4.42,4.46,4.3,4.3,52170024,TRY
2018-10-02,4.28,4.34,4.22,4.3,41623660,TRY
2018-10-03,4.31,4.34,4.15,4.15,48243840,TRY
2018-10-04,4.15,4.16,3.94,3.94,43429592,TRY
2018-10-05,3.95,4.09,3.92,4.06,46072340,TRY
2018-10-08,4.03,4.26,4.0,4.2,62280080,TRY
2018-10-09,4.22,4.28,4.13,4.17,50998340,TRY
2018-10-10,4.21,4.28,4.13,4.13,59426704,TRY
2018-10-11,4.03,4.1,3.95,4.02,63040952,TRY
2018-10-12,4.09,4.19,3.99,4.11,70801176,TRY
2018-10-15,4.1,4.26,4.1,4.2,91410592,TRY
2018-10-16,4.2,4.34,4.19,4.25,67908304,TRY
2018-10-17,4.31,4.37,4.28,4.35,67737328,TRY
2018-10-18,4.35,4.43,4.25,4.28,61453064,TRY
2018-10-19,4.31,4.34,4.16,4.16,42448472,TRY
2018-10-22,4.2,4.22,4.04,4.04,34588208,TRY
2018-10-23,4.01,4.06,3.98,4.04,52413824,TRY
2018-10-24,4.05,4.1,4.0,4.01,43524756,TRY
2018-10-25,4.0,4.06,3.98,4.03,40001824,TRY
2018-10-26,4.03,4.04,3.93,3.93,25345512,TRY
2018-10-30,3.95,4.02,3.91,4.02,35605444,TRY
2018-10-31,4.04,4.12,3.95,3.99,46044280,TRY
2018-11-01,4.01,4.22,3.98,4.21,33794588,TRY
2018-11-02,4.22,4.27,4.15,4.24,56884972,TRY
2018-11-05,4.27,4.39,4.24,4.39,70084984,TRY
2018-11-06,4.41,4.41,4.18,4.23,44919308,TRY
2018-11-07,4.23,4.31,4.2,4.25,43664040,TRY
2018-11-08,4.23,4.25,4.03,4.06,53778836,TRY
2018-11-09,4.06,4.07,3.96,4.03,50324864,TRY
2018-11-12,4.03,4.08,3.96,3.96,47868704,TRY
2018-11-13,3.97,4.12,3.97,4.11,60331780,TRY
2018-11-14,4.1,4.11,4.03,4.05,38786672,TRY
2018-11-15,4.05,4.1,4.02,4.05,31343240,TRY
2018-11-16,4.08,4.13,4.03,4.07,37216616,TRY
2018-11-19,4.07,4.1,4.04,4.09,43214100,TRY
2018-11-20,4.08,4.13,3.99,4.0,60642936,TRY
2018-11-21,4.02,4.05,4.0,4.05,27476340,TRY
2018-11-22,4.05,4.07,4.01,4.05,22384654,TRY
2018-11-23,4.04,4.08,4.04,4.08,22544772,TRY
2018-11-26,4.1,4.19,4.09,4.15,54991892,TRY
2018-11-27,4.15,4.16,4.09,4.11,30140834,TRY
2018-11-28,4.13,4.2,4.13,4.15,26664400,TRY
2018-11-29,4.21,4.24,4.18,4.22,37612820,TRY
2018-11-30,4.22,4.27,4.17,4.26,45185864,TRY
2018-12-03,4.32,4.35,4.21,4.24,37192112,TRY
2018-12-04,4.22,4.28,4.15,4.18,31883964,TRY
2018-12-05,4.14,4.15,4.03,4.12,41917664,TRY
2018-12-06,4.09,4.11,4.04,4.08,29275600,TRY
2018-12-07,4.1,4.12,4.06,4.11,29311444,TRY
2018-12-10,4.08,4.13,4.06,4.07,21014300,TRY
2018-12-11,4.08,4.1,4.06,4.1,34494484,TRY
2018-12-12,4.11,4.13,4.01,4.01,26821380,TRY
2018-12-13,4.02,4.1,4.02,4.1,21172236,TRY
2018-12-14,4.07,4.13,4.04,4.11,25729742,TRY
2018-12-17,4.1,4.15,4.09,4.13,14153815,TRY
2018-12-18,4.11,4.23,4.11,4.23,25642050,TRY
2018-12-19,4.23,4.35,4.22,4.32,31611952,TRY
2018-12-20,4.27,4.31,4.21,4.3,22101312,TRY
2018-12-21,4.29,4.35,4.24,4.35,31372012,TRY
2018-12-24,4.34,4.39,4.3,4.38,17448880,TRY
2018-12-25,4.35,4.42,4.34,4.42,12823785,TRY
2018-12-26,4.44,4.51,4.41,4.51,14143288,TRY
2018-12-27,4.55,4.59,4.37,4.41,35433872,TRY
2018-12-28,4.42,4.43,4.31,4.4,26091862,TRY
2018-12-31,4.41,4.58,4.4,4.53,29867016,TRY
2019-01-02,4.51,4.51,4.28,4.28,35265416,TRY
2019-01-03,4.27,4.35,4.08,4.1,35884904,TRY
2019-01-04,4.16,4.25,4.14,4.22,25665560,TRY
2019-01-07,4.26,4.3,4.23,4.24,24370170,TRY
2019-01-08,4.25,4.27,4.19,4.21,23831636,TRY
2019-01-09,4.23,4.24,4.13,4.18,25447248,TRY
2019-01-10,4.19,4.25,4.14,4.23,22906794,TRY
2019-01-11,4.24,4.27,4.22,4.26,20334104,TRY
2019-01-14,4.21,4.32,4.17,4.32,25581992,TRY
2019-01-15,4.36,4.46,4.33,4.45,34040416,TRY
2019-01-16,4.47,4.81,4.46,4.81,67955088,TRY
2019-01-17,4.81,5.19,4.8,5.04,82042696,TRY
2019-01-18,5.09,5.17,5.03,5.1,41889960,TRY
2019-01-21,5.1,5.25,5.04,5.1,46186840,TRY
2019-01-22,5.1,5.33,5.08,5.33,42683604,TRY
2019-01-23,5.34,5.58,5.31,5.49,67576784,TRY
2019-01-24,5.5,5.57,5.4,5.45,58564688,TRY
2019-01-25,5.5,5.5,5.33,5.44,40702396,TRY
2019-01-28,5.47,5.51,5.36,5.36,30839036,TRY
2019-01-29,5.36,5.85,5.34,5.85,67812952,TRY
2019-01-30,5.84,5.98,5.63,5.76,63975860,TRY
2019-01-31,5.9,5.97,5.57,5.68,53338828,TRY
2019-02-01,5.7,5.85,5.6,5.84,38323280,TRY
2019-02-04,5.84,5.93,5.71,5.75,35460832,TRY
2019-02-05,5.83,5.96,5.29,5.38,149652640,TRY
2019-02-06,5.42,5.49,5.27,5.31,79758992,TRY
2019-02-07,5.34,5.4,5.27,5.29,60348472,TRY
2019-02-08,5.3,5.46,5.28,5.42,41889784,TRY
2019-02-11,5.49,5.59,5.45,5.47,66813240,TRY
2019-02-12,5.5,5.73,5.5,5.63,77761536,TRY
2019-02-13,5.68,5.75,5.33,5.37,72601184,TRY
2019-02-14,5.37,5.64,5.32,5.58,63640628,TRY
2019-02-15,5.59,5.8,5.48,5.79,51972700,TRY
2019-02-18,5.8,5.82,5.63,5.64,40267720,TRY
2019-02-19,5.64,5.68,5.5,5.57,42516624,TRY
2019-02-20,5.6,5.71,5.51,5.51,55550872,TRY
2019-02-21,5.52,5.61,5.5,5.58,44044492,TRY
2019-02-22,5.59,5.64,5.53,5.55,28874158,TRY
2019-02-25,5.59,5.7,5.59,5.62,40283600,TRY
2019-02-26,5.62,5.76,5.59,5.74,33189818,TRY
2019-02-27,5.77,5.82,5.69,5.69,30177486,TRY
2019-02-28,5.71,5.84,5.69,5.81,38824560,TRY
2019-03-01,5.74,5.83,5.7,5.77,43105544,TRY
2019-03-04,5.79,5.97,5.75,5.92,38111352,TRY
2019-03-05,5.91,6.09,5.84,5.89,77410792,TRY
2019-03-06,5.93,6.08,5.92,6.02,41131900,TRY
2019-03-07,6.04,6.16,5.92,6.02,47537052,TRY
2019-03-08,6.01,6.07,5.88,5.96,35860108,TRY
2019-03-11,5.99,6.08,5.98,6.03,32468008,TRY
2019-03-12,6.09,6.1,5.91,5.96,38351200,TRY
2019-03-13,5.97,6.12,5.96,6.06,39766156,TRY
2019-03-14,6.07,6.2,6.06,6.09,37091344,TRY
2019-03-15,6.12,6.31,6.11,6.27,43776344,TRY
2019-03-18,6.3,6.59,6.29,6.58,33829284,TRY
2019-03-19,6.62,6.69,6.4,6.41,48806864,TRY
2019-03-20,6.41,6.53,6.36,6.45,34366440,TRY
2019-03-21,6.5,6.57,6.33,6.39,48004320,TRY
2019-03-22,6.42,6.45,5.9,5.93,63295608,TRY
2019-03-25,5.97,5.99,5.61,5.77,68243760,TRY
2019-03-26,5.87,5.92,5.61,5.66,56943704,TRY
2019-03-27,5.71,5.8,5.19,5.37,87153328,TRY
2019-03-28,5.37,5.64,5.32,5.42,83593992,TRY
2019-03-29,5.44,5.61,5.38,5.5,61381180,TRY
2019-04-01,5.53,5.68,5.28,5.68,61411932,TRY
2019-04-02,5.64,5.74,5.55,5.56,36881412,TRY
2019-04-03,5.61,5.75,5.6,5.66,32454168,TRY
2019-04-04,5.67,5.94,5.64,5.93,48613048,TRY
2019-04-05,5.96,6.08,5.74,5.87,60746760,TRY
2019-04-08,5.9,5.95,5.68,5.74,37364652,TRY
2019-04-09,5.87,5.94,5.76,5.88,30480288,TRY
2019-04-10,5.9,5.91,5.73,5.78,28026780,TRY
2019-04-11,5.79,5.87,5.6,5.65,31385516,TRY
2019-04-12,5.61,5.65,5.5,5.61,30410920,TRY
2019-04-15,5.58,5.68,5.57,5.62,26341372,TRY
2019-04-16,5.66,5.86,5.66,5.84,33414730,TRY
2019-04-17,5.89,6.16,5.89,6.09,54453400,TRY
2019-04-18,6.08,6.08,5.93,5.98,26736820,TRY
2019-04-19,6.01,6.03,5.88,5.91,10848876,TRY
2019-04-22,5.87,5.88,5.79,5.79,12761569,TRY
2019-04-24,5.78,5.9,5.71,5.79,38914784,TRY
2019-04-25,5.84,5.85,5.47,5.54,40690856,TRY
2019-04-26,5.56,5.6,5.4,5.49,37607168,TRY
2019-04-29,5.5,5.52,5.27,5.28,48159876,TRY
2019-04-30,5.29,5.37,5.27,5.36,51130888,TRY
2019-05-02,5.37,5.4,5.18,5.18,27365746,TRY
2019-05-03,5.18,5.25,5.14,5.19,24752012,TRY
2019-05-06,5.08,5.29,5.04,5.25,27174336,TRY
2019-05-07,5.03,5.17,5.02,5.07,45093916,TRY
2019-05-08,5.09,5.25,5.07,5.22,43682504,TRY
2019-05-09,5.25,5.27,5.07,5.07,36038780,TRY
2019-05-10,5.14,5.2,5.06,5.08,26273716,TRY
2019-05-13,5.1,5.13,4.93,4.95,50382128,TRY
2019-05-14,4.97,5.15,4.97,5.14,42211644,TRY
2019-05-15,5.14,5.15,4.98,5.04,35792744,TRY
2019-05-16,5.05,5.13,4.98,5.0,46379520,TRY
2019-05-17,4.96,5.04,4.94,4.99,35394976,TRY
2019-05-20,4.98,5.05,4.97,5.04,31289646,TRY
2019-05-21,5.04,5.07,4.92,4.98,33192076,TRY
2019-05-22,4.94,5.02,4.85,4.85,27870056,TRY
2019-05-23,4.82,4.89,4.79,4.86,26806280,TRY
2019-05-24,4.92,5.07,4.9,5.04,46601092,TRY
2019-05-27,5.08,5.15,4.92,4.95,25266950,TRY
2019-05-28,4.99,5.1,4.96,4.96,43642760,TRY
2019-05-29,4.98,5.02,4.91,4.91,41937284,TRY
2019-05-30,4.98,5.19,4.98,5.17,50285900,TRY
2019-05-31,5.17,5.19,5.07,5.12,48829600,TRY
2019-06-03,4.94,5.0,4.88,4.93,33807784,TRY
2019-06-07,4.94,5.21,4.94,5.21,47700728,TRY
2019-06-10,5.2,5.33,5.15,5.28,49022624,TRY
2019-06-11,5.3,5.33,5.1,5.15,50257144,TRY
2019-06-12,5.14,5.2,5.08,5.1,38539532,TRY
2019-06-13,5.06,5.07,4.96,4.97,32807120,TRY
2019-06-14,5.0,5.1,4.98,5.09,41018664,TRY
2019-06-17,5.06,5.27,5.05,5.25,34838328,TRY
2019-06-18,5.24,5.5,5.24,5.49,48163640,TRY
2019-06-19,5.45,5.58,5.37,5.52,48624776,TRY
2019-06-20,5.63,5.7,5.53,5.54,54770368,TRY
2019-06-21,5.53,5.67,5.46,5.62,39024220,TRY
2019-06-24,6.0,6.01,5.76,5.83,72819416,TRY
2019-06-25,5.8,6.02,5.77,5.93,77091728,TRY
2019-06-26,5.95,5.98,5.84,5.9,19019224,TRY
2019-06-27,5.92,6.02,5.89,5.94,24955540,TRY
2019-06-28,5.97,6.09,5.93,6.05,25509638,TRY
2019-07-01,6.22,6.4,6.22,6.31,31408200,TRY
2019-07-02,6.31,6.43,6.26,6.34,27972354,TRY
2019-07-03,6.35,6.37,6.26,6.29,19216936,TRY
2019-07-04,6.33,6.36,6.23,6.3,20669094,TRY
2019-07-05,6.29,6.62,6.25,6.6,54286684,TRY
2019-07-08,6.48,6.58,6.43,6.49,26123864,TRY
2019-07-09,6.47,6.54,6.27,6.27,35646684,TRY
2019-07-10,6.27,6.52,6.23,6.48,41652228,TRY
2019-07-11,6.55,6.58,6.29,6.37,33321280,TRY
2019-07-12,6.35,6.49,6.08,6.09,38963420,TRY
2019-07-16,6.18,6.26,6.1,6.18,25287084,TRY
2019-07-17,6.2,6.35,6.11,6.31,23960386,TRY
2019-07-18,6.31,6.46,6.27,6.43,25567786,TRY
2019-07-19,6.5,6.56,6.35,6.41,29610750,TRY
2019-07-22,6.39,6.44,6.21,6.21,28035168,TRY
2019-07-23,6.22,6.38,6.19,6.31,33288944,TRY
2019-07-24,6.3,6.46,6.24,6.44,30694758,TRY
2019-07-25,6.44,6.5,6.26,6.34,45150120,TRY
2019-07-26,6.37,6.47,6.3,6.42,28804270,TRY
2019-07-29,6.43,6.48,6.39,6.42,21495458,TRY
2019-07-30,6.43,6.45,6.27,6.32,20640826,TRY
2019-07-31,6.34,6.34,6.15,6.24,24557060,TRY
2019-08-01,6.14,6.29,6.13,6.22,27711072,TRY
2019-08-02,6.2,6.22,6.01,6.03,22968128,TRY
2019-08-05,5.99,6.07,5.93,5.98,23020640,TRY
2019-08-06,6.0,6.08,5.94,5.97,34455200,TRY
2019-08-07,6.02,6.08,5.85,5.9,41828568,TRY
2019-08-08,5.98,5.99,5.75,5.89,33501580,TRY
2019-08-09,5.87,5.87,5.69,5.76,37282196,TRY
2019-08-15,5.65,5.66,5.4,5.4,44304968,TRY
2019-08-16,5.45,5.47,5.32,5.35,36467912,TRY
2019-08-19,5.42,5.53,5.36,5.39,28727410,TRY
2019-08-20,5.38,5.49,5.33,5.33,41906416,TRY
2019-08-21,5.34,5.37,5.24,5.35,33917116,TRY
2019-08-22,5.34,5.43,5.29,5.35,28773878,TRY
2019-08-23,5.37,5.51,5.34,5.49,34515456,TRY
2019-08-26,5.38,5.57,5.38,5.52,37019564,TRY
2019-08-27,5.53,5.54,5.43,5.46,42924504,TRY
2019-08-28,5.47,5.51,5.43,5.5,25515672,TRY
2019-08-29,5.47,5.58,5.46,5.51,28661284,TRY
2019-09-02,5.51,5.69,5.51,5.66,31038700,TRY
2019-09-03,5.63,5.87,5.62,5.78,39128700,TRY
2019-09-04,5.84,6.06,5.84,6.03,41754300,TRY
2019-09-05,6.05,6.09,5.94,6.0,36792640,TRY
2019-09-06,5.94,5.96,5.83,5.83,35690484,TRY
2019-09-09,5.91,6.03,5.9,5.95,36886268,TRY
2019-09-10,5.94,6.06,5.93,5.98,29753856,TRY
2019-09-11,6.01,6.14,5.99,6.03,31448828,TRY
2019-09-12,6.06,6.29,6.06,6.22,44018680,TRY
2019-09-13,6.22,6.27,6.15,6.25,27243028,TRY
2019-09-16,6.17,6.32,6.17,6.28,32398532,TRY
2019-09-17,6.25,6.27,6.03,6.11,36635400,TRY
2019-09-18,6.05,6.06,5.92,6.0,49162504,TRY
2019-09-19,6.0,6.01,5.81,5.82,38409384,TRY
2019-09-20,5.84,5.93,5.81,5.85,38379432,TRY
2019-09-23,5.87,5.9,5.76,5.79,28710432,TRY
2019-09-24,5.89,5.98,5.87,5.93,36786168,TRY
2019-09-25,5.9,6.04,5.9,6.04,39441200,TRY
2019-09-26,6.04,6.13,6.01,6.02,29111488,TRY
2019-09-27,6.05,6.49,6.05,6.35,71060472,TRY
2019-09-30,6.4,6.43,6.25,6.27,38557560,TRY
2019-10-01,6.28,6.33,6.1,6.15,35502672,TRY
2019-10-02,6.13,6.19,6.06,6.11,31635244,TRY
2019-10-03,6.14,6.22,6.01,6.07,35426008,TRY
2019-10-04,6.11,6.18,6.09,6.15,25967464,TRY
2019-10-07,6.1,6.25,6.02,6.05,48466136,TRY
2019-10-08,5.99,6.07,5.82,5.97,53573652,TRY
2019-10-09,5.99,6.03,5.8,5.81,39478392,TRY
2019-10-10,5.81,5.94,5.73,5.94,47168708,TRY
2019-10-11,5.97,6.03,5.92,5.97,22619556,TRY
2019-10-14,5.86,5.9,5.6,5.6,47581956,TRY
2019-10-15,5.76,5.8,5.65,5.7,38273428,TRY
2019-10-16,5.47,5.77,5.47,5.7,13326389,TRY
2019-10-17,5.7,5.87,5.6,5.84,4502973,TRY
2019-10-18,6.05,6.1,6.03,6.1,6578146,TRY
2019-10-21,6.06,6.06,5.91,6.01,10271262,TRY
2019-10-22,5.96,6.09,5.91,5.99,17053836,TRY
2019-10-23,6.07,6.11,6.02,6.07,20638010,TRY
2019-10-24,6.14,6.16,6.02,6.05,23161802,TRY
2019-10-25,6.03,6.08,6.02,6.02,8157978,TRY
2019-10-28,6.01,6.03,5.98,5.98,3939498,TRY
2019-10-30,5.88,5.96,5.86,5.86,14035048,TRY
2019-10-31,5.89,5.92,5.76,5.8,15644917,TRY
2019-11-01,5.81,5.86,5.75,5.86,11665692,TRY
2019-11-04,5.91,5.99,5.89,5.96,12823429,TRY
2019-11-05,5.96,5.99,5.94,5.97,11502500,TRY
2019-11-06,5.97,6.09,5.95,6.07,15353042,TRY
2019-11-07,6.17,6.23,6.15,6.21,27765856,TRY
2019-11-08,6.19,6.22,6.15,6.15,17970180,TRY
2019-11-11,6.1,6.19,6.09,6.15,14471868,TRY
2019-11-12,6.16,6.28,6.16,6.24,20781380,TRY
2019-11-13,6.24,6.28,6.22,6.28,13731419,TRY
2019-11-14,6.21,6.27,6.14,6.17,17751920,TRY
2019-11-15,6.21,6.29,6.19,6.27,19299240,TRY
2019-11-18,6.3,6.38,6.3,6.38,18381468,TRY
2019-11-19,6.36,6.41,6.33,6.41,14259770,TRY
2019-11-20,6.37,6.42,6.28,6.28,22557724,TRY
2019-11-21,6.28,6.32,6.24,6.28,11315608,TRY
2019-11-22,6.29,6.35,6.22,6.23,12384151,TRY
2019-11-25,6.28,6.3,6.02,6.07,21906196,TRY
2019-11-26,6.04,6.2,6.04,6.16,24500600,TRY
2019-11-27,6.16,6.17,6.09,6.13,10568741,TRY
2019-11-28,6.13,6.19,6.13,6.19,9609252,TRY
2019-11-29,6.21,6.25,6.14,6.15,12509719,TRY
2019-12-02,6.19,6.21,6.16,6.16,11851911,TRY
2019-12-03,6.15,6.24,6.06,6.06,15946185,TRY
2019-12-04,6.09,6.18,6.09,6.17,10732969,TRY
2019-12-05,6.21,6.27,6.18,6.25,15464467,TRY
2019-12-06,6.25,6.27,6.18,6.2,17701236,TRY
2019-12-09,6.18,6.19,6.12,6.13,11722551,TRY
2019-12-10,6.12,6.17,6.06,6.09,13514812,TRY
2019-12-11,6.08,6.12,6.05,6.05,12250704,TRY
2019-12-12,6.11,6.2,6.1,6.2,20559916,TRY
2019-12-13,6.28,6.37,6.22,6.25,46042172,TRY
2019-12-16,6.23,6.28,6.21,6.22,18789714,TRY
2019-12-17,6.24,6.28,6.14,6.15,22017652,TRY
2019-12-18,6.11,6.2,6.1,6.17,10022348,TRY
2019-12-19,6.18,6.21,6.13,6.13,9401060,TRY
2019-12-20,6.16,6.17,6.13,6.16,15370589,TRY
2019-12-23,6.16,6.19,6.14,6.19,9149311,TRY
2019-12-24,6.22,6.28,6.2,6.26,46203348,TRY
2019-12-25,6.27,6.34,6.26,6.32,22667872,TRY
2019-12-26,6.34,6.38,6.26,6.3,25897538,TRY
2019-12-27,6.34,6.34,6.25,6.27,13739645,TRY
2019-12-30,6.29,6.49,6.29,6.42,38437216,TRY
2019-12-31,6.44,6.57,6.39,6.41,33313186,TRY
