Date,Open,High,Low,Close,Volume,Currency
2011-09-22,6.6,6.69,6.32,6.41,5543860,TRY
2011-09-23,6.41,6.43,6.02,6.19,7033450,TRY
2011-09-26,6.04,6.37,5.98,6.17,4855300,TRY
2011-09-27,6.26,6.37,6.19,6.37,2255600,TRY
2011-09-28,6.32,6.65,6.32,6.52,5015040,TRY
2011-09-29,6.56,6.75,6.52,6.58,3415270,TRY
2011-09-30,6.6,6.65,6.34,6.47,3734160,TRY
2011-10-03,6.37,6.62,6.36,6.45,3662090,TRY
2011-10-04,6.39,6.47,6.22,6.22,3126990,TRY
2011-10-05,6.36,6.37,6.21,6.26,5338630,TRY
2011-10-06,6.36,6.36,6.19,6.19,1862010,TRY
2011-10-07,6.24,6.41,6.13,6.28,3114390,TRY
2011-10-10,6.37,6.47,6.34,6.47,2489700,TRY
2011-10-11,6.5,6.54,6.41,6.54,1674840,TRY
2011-10-12,6.56,6.62,6.5,6.54,3391630,TRY
2011-10-13,6.52,6.62,6.45,6.49,3457260,TRY
2011-10-14,6.49,6.58,6.43,6.52,2112000,TRY
2011-10-17,6.56,6.58,6.26,6.3,4278120,TRY
2011-10-18,6.24,6.37,6.22,6.37,2866530,TRY
2011-10-19,6.41,6.45,6.17,6.22,3833910,TRY
2011-10-20,6.15,6.15,6.02,6.07,3174310,TRY
2011-10-21,6.02,6.21,5.96,6.21,2979270,TRY
2011-10-24,6.22,6.24,5.98,6.07,3583470,TRY
2011-10-25,6.06,6.17,6.0,6.11,2551520,TRY
2011-10-26,6.11,6.19,6.0,6.13,3736910,TRY
2011-10-27,6.21,6.22,6.09,6.13,3983200,TRY
2011-10-28,6.17,6.17,6.07,6.11,3433680,TRY
2011-10-31,6.07,6.07,5.83,5.91,5340180,TRY
2011-11-01,5.79,5.83,5.53,5.53,6987300,TRY
2011-11-02,5.57,5.66,5.51,5.61,7127380,TRY
2011-11-03,5.53,5.79,5.48,5.79,8478550,TRY
2011-11-04,5.85,5.98,5.81,5.83,8062160,TRY
2011-11-10,5.64,5.76,5.63,5.68,7433360,TRY
2011-11-11,5.7,5.89,5.7,5.83,3964270,TRY
2011-11-14,5.83,5.93,5.76,5.78,2233250,TRY
2011-11-15,5.79,5.93,5.76,5.91,3559640,TRY
2011-11-16,5.85,6.02,5.85,6.0,4854540,TRY
2011-11-17,5.94,5.98,5.79,5.83,3319000,TRY
2011-11-18,5.83,5.83,5.68,5.72,2373730,TRY
2011-11-21,5.68,5.76,5.46,5.48,3231690,TRY
2011-11-22,5.57,5.72,5.27,5.46,4047020,TRY
2011-11-23,5.38,5.44,5.21,5.27,7134950,TRY
2011-11-24,5.33,5.33,4.92,4.93,5277530,TRY
2011-11-25,5.01,5.2,4.88,5.14,5521830,TRY
2011-11-28,5.16,5.36,5.16,5.25,3048990,TRY
2011-11-29,5.25,5.46,5.21,5.42,5504110,TRY
2011-11-30,5.33,5.93,5.33,5.91,5540310,TRY
2011-12-01,5.85,5.96,5.78,5.81,3719000,TRY
2011-12-02,5.81,6.11,5.81,6.0,6137230,TRY
2011-12-05,6.06,6.17,6.02,6.13,3522600,TRY
2011-12-06,6.07,6.13,5.93,6.04,3552930,TRY
2011-12-07,6.11,6.15,5.94,6.06,3404200,TRY
2011-12-08,6.13,6.13,5.74,5.79,4187430,TRY
2011-12-09,5.61,5.85,5.61,5.78,4181150,TRY
2011-12-12,5.74,5.79,5.63,5.66,2932710,TRY
2011-12-13,5.66,5.76,5.5,5.64,3773350,TRY
2011-12-14,5.61,5.7,5.44,5.48,4390360,TRY
2011-12-15,5.51,5.55,5.38,5.46,5294300,TRY
2011-12-16,5.53,5.55,5.38,5.38,3708800,TRY
2011-12-19,5.36,5.42,5.23,5.25,3549530,TRY
2011-12-20,5.29,5.46,5.23,5.46,3844320,TRY
2011-12-21,5.5,5.57,5.36,5.4,4442970,TRY
2011-12-22,5.44,5.53,5.36,5.42,3494770,TRY
2011-12-23,5.5,5.5,5.4,5.46,1995980,TRY
2012-10-31,8.2,8.46,8.12,8.42,9554455,TRY
2012-11-01,8.42,8.46,8.2,8.28,4466061,TRY
2012-11-02,8.28,8.28,8.1,8.1,2833502,TRY
2012-11-05,8.12,8.38,8.04,8.3,4946912,TRY
2012-11-06,8.28,8.28,8.18,8.26,3355160,TRY
2012-11-07,8.28,8.48,8.2,8.2,6430958,TRY
2012-11-08,8.22,8.4,8.18,8.4,2722645,TRY
2012-11-09,8.42,8.42,8.3,8.3,2526902,TRY
2012-11-12,8.34,8.42,8.28,8.4,2487199,TRY
2012-11-13,8.4,8.48,8.3,8.46,2856774,TRY
2012-11-14,8.42,8.56,8.1,8.1,3768954,TRY
2012-11-15,8.16,8.34,8.16,8.22,3019770,TRY
2012-11-16,8.26,8.3,8.14,8.16,2210141,TRY
2012-11-19,8.16,8.28,8.08,8.26,3502275,TRY
2012-11-20,8.36,8.46,8.28,8.32,3419400,TRY
2012-11-21,8.28,8.5,8.28,8.36,2273301,TRY
2012-11-22,8.38,8.48,8.28,8.28,4783436,TRY
2012-11-23,8.3,8.4,8.22,8.4,3241023,TRY
2012-11-26,8.4,8.44,8.36,8.38,2038575,TRY
2012-11-27,8.42,8.54,8.34,8.34,4463685,TRY
2012-11-28,8.38,8.4,8.18,8.18,6100032,TRY
2012-11-29,8.24,8.36,8.22,8.22,4456467,TRY
2012-11-30,8.24,8.34,8.18,8.18,7684710,TRY
2012-12-03,8.22,8.3,8.18,8.3,6596938,TRY
2012-12-04,8.28,8.6,8.26,8.56,8184480,TRY
2012-12-05,8.6,8.8,8.54,8.78,5280961,TRY
2012-12-06,8.74,8.92,8.7,8.82,3219691,TRY
2012-12-07,8.84,8.86,8.68,8.74,2870979,TRY
2012-12-10,8.8,8.86,8.7,8.86,2426949,TRY
2012-12-11,8.88,9.04,8.84,8.98,4201087,TRY
2012-12-12,9.04,9.1,8.96,9.0,3102800,TRY
2012-12-13,9.02,9.06,8.82,8.96,3087603,TRY
2012-12-14,8.9,8.96,8.74,8.74,1958093,TRY
2012-12-17,8.76,9.14,8.74,9.12,8738504,TRY
2012-12-18,9.16,9.44,9.14,9.14,4706702,TRY
2012-12-19,9.18,9.24,8.9,8.9,4699014,TRY
2012-12-20,8.9,9.1,8.9,9.02,3254430,TRY
2012-12-21,9.0,9.14,8.96,9.04,2300970,TRY
2012-12-24,9.06,9.16,9.02,9.12,731910,TRY
2012-12-25,9.14,9.18,9.06,9.06,620850,TRY
2012-12-26,9.1,9.24,9.06,9.2,1471142,TRY
2012-12-27,9.2,9.48,9.18,9.48,2859190,TRY
2012-12-28,9.52,9.54,9.36,9.5,1561812,TRY
2012-12-31,9.4,9.42,9.22,9.26,4652773,TRY
2013-01-02,9.3,9.48,9.3,9.34,3343968,TRY
2013-01-03,9.34,9.46,9.28,9.36,4601578,TRY
2013-01-04,9.38,9.58,9.36,9.54,3790875,TRY
2013-01-07,9.54,9.96,9.54,9.9,4687733,TRY
2013-01-08,9.92,10.06,9.74,9.78,6314825,TRY
2013-01-09,9.8,9.92,9.74,9.9,2990386,TRY
2013-01-10,9.94,9.98,9.76,9.9,2972160,TRY
2013-01-11,9.86,9.88,9.7,9.86,2581671,TRY
2013-01-14,9.88,9.98,9.84,9.94,3347322,TRY
2013-01-15,9.88,10.0,9.8,9.9,3562531,TRY
2013-01-16,10.0,10.2,9.96,10.15,5664096,TRY
2013-01-17,10.2,10.55,10.2,10.45,4838335,TRY
2013-01-18,10.5,10.6,10.2,10.45,3129987,TRY
2013-01-21,10.55,10.8,10.4,10.5,2107128,TRY
2013-01-22,10.45,10.55,10.15,10.3,6016166,TRY
2013-01-23,10.35,10.4,10.1,10.2,3401901,TRY
2013-01-24,10.2,10.35,10.1,10.25,3321133,TRY
2013-01-25,10.35,10.35,9.95,10.0,5089843,TRY
2013-01-28,10.0,10.05,9.64,9.74,5475362,TRY
2013-01-29,9.76,9.82,9.54,9.82,5435913,TRY
2013-01-30,9.86,9.9,9.42,9.46,4298468,TRY
2013-01-31,9.48,9.52,9.18,9.18,5170130,TRY
2013-02-01,9.24,9.46,9.2,9.46,3470006,TRY
2013-02-04,9.18,9.48,9.12,9.44,4177351,TRY
2013-02-05,9.42,9.66,9.4,9.64,3905980,TRY
2013-02-06,9.66,9.72,9.4,9.52,4578134,TRY
2013-02-07,9.44,9.56,9.18,9.22,3017196,TRY
2013-02-08,9.22,9.22,8.98,9.1,5299017,TRY
2013-02-11,9.12,9.14,8.86,8.88,4274973,TRY
2013-02-12,8.9,9.16,8.9,9.04,2809868,TRY
2013-02-13,9.06,9.24,9.0,9.02,3582825,TRY
2013-02-14,9.04,9.06,8.78,8.94,3778528,TRY
2013-02-15,8.94,9.14,8.9,9.04,3976635,TRY
2013-02-18,9.1,9.1,8.98,9.04,1982369,TRY
2013-02-19,9.06,9.08,8.88,9.02,3604838,TRY
2013-02-20,9.06,9.42,9.0,9.42,5312648,TRY
2013-02-21,9.28,9.38,9.2,9.22,2945298,TRY
2013-02-22,9.22,9.44,9.1,9.22,6792658,TRY
2013-02-25,9.12,9.14,8.9,9.12,4992626,TRY
2013-02-26,8.98,9.22,8.96,9.14,3385430,TRY
2014-04-28,9.25,9.26,9.1,9.2,2035305,TRY
2014-04-29,9.27,9.36,9.2,9.25,2460965,TRY
2014-04-30,9.15,9.47,9.15,9.28,4924439,TRY
2014-05-02,9.35,9.71,9.35,9.5,3417034,TRY
2014-05-05,9.53,9.69,9.42,9.61,2830400,TRY
2014-05-06,9.63,9.78,9.63,9.68,2870838,TRY
2014-05-07,9.65,9.74,9.57,9.64,2915352,TRY
2014-05-08,9.71,9.78,9.57,9.65,4759246,TRY
2014-05-09,9.7,9.7,9.53,9.65,2064509,TRY
2014-05-12,9.72,9.8,9.69,9.79,2464895,TRY
2014-05-13,9.88,9.94,9.74,9.74,3829965,TRY
2014-05-14,9.83,9.99,9.74,9.84,3070180,TRY
2014-05-15,9.84,9.84,9.55,9.55,4273119,TRY
2014-05-16,9.58,9.6,9.43,9.51,2872101,TRY
2014-05-20,9.6,9.6,9.49,9.53,2138592,TRY
2014-05-21,9.55,9.68,9.54,9.64,3708999,TRY
2014-05-22,9.69,9.83,9.66,9.77,3995115,TRY
2014-05-23,9.8,9.86,9.72,9.76,3593911,TRY
2014-05-26,9.76,9.86,9.76,9.78,2021717,TRY
2014-05-27,9.79,9.83,9.73,9.76,1955525,TRY
2014-05-28,9.79,10.14,9.73,9.89,4201760,TRY
2014-05-29,10.04,10.29,10.04,10.19,3297202,TRY
2014-05-30,10.19,10.43,10.04,10.19,4124380,TRY
2014-06-02,10.29,10.43,10.19,10.24,2688371,TRY
2014-06-03,10.24,10.34,10.04,10.04,6061997,TRY
2014-06-04,9.94,10.29,9.94,10.19,3447045,TRY
2014-06-05,10.29,10.53,10.14,10.24,3585737,TRY
2014-06-06,10.34,10.48,10.24,10.38,2852127,TRY
2014-06-09,10.43,10.83,10.38,10.38,4117097,TRY
2014-06-10,10.43,10.73,10.34,10.68,4801176,TRY
2014-06-11,10.63,10.68,10.19,10.38,6172312,TRY
2014-06-12,10.24,10.38,10.09,10.29,6277468,TRY
2014-06-13,10.24,10.43,10.09,10.24,3585860,TRY
2014-06-16,10.09,10.24,10.04,10.14,2885706,TRY
2014-06-17,10.19,10.34,10.04,10.04,5357550,TRY
2014-06-18,10.09,10.24,10.04,10.24,2324275,TRY
2014-06-19,10.43,10.48,10.24,10.24,4062104,TRY
2014-06-20,10.19,10.34,10.19,10.19,1732659,TRY
2014-06-23,10.29,10.43,10.24,10.34,1718665,TRY
2014-06-24,10.38,10.58,10.29,10.43,3305862,TRY
2014-06-25,10.43,10.43,10.24,10.29,2136161,TRY
2014-06-26,10.38,10.48,10.09,10.24,2587546,TRY
2014-06-27,10.24,10.34,10.14,10.14,1672178,TRY
2014-06-30,10.19,10.34,10.19,10.24,2494175,TRY
2014-07-01,10.19,10.29,9.99,10.04,2354893,TRY
2014-07-02,10.09,10.14,9.84,10.14,3448503,TRY
2014-07-03,10.14,10.14,9.89,10.04,4043556,TRY
2014-07-04,10.04,10.14,9.99,10.04,1365828,TRY
2014-07-07,9.94,10.34,9.94,10.24,3553856,TRY
2014-07-08,10.29,10.43,10.24,10.34,3208095,TRY
2014-07-09,10.34,10.43,10.29,10.34,2368643,TRY
2014-07-10,10.34,10.38,10.14,10.24,2960071,TRY
2014-07-11,10.29,10.38,10.19,10.29,1666740,TRY
2014-07-14,10.34,10.48,10.29,10.43,4228106,TRY
2014-07-15,10.48,10.58,10.43,10.53,3034141,TRY
2014-07-16,10.58,10.78,10.53,10.68,4747877,TRY
2014-07-17,10.73,10.88,10.53,10.68,3499737,TRY
2014-07-18,10.53,10.78,10.53,10.73,2422997,TRY
2014-07-21,10.78,10.88,10.68,10.78,1950278,TRY
2014-07-22,10.83,10.97,10.73,10.78,3781909,TRY
2014-07-23,10.83,10.97,10.83,10.93,2187130,TRY
2014-07-24,11.02,11.12,10.88,10.97,4452295,TRY
2014-07-25,11.02,11.22,10.88,11.12,4179053,TRY
2014-07-31,11.17,11.32,10.97,11.07,6350498,TRY
2014-08-01,11.17,11.17,10.78,10.97,4590624,TRY
2014-08-04,11.02,11.22,10.97,10.97,3131976,TRY
2014-08-05,11.07,11.17,10.83,10.88,5438905,TRY
2014-08-06,10.78,10.88,10.63,10.78,7941984,TRY
2014-08-07,11.07,11.07,10.38,10.68,7662539,TRY
2014-08-08,10.58,10.78,10.43,10.63,4575499,TRY
2014-08-11,10.78,10.88,10.34,10.43,5917841,TRY
2014-08-12,10.38,10.58,10.29,10.48,5759442,TRY
2014-08-13,10.53,10.63,10.29,10.38,6798171,TRY
2014-08-14,10.38,10.58,10.19,10.29,6992622,TRY
2014-08-15,10.34,10.48,10.19,10.19,4910606,TRY
2014-08-18,10.24,10.38,10.09,10.29,2925297,TRY
2014-08-19,10.34,10.73,10.29,10.58,5355854,TRY
2014-08-20,10.63,10.73,10.53,10.58,4874116,TRY
2015-02-27,11.86,11.96,11.32,11.52,7759469,TRY
2015-03-02,11.52,11.61,11.32,11.57,5262663,TRY
2015-03-03,11.57,11.61,11.37,11.47,3761614,TRY
2015-03-04,11.47,11.52,11.12,11.17,4302980,TRY
2015-03-05,11.07,11.22,10.88,11.07,6206763,TRY
2015-03-06,11.27,11.52,11.02,11.17,9115684,TRY
2015-03-09,11.32,11.52,11.22,11.27,4167962,TRY
2015-03-10,11.27,11.32,10.93,10.97,6428705,TRY
2015-03-11,10.97,11.17,10.68,10.83,7354746,TRY
2015-03-12,11.02,11.02,10.53,10.58,8586712,TRY
2015-03-13,10.63,10.93,10.38,10.53,13049486,TRY
2015-03-16,10.73,10.88,10.58,10.83,4601931,TRY
2015-03-17,10.88,11.02,10.78,11.02,3645596,TRY
2015-03-18,10.97,11.07,10.83,11.02,3773720,TRY
2015-03-19,11.27,11.32,11.07,11.17,5451883,TRY
2015-03-20,11.22,11.57,11.07,11.57,6267126,TRY
2015-03-23,11.66,11.96,11.61,11.81,16650671,TRY
2015-03-24,11.86,12.01,11.71,11.81,9702620,TRY
2015-03-25,11.86,12.25,11.76,12.01,8411491,TRY
2015-03-26,11.81,12.06,11.71,11.91,7936241,TRY
2015-03-27,11.81,11.86,11.57,11.61,9561405,TRY
2015-03-30,11.66,11.81,11.61,11.81,6020550,TRY
2015-03-31,11.76,11.91,11.52,11.66,7198845,TRY
2015-04-01,11.71,11.76,11.57,11.66,5604147,TRY
2015-04-02,11.66,11.96,11.66,11.91,4367564,TRY
2015-04-03,11.96,12.16,11.86,12.16,2496604,TRY
2015-04-06,12.16,12.5,12.11,12.35,4365064,TRY
2015-04-07,12.4,12.55,12.3,12.35,6925871,TRY
2015-04-08,12.4,12.5,12.3,12.35,4894137,TRY
2015-04-09,12.3,12.45,12.2,12.4,4473581,TRY
2015-04-10,12.35,12.5,12.25,12.35,3932949,TRY
2015-04-13,12.4,12.4,12.2,12.2,6212448,TRY
2015-04-14,12.15,12.2,12.05,12.15,7736499,TRY
2015-04-15,12.05,12.15,11.95,11.95,6481058,TRY
2015-04-16,12.05,12.35,12.05,12.2,7069495,TRY
2015-04-17,12.25,12.35,12.1,12.1,3259835,TRY
2015-04-20,12.15,12.25,12.1,12.15,2869366,TRY
2015-04-21,12.1,12.3,12.0,12.25,7858514,TRY
2015-04-22,12.25,12.4,12.2,12.35,4109395,TRY
2015-04-24,12.35,12.85,12.3,12.75,4601077,TRY
2015-04-27,12.85,12.9,12.65,12.75,3621564,TRY
2015-04-28,12.8,12.9,12.7,12.9,3631502,TRY
2015-04-29,12.85,13.0,12.8,12.85,2989131,TRY
2015-04-30,12.9,12.95,12.5,12.65,6981665,TRY
2015-05-04,12.55,12.6,12.35,12.45,5159000,TRY
2015-05-05,12.45,12.5,12.2,12.25,4370949,TRY
2015-05-06,12.3,12.3,12.05,12.05,3934362,TRY
2015-05-07,12.05,12.15,11.85,11.9,7655176,TRY
2015-05-08,11.9,12.15,11.65,12.05,8347239,TRY
2015-05-11,11.95,12.3,11.95,12.25,6365074,TRY
2015-05-12,12.2,12.45,12.1,12.4,5536418,TRY
2015-05-13,12.45,12.7,12.35,12.6,5126798,TRY
2015-05-14,12.55,12.75,12.5,12.7,6841226,TRY
2015-05-15,12.7,12.8,12.55,12.6,4871185,TRY
2015-05-18,12.6,12.75,12.5,12.65,5261270,TRY
2015-05-20,12.65,12.7,12.45,12.7,6118643,TRY
2015-05-21,12.7,12.9,12.6,12.65,4999661,TRY
2015-05-22,12.65,12.65,12.4,12.5,3825917,TRY
2015-05-25,12.45,12.55,12.25,12.3,2553471,TRY
2015-05-26,12.3,12.5,12.25,12.25,2406161,TRY
2015-05-27,12.35,12.35,11.95,12.25,5876028,TRY
2015-05-28,12.2,12.3,12.0,12.05,3388716,TRY
2015-05-29,12.05,12.45,11.8,11.9,7054392,TRY
2015-06-01,11.85,11.9,11.65,11.7,3651170,TRY
2015-06-02,11.75,11.85,11.65,11.75,3150276,TRY
2015-06-03,11.75,12.35,11.7,12.25,9349948,TRY
2015-06-04,12.15,12.4,12.1,12.2,6760027,TRY
2015-06-05,12.15,12.35,12.1,12.15,4356764,TRY
2015-06-08,10.8,11.47,10.7,11.37,4655592,TRY
2015-06-09,11.42,11.52,11.32,11.42,3833348,TRY
2015-06-10,11.52,11.66,11.42,11.56,4850987,TRY
2015-06-11,11.61,11.66,11.42,11.61,3533132,TRY
2015-06-12,11.61,11.71,11.52,11.56,2298675,TRY
2015-06-15,11.61,11.61,11.42,11.56,2172505,TRY
2015-06-16,11.56,11.71,11.47,11.56,3783921,TRY
2015-06-17,11.56,11.61,11.47,11.52,3379114,TRY
2015-06-18,11.66,11.8,11.56,11.71,2274249,TRY
2015-06-19,11.71,11.9,11.61,11.76,2927078,TRY
2015-06-22,11.85,12.0,11.76,11.95,2511524,TRY
2015-06-23,12.0,12.09,11.9,12.0,2657101,TRY
2015-06-24,12.0,12.14,12.0,12.04,2166465,TRY
2015-06-25,12.04,12.14,11.85,11.95,4479682,TRY
2015-06-26,11.95,12.0,11.85,11.9,2027276,TRY
2015-06-29,11.76,11.85,11.66,11.8,1690901,TRY
2015-06-30,11.76,12.04,11.76,11.9,4107876,TRY
2015-07-01,11.9,12.0,11.85,11.85,1739436,TRY
2015-07-02,11.8,11.85,11.66,11.66,2418952,TRY
2015-07-03,11.71,11.76,11.56,11.71,1514178,TRY
2015-07-06,11.66,11.8,11.66,11.76,1539042,TRY
2015-07-07,11.76,11.8,11.61,11.61,1352860,TRY
2015-07-08,11.61,11.61,11.37,11.42,3312745,TRY
2015-07-09,11.47,11.8,11.47,11.8,2821268,TRY
2015-07-10,11.95,12.04,11.8,11.85,2890754,TRY
2015-07-13,11.9,12.0,11.8,11.95,1946159,TRY
2015-07-14,12.0,12.09,11.95,12.0,3650836,TRY
2015-07-15,12.04,12.09,11.8,11.8,2458425,TRY
2015-07-16,11.85,12.09,11.8,12.0,1664680,TRY
2015-07-20,12.0,12.0,11.8,11.9,2502207,TRY
2015-07-21,12.0,12.04,11.8,11.95,3367602,TRY
2015-07-22,12.0,12.09,11.76,12.04,3737366,TRY
2015-07-23,12.04,12.09,11.61,11.71,6631355,TRY
2015-07-24,11.56,11.76,11.52,11.71,3828152,TRY
2015-07-27,11.71,11.76,11.42,11.47,3434095,TRY
2015-07-28,11.52,11.71,11.52,11.52,3443536,TRY
2015-07-29,11.56,11.61,11.32,11.52,4049472,TRY
2015-07-30,11.42,11.61,11.42,11.52,1914787,TRY
2015-07-31,11.56,11.9,11.52,11.8,5304766,TRY
2015-08-03,11.8,11.85,11.47,11.52,3366867,TRY
2015-08-04,11.56,11.61,11.42,11.56,2654782,TRY
2015-08-05,11.52,11.56,11.42,11.47,3050502,TRY
2015-08-06,11.47,11.56,11.42,11.47,2088595,TRY
2015-08-07,11.52,11.52,11.32,11.42,1871747,TRY
2015-08-10,11.42,11.52,11.18,11.42,4277416,TRY
2015-08-11,11.52,11.85,11.52,11.8,4606563,TRY
2015-08-12,11.66,11.76,11.42,11.42,3638055,TRY
2015-08-13,11.42,11.47,11.08,11.47,3311549,TRY
2015-08-14,11.37,11.61,11.32,11.52,3540330,TRY
2015-08-17,11.47,11.52,11.18,11.28,4010628,TRY
2015-08-18,11.18,11.32,11.13,11.13,2933561,TRY
2015-08-19,11.18,11.28,10.94,10.99,3639277,TRY
2015-08-20,10.94,10.94,10.6,10.89,4734128,TRY
2015-08-21,10.84,10.84,10.56,10.65,3097966,TRY
2015-08-24,10.51,10.51,9.98,10.46,2473399,TRY
2015-08-25,10.56,10.84,10.56,10.84,4591628,TRY
2015-08-26,10.8,10.8,10.65,10.75,3797376,TRY
2015-08-27,10.84,10.94,10.7,10.8,3936137,TRY
2015-08-28,10.84,10.89,10.56,10.65,2755592,TRY
2015-08-31,10.65,10.94,10.6,10.89,3439848,TRY
2015-09-01,10.8,10.89,10.56,10.6,4807205,TRY
2015-09-02,10.65,10.84,10.65,10.75,2495159,TRY
2015-09-03,10.84,11.04,10.75,10.99,8860841,TRY
2015-09-04,10.89,10.99,10.65,10.65,3898920,TRY
2015-09-07,10.56,10.6,10.46,10.56,3395842,TRY
2015-09-08,10.6,10.75,10.51,10.56,4202803,TRY
2015-09-09,10.7,10.8,10.6,10.6,3467871,TRY
2015-09-10,10.56,10.7,10.41,10.6,4068016,TRY
2015-09-11,10.6,10.65,10.46,10.56,2665129,TRY
2015-09-14,10.56,10.65,10.51,10.65,2543915,TRY
2015-09-15,10.7,10.99,10.56,10.99,3935610,TRY
2015-09-16,10.99,11.23,10.94,11.13,2709626,TRY
2015-09-17,11.08,11.47,11.04,11.47,4103265,TRY
2015-09-18,11.42,11.42,11.18,11.42,3869565,TRY
2015-09-21,11.37,11.66,11.28,11.52,3390520,TRY
2015-09-22,11.56,11.56,11.04,11.13,3952767,TRY
2015-09-23,11.13,11.18,11.08,11.13,1391792,TRY
2015-09-28,11.18,11.28,10.94,10.99,4928433,TRY
2015-09-29,10.94,11.23,10.89,11.23,5360412,TRY
2015-09-30,11.32,11.32,11.13,11.32,4032444,TRY
2015-10-01,11.37,11.37,11.23,11.28,2757323,TRY
2015-10-02,11.28,11.37,11.08,11.28,3640994,TRY
2015-10-05,11.37,11.76,11.37,11.76,4045360,TRY
2015-10-06,11.76,11.9,11.66,11.76,3421549,TRY
2015-10-07,11.85,11.95,11.76,11.95,6266618,TRY
2015-10-08,11.9,12.38,11.85,12.19,6682958,TRY
2015-10-09,12.24,12.24,11.95,12.0,5156575,TRY
2015-10-12,11.9,12.19,11.9,12.19,3200534,TRY
2015-10-13,12.19,12.28,12.04,12.28,6873236,TRY
2015-10-14,12.28,12.33,12.14,12.19,4887794,TRY
2015-10-15,12.28,12.33,12.14,12.14,2996912,TRY
2015-10-16,12.14,12.14,11.95,12.14,2952282,TRY
2015-10-19,12.14,12.48,12.14,12.43,4100782,TRY
2015-10-20,12.43,12.67,12.43,12.62,5505966,TRY
2015-10-21,12.62,12.67,12.43,12.57,4938423,TRY
2015-10-22,12.57,12.81,12.57,12.67,5631957,TRY
2015-10-23,12.76,12.76,12.62,12.62,2917656,TRY
2015-10-26,12.62,12.67,12.43,12.52,3850547,TRY
2015-10-27,12.52,12.62,12.33,12.48,4017183,TRY
2015-10-28,12.43,12.48,12.28,12.33,2754550,TRY
2015-10-30,12.28,12.67,12.24,12.67,6318855,TRY
2015-11-02,13.15,13.24,13.0,13.15,7562858,TRY
2015-11-03,13.15,13.24,13.05,13.1,5490491,TRY
2015-11-04,13.15,13.24,12.96,13.15,8312385,TRY
2015-11-05,13.15,13.2,13.05,13.05,5958990,TRY
2015-11-06,13.0,13.1,12.81,12.86,3749222,TRY
2015-11-09,12.86,12.86,12.62,12.67,6484170,TRY
2015-11-10,12.72,12.76,12.43,12.43,6446005,TRY
2015-11-11,12.52,12.62,12.43,12.48,6873532,TRY
2015-11-12,12.57,12.57,12.38,12.48,4647056,TRY
2015-11-13,12.48,12.52,12.38,12.43,5285027,TRY
2015-11-16,12.38,12.43,12.28,12.43,4478341,TRY
2015-11-17,12.48,12.52,12.33,12.33,9334165,TRY
2015-11-18,12.33,12.43,12.28,12.33,7851506,TRY
2015-11-19,12.38,12.38,12.28,12.33,5978278,TRY
2015-11-20,12.28,12.38,12.19,12.19,7297335,TRY
2015-11-23,12.19,12.33,12.19,12.24,5574410,TRY
2015-11-24,12.24,12.24,11.56,11.76,12230974,TRY
2015-11-25,11.76,11.76,11.32,11.47,17098894,TRY
2015-11-26,11.42,11.52,11.28,11.28,5478651,TRY
2015-11-27,11.28,11.56,11.28,11.52,8763525,TRY
2015-11-30,11.52,11.65,11.32,11.51,4934892,TRY
2015-12-01,11.54,11.74,11.47,11.61,8104579,TRY
2015-12-02,11.71,11.81,11.5,11.55,9353088,TRY
2015-12-03,11.58,11.78,11.5,11.55,4742244,TRY
2015-12-04,11.58,11.59,11.19,11.33,5852916,TRY
2015-12-07,11.38,11.45,11.24,11.38,3446720,TRY
2015-12-08,11.3,11.41,11.07,11.1,3477257,TRY
2015-12-09,11.13,11.4,11.06,11.31,3982278,TRY
2015-12-10,11.31,11.54,10.9,11.03,6556713,TRY
2015-12-11,11.03,11.03,10.67,10.7,4896151,TRY
2015-12-14,10.79,11.08,10.59,10.62,3398188,TRY
2015-12-15,10.72,11.01,10.67,10.91,5939824,TRY
2015-12-16,10.88,10.88,10.74,10.81,5809329,TRY
2015-12-17,10.87,11.28,10.87,11.14,6365149,TRY
2015-12-18,11.08,11.2,10.91,10.94,3304030,TRY
2015-12-21,11.01,11.17,10.99,11.08,2555066,TRY
2015-12-22,11.08,11.13,10.78,10.94,3124969,TRY
2015-12-23,10.98,11.21,10.98,11.06,3912570,TRY
2015-12-24,11.09,11.14,10.96,11.06,1772205,TRY
2015-12-25,11.06,11.11,10.97,11.07,682287,TRY
2015-12-28,11.07,11.16,11.0,11.03,1628670,TRY
2015-12-29,11.05,11.05,10.85,10.95,1688355,TRY
2015-12-30,10.94,10.95,10.8,10.86,991438,TRY
2015-12-31,10.85,10.9,10.36,10.49,2916797,TRY
2016-01-04,10.3,10.46,10.11,10.28,2800808,TRY
2016-01-05,10.35,10.64,10.2,10.62,4116327,TRY
2016-01-06,10.54,10.76,10.44,10.6,5934962,TRY
2016-01-07,10.36,10.75,10.36,10.67,4466779,TRY
2016-01-08,10.72,10.83,10.39,10.44,3306389,TRY
2016-01-11,10.4,10.75,10.34,10.55,3925465,TRY
2016-01-12,10.59,10.98,10.49,10.87,5359873,TRY
2016-01-13,10.94,11.09,10.82,10.94,4846386,TRY
2016-01-14,10.83,11.01,10.72,10.9,3465793,TRY
2016-01-15,10.86,10.89,10.64,10.8,3631947,TRY
2016-01-18,10.89,10.98,10.77,10.87,2384963,TRY
2016-01-19,10.95,11.03,10.86,10.92,3289302,TRY
2016-01-20,10.82,10.97,10.81,10.81,3468574,TRY
2016-01-21,10.83,10.83,10.25,10.53,7584250,TRY
2016-01-22,10.75,10.83,10.59,10.75,4982019,TRY
2016-01-25,10.84,10.94,10.71,10.79,4664698,TRY
2016-01-26,10.69,10.98,10.67,10.93,4526990,TRY
2016-01-27,10.95,11.04,10.87,11.04,3891887,TRY
2016-01-28,11.06,11.2,11.01,11.08,6500452,TRY
2016-01-29,11.18,11.46,11.14,11.34,12238621,TRY
2016-02-01,11.3,11.45,11.1,11.45,5056266,TRY
2016-02-02,11.43,11.53,11.24,11.25,4241923,TRY
2016-02-03,11.17,11.49,11.15,11.38,5323587,TRY
2016-02-04,11.53,11.56,11.39,11.52,11395184,TRY
2016-02-05,11.56,11.59,11.45,11.5,4139187,TRY
2016-02-08,11.54,11.56,11.2,11.2,2954986,TRY
2016-02-09,11.12,11.18,10.83,11.08,3978096,TRY
2016-02-10,11.06,11.22,10.88,11.09,2736903,TRY
2016-02-11,10.97,11.18,10.79,11.11,3311926,TRY
2016-02-12,11.17,11.28,10.97,11.05,3787265,TRY
2016-02-15,11.22,11.28,10.83,11.2,3971482,TRY
2016-02-16,11.34,11.4,11.11,11.12,3311419,TRY
2016-02-17,11.17,11.38,11.08,11.37,3554821,TRY
2016-02-18,11.38,11.53,11.28,11.53,5672784,TRY
2016-02-19,11.52,11.54,11.28,11.39,2435498,TRY
2016-02-22,11.52,11.8,11.47,11.8,2943652,TRY
2016-02-23,11.76,12.0,11.72,11.89,3272217,TRY
2016-02-24,11.98,11.98,11.63,11.71,3686094,TRY
2016-02-25,11.8,12.45,11.79,12.29,6859767,TRY
2016-02-26,12.44,12.47,12.11,12.12,4390880,TRY
2016-02-29,12.16,12.5,12.1,12.42,5450261,TRY
2016-03-01,12.36,12.43,12.19,12.28,3986584,TRY
2016-03-02,12.38,12.52,12.33,12.47,5614903,TRY
2016-03-03,12.51,12.83,12.49,12.58,6137365,TRY
2016-03-04,12.58,12.7,12.38,12.57,4415287,TRY
2016-03-07,12.63,12.72,12.43,12.53,4829893,TRY
2016-03-08,12.48,12.7,12.46,12.64,3298572,TRY
2016-03-09,12.59,12.93,12.55,12.91,4538155,TRY
2016-03-10,12.9,13.15,12.89,13.06,6067621,TRY
2016-03-11,13.1,13.12,12.83,12.94,3001423,TRY
2016-03-14,12.97,13.21,12.92,13.21,3462233,TRY
2016-03-15,13.2,13.21,13.02,13.04,4496711,TRY
2016-03-16,13.09,13.15,12.85,13.07,4033970,TRY
2016-03-17,13.2,13.51,13.15,13.48,4841106,TRY
2016-03-18,13.48,14.01,13.37,13.93,6211947,TRY
2016-03-21,13.98,14.1,13.76,13.99,5856140,TRY
2016-03-22,13.96,13.96,13.68,13.78,5544978,TRY
2016-03-23,13.72,13.89,13.24,13.42,7583396,TRY
2016-03-24,13.53,13.74,13.3,13.69,6079911,TRY
2016-03-25,13.67,13.72,13.59,13.68,615878,TRY
2016-03-28,13.67,13.84,13.6,13.76,829769,TRY
2016-03-29,13.82,13.92,13.7,13.78,2952460,TRY
2016-03-30,13.88,13.99,13.83,13.95,4216106,TRY
2016-03-31,13.92,13.95,13.65,13.73,4754114,TRY
2016-04-01,13.66,13.77,13.51,13.65,3082850,TRY
2016-04-04,13.66,14.0,13.65,13.99,2577251,TRY
2016-04-05,13.92,13.93,13.78,13.83,2195970,TRY
2016-04-06,13.87,13.92,13.58,13.67,3166498,TRY
2016-04-07,13.77,13.8,13.53,13.58,4738355,TRY
2016-04-08,13.53,13.68,13.37,13.64,5018749,TRY
2016-04-11,13.64,13.77,13.55,13.73,6407965,TRY
2016-04-12,13.76,14.01,13.73,13.94,3346716,TRY
2016-04-13,13.96,14.41,13.89,14.33,10581325,TRY
2016-04-14,14.32,14.7,14.23,14.5,5237769,TRY
2016-04-15,14.29,14.38,13.91,14.08,2680589,TRY
2016-04-18,14.03,14.19,13.97,14.17,3458575,TRY
2016-04-19,14.2,14.34,14.1,14.28,3390770,TRY
2016-04-20,14.23,14.38,14.12,14.28,4331055,TRY
2016-04-21,14.3,14.47,14.21,14.45,3755311,TRY
2016-04-22,14.45,14.58,14.38,14.52,3891713,TRY
2016-04-25,14.51,14.55,14.24,14.24,3476895,TRY
2016-04-26,14.26,14.47,14.26,14.37,3683532,TRY
2016-04-27,14.35,14.46,14.13,14.17,3976261,TRY
2016-04-28,14.17,14.23,13.96,14.01,4039977,TRY
2016-04-29,13.99,14.14,13.93,14.03,4531388,TRY
2016-05-02,14.05,14.07,13.89,13.89,1693538,TRY
2016-05-03,13.93,13.96,13.38,13.42,5024616,TRY
2016-05-04,13.43,13.43,12.91,13.03,6797637,TRY
2016-05-05,12.78,13.09,12.65,12.82,9447255,TRY
2016-05-06,12.81,12.81,12.34,12.57,5278886,TRY
2016-05-09,12.72,12.8,12.56,12.59,4169297,TRY
2016-05-10,12.59,12.71,12.49,12.63,2664444,TRY
2016-05-11,12.62,12.68,12.26,12.65,5537746,TRY
2016-05-12,12.64,12.8,12.45,12.48,3642717,TRY
2016-05-13,12.42,12.56,12.18,12.26,2464700,TRY
2016-05-16,12.33,12.35,12.04,12.18,2919250,TRY
2016-05-17,12.29,12.37,12.12,12.23,7304344,TRY
2016-05-18,12.18,12.26,12.06,12.23,3646670,TRY
2016-05-20,12.18,12.26,11.93,12.09,5493633,TRY
2016-05-23,12.08,12.11,11.98,12.04,2188652,TRY
2016-05-24,12.03,12.9,12.01,12.85,8385985,TRY
2016-05-25,12.87,13.1,12.79,12.87,6400567,TRY
2016-05-26,12.85,12.89,12.65,12.79,3606086,TRY
2016-05-27,12.75,12.82,12.57,12.79,4005705,TRY
2016-05-30,12.84,12.93,12.69,12.88,3021613,TRY
2016-05-31,12.93,13.03,12.46,12.57,6732972,TRY
2016-06-01,12.6,12.65,12.34,12.44,3529984,TRY
2016-06-02,12.47,12.53,12.19,12.19,4131605,TRY
2016-06-03,12.23,12.67,12.2,12.66,8935085,TRY
2016-06-06,12.74,12.84,12.63,12.66,2039463,TRY
2016-06-07,12.74,13.05,12.7,12.72,4863732,TRY
2016-06-08,12.76,12.9,12.68,12.79,3725796,TRY
2016-06-09,12.79,12.86,12.38,12.39,3563066,TRY
2016-06-10,12.39,12.53,12.24,12.3,2202627,TRY
2016-06-13,12.21,12.56,12.15,12.56,2748771,TRY
2016-06-14,12.47,12.55,12.16,12.16,5048437,TRY
2016-06-15,12.24,12.36,12.2,12.29,2907112,TRY
2016-06-16,12.18,12.36,12.02,12.02,2572677,TRY
2016-06-17,12.12,12.49,12.09,12.47,5005745,TRY
2016-06-20,12.6,12.93,12.6,12.85,4349372,TRY
2016-06-21,12.85,12.91,12.67,12.78,2526606,TRY
2016-06-22,12.77,12.87,12.58,12.66,2380784,TRY
2016-06-23,12.71,12.8,12.57,12.69,2196375,TRY
2016-06-24,12.0,12.35,11.89,12.01,5818831,TRY
2016-06-27,12.01,12.14,11.96,12.08,4098328,TRY
2016-06-28,12.18,12.62,12.18,12.6,4366828,TRY
2016-06-29,12.55,12.75,12.47,12.59,2763592,TRY
2016-06-30,12.66,12.75,12.46,12.58,3242134,TRY
2016-07-01,12.58,12.75,12.58,12.75,2558219,TRY
2016-07-04,12.79,12.94,12.57,12.72,347043,TRY
2016-07-08,12.67,13.02,12.6,12.99,3297397,TRY
2016-07-11,13.04,13.18,12.85,13.14,3412749,TRY
2016-07-12,13.18,13.32,13.16,13.32,2731554,TRY
2016-07-13,13.25,13.31,13.14,13.28,3419980,TRY
2016-07-14,13.34,13.56,13.3,13.56,4232241,TRY
2016-07-15,13.48,13.58,13.39,13.58,3447845,TRY
2016-07-18,13.33,13.52,12.54,12.76,6482377,TRY
2016-07-19,12.71,13.22,12.68,12.75,5444392,TRY
2016-07-20,12.78,12.84,12.33,12.44,4718151,TRY
2016-07-21,12.42,12.47,11.57,11.59,9437839,TRY
2016-07-22,11.78,11.78,11.01,11.34,13442236,TRY
2016-07-25,11.46,11.7,11.42,11.68,9486397,TRY
2016-07-26,11.76,11.79,11.57,11.75,5430206,TRY
2016-07-27,11.76,12.03,11.76,12.01,3890140,TRY
2016-07-28,12.06,12.36,12.0,12.04,3819660,TRY
2016-07-29,12.01,12.27,11.97,12.27,4600790,TRY
2016-08-01,12.34,12.63,12.34,12.56,4598198,TRY
2016-08-02,12.54,12.62,12.26,12.28,3326353,TRY
2016-08-03,12.23,12.28,12.03,12.05,3438998,TRY
2016-08-04,12.08,12.48,11.95,12.48,2708749,TRY
2016-08-05,12.48,12.56,12.23,12.33,2826331,TRY
2016-08-08,12.61,12.61,12.43,12.59,2685186,TRY
2016-08-09,12.61,12.79,12.5,12.66,4900041,TRY
2016-08-10,12.66,12.84,12.57,12.84,3163369,TRY
2016-08-11,12.94,13.09,12.8,13.06,3396759,TRY
2016-08-12,13.32,13.32,12.8,12.83,3863625,TRY
2016-08-15,12.99,13.08,12.75,12.86,1626676,TRY
2016-08-16,12.91,12.99,12.77,12.84,2272331,TRY
2016-08-17,12.85,13.08,12.85,13.02,2428448,TRY
2016-08-18,13.11,13.2,12.99,13.05,2579551,TRY
2016-08-19,13.02,13.08,12.83,13.02,2316502,TRY
2016-08-22,13.13,13.13,12.85,12.94,2345144,TRY
2016-08-23,13.03,13.08,12.85,12.91,2166376,TRY
2016-08-24,12.73,12.73,12.48,12.61,3672855,TRY
2016-08-25,12.75,12.75,12.59,12.71,2336018,TRY
2016-08-26,12.7,12.74,12.47,12.61,2600726,TRY
2016-08-29,12.59,12.59,12.34,12.45,2150042,TRY
2016-08-31,12.38,12.49,12.28,12.31,3817243,TRY
2016-09-01,12.33,12.37,12.05,12.12,5005502,TRY
2016-09-02,12.18,12.34,12.12,12.32,3218859,TRY
2016-09-05,12.42,12.45,12.33,12.4,3398272,TRY
2016-09-06,12.42,12.47,12.36,12.42,3041171,TRY
2016-09-07,12.47,12.47,12.2,12.33,4186676,TRY
2016-09-08,12.33,12.4,12.25,12.37,2244720,TRY
2016-09-09,12.33,12.47,12.3,12.32,2627263,TRY
2016-09-16,12.35,12.36,12.14,12.23,4640485,TRY
2016-09-19,12.27,12.54,12.21,12.49,4131675,TRY
2016-09-20,12.54,12.54,12.29,12.33,2635660,TRY
2016-09-21,12.33,12.47,12.28,12.47,3733449,TRY
2016-09-22,12.58,13.06,12.56,12.97,5853427,TRY
2016-09-23,12.9,13.12,12.9,13.09,4918010,TRY
2016-09-26,12.51,12.69,12.45,12.6,4117485,TRY
2016-09-27,12.52,12.67,12.46,12.51,2409719,TRY
2016-09-28,12.51,12.58,12.46,12.56,3347061,TRY
2016-09-29,12.56,12.59,12.4,12.49,2980573,TRY
2016-09-30,12.45,12.46,12.33,12.36,3242860,TRY
2016-10-03,12.4,12.5,12.33,12.35,2055209,TRY
2016-10-04,12.35,12.4,12.24,12.36,2583471,TRY
2016-10-05,12.3,12.47,12.23,12.44,2806501,TRY
2016-10-06,12.47,12.75,12.47,12.74,6372912,TRY
2016-10-07,12.77,12.86,12.62,12.72,2551342,TRY
2016-10-10,12.78,12.8,12.61,12.66,1695681,TRY
2016-10-11,12.61,12.66,12.43,12.64,3196137,TRY
2016-10-12,12.67,12.73,12.56,12.7,2116556,TRY
2016-10-13,12.68,12.71,12.54,12.66,2580329,TRY
2016-10-14,12.66,12.71,12.56,12.71,1838657,TRY
2016-10-17,12.71,12.71,12.53,12.66,2975488,TRY
2016-10-18,12.65,12.72,12.56,12.56,6454212,TRY
2016-10-19,12.61,12.76,12.59,12.71,6660191,TRY
2016-10-20,12.73,12.76,12.56,12.56,7231756,TRY
2016-10-21,12.56,12.59,12.52,12.52,3034422,TRY
2016-10-24,12.59,12.91,12.57,12.86,5183690,TRY
2016-10-25,12.84,12.87,12.7,12.71,6024344,TRY
2016-10-26,12.7,12.7,12.48,12.53,8039742,TRY
2016-10-27,12.54,12.59,12.46,12.5,4483883,TRY
2016-10-28,12.49,12.53,12.39,12.47,1315293,TRY
2016-10-31,12.47,12.54,12.36,12.37,2979574,TRY
2016-11-01,12.42,12.52,12.23,12.28,3185709,TRY
2016-11-02,12.27,12.39,12.23,12.31,2588880,TRY
2016-11-03,12.32,12.34,12.22,12.23,2149601,TRY
2016-11-04,11.87,12.26,11.81,11.81,17659920,TRY
2016-11-07,11.86,12.08,11.86,11.94,2663856,TRY
2016-11-08,11.92,12.32,11.86,12.25,2988263,TRY
2016-11-09,11.99,12.08,11.94,12.05,5974626,TRY
2016-11-10,12.15,12.22,12.07,12.1,5420023,TRY
2016-11-11,12.09,12.09,11.87,11.88,8148686,TRY
2016-11-14,12.01,12.01,11.75,11.76,4069414,TRY
2016-11-15,11.79,11.94,11.74,11.92,3680085,TRY
2016-11-16,11.96,11.97,11.75,11.85,2901516,TRY
2016-11-17,11.89,12.04,11.82,11.87,3944698,TRY
2016-11-18,11.82,12.2,11.78,12.1,2946980,TRY
2016-11-21,12.19,12.19,11.97,12.13,2538287,TRY
2016-11-22,12.11,12.24,12.05,12.15,2280820,TRY
2016-11-23,12.19,12.22,12.01,12.03,2632653,TRY
2016-11-24,12.03,12.37,11.87,12.01,1932234,TRY
2016-11-25,12.0,12.12,11.9,12.08,1645772,TRY
2016-11-28,12.14,12.24,12.05,12.05,1652592,TRY
2016-11-29,12.01,12.09,11.99,11.99,1377328,TRY
2016-11-30,12.08,12.11,11.93,11.94,2701859,TRY
2016-12-01,11.97,11.98,11.65,11.76,2761199,TRY
2016-12-02,11.76,11.82,11.53,11.76,3974610,TRY
2016-12-05,11.71,11.96,11.65,11.78,7650606,TRY
2016-12-06,11.84,12.21,11.84,12.17,8289730,TRY
2016-12-07,12.14,12.46,12.13,12.41,4112427,TRY
2016-12-08,12.41,12.55,12.19,12.36,3374551,TRY
2016-12-09,12.36,12.41,12.27,12.36,1883543,TRY
2016-12-12,12.27,12.43,12.07,12.43,1971633,TRY
2016-12-13,12.47,12.63,12.45,12.6,3067526,TRY
2016-12-14,12.56,12.6,12.4,12.54,2136260,TRY
2016-12-15,12.44,12.71,12.37,12.71,3725620,TRY
2016-12-16,12.64,12.71,12.55,12.62,3054746,TRY
2016-12-19,12.62,12.7,12.54,12.54,1731353,TRY
2016-12-20,12.5,12.71,12.45,12.69,2517509,TRY
2016-12-21,12.69,12.83,12.63,12.76,2694531,TRY
2016-12-22,12.76,12.82,12.62,12.65,1378406,TRY
2016-12-23,12.66,12.79,12.63,12.77,1274517,TRY
2016-12-26,12.73,12.81,12.63,12.63,173202,TRY
2016-12-27,12.68,12.77,12.68,12.74,714015,TRY
2016-12-28,12.71,12.87,12.66,12.87,2018920,TRY
2016-12-29,12.82,12.94,12.74,12.92,1601442,TRY
2016-12-30,12.9,13.52,12.89,13.23,2432925,TRY
2017-01-02,13.04,13.04,12.81,12.84,1968077,TRY
2017-01-03,12.86,12.87,12.55,12.64,2774906,TRY
2017-01-04,12.67,12.75,12.47,12.58,2321354,TRY
2017-01-05,12.61,12.72,12.44,12.61,2693760,TRY
2017-01-06,12.58,12.77,12.55,12.77,1483164,TRY
2017-01-09,12.67,12.79,12.57,12.78,2400437,TRY
2017-01-10,12.73,12.83,12.68,12.81,2416732,TRY
2017-01-11,12.75,12.75,12.48,12.53,5727292,TRY
2017-01-12,12.59,13.23,12.56,13.13,7432644,TRY
2017-01-13,13.08,13.36,12.97,13.31,4422607,TRY
2017-01-16,13.38,13.46,13.28,13.46,2848546,TRY
2017-01-17,13.52,13.63,13.45,13.63,3587972,TRY
2017-01-18,13.61,13.64,13.48,13.62,3038591,TRY
2017-01-19,13.62,13.72,13.61,13.72,3080000,TRY
2017-01-20,13.66,13.72,13.5,13.61,2942437,TRY
2017-01-23,13.66,14.02,13.66,14.02,3357156,TRY
2017-01-24,14.12,14.28,13.9,14.1,4060632,TRY
2017-01-25,14.07,14.14,13.73,13.91,4196280,TRY
2017-01-26,13.96,14.14,13.88,14.05,2164573,TRY
2017-01-27,14.01,14.34,13.99,14.31,2489278,TRY
2017-01-30,14.31,14.72,14.19,14.55,3483568,TRY
2017-01-31,14.55,14.59,14.45,14.57,2394929,TRY
2017-02-01,14.56,14.64,14.41,14.58,2186251,TRY
2017-02-02,14.62,14.66,14.45,14.57,2625496,TRY
2017-02-03,14.51,14.8,14.48,14.8,2164852,TRY
2017-02-06,14.89,15.1,14.62,14.64,3111522,TRY
2017-02-07,14.57,14.86,14.42,14.79,2301758,TRY
2017-02-08,14.72,15.01,14.6,15.01,2715413,TRY
2017-02-09,14.96,15.05,14.73,15.05,2185462,TRY
2017-02-10,15.05,15.27,14.5,14.5,3102959,TRY
2017-02-13,14.53,14.92,14.51,14.92,3456047,TRY
2017-02-14,14.92,14.95,14.56,14.57,3922316,TRY
2017-02-15,14.6,14.71,14.53,14.64,3237033,TRY
2017-02-16,14.72,14.73,14.6,14.6,1866566,TRY
2017-02-17,14.59,14.87,14.58,14.81,3079173,TRY
2017-02-20,14.88,15.04,14.74,14.78,2478286,TRY
2017-02-21,14.79,14.91,14.77,14.79,2438278,TRY
2017-02-22,14.74,14.91,13.28,14.67,3375296,TRY
2017-02-23,14.75,14.81,14.57,14.63,4419188,TRY
2017-02-24,14.57,14.7,14.41,14.49,1879534,TRY
2017-02-27,14.51,14.56,14.29,14.44,895470,TRY
2017-02-28,14.3,14.47,14.22,14.22,3580340,TRY
2017-03-01,14.26,14.61,14.25,14.5,2428747,TRY
2017-03-02,14.5,14.75,14.5,14.75,2280655,TRY
2017-03-03,14.76,14.76,14.5,14.57,4531840,TRY
2017-03-06,14.72,15.24,14.69,15.15,2984416,TRY
2017-03-07,15.14,15.21,15.04,15.1,3612353,TRY
2017-03-08,15.1,15.19,14.54,14.57,4740086,TRY
2017-03-09,14.59,14.79,14.48,14.67,5908912,TRY
2017-03-10,14.77,14.82,14.63,14.66,3359926,TRY
2017-03-13,14.65,14.7,14.54,14.67,1773759,TRY
2017-03-14,14.64,14.72,14.56,14.63,2108216,TRY
2017-03-15,14.64,14.69,14.48,14.48,3956960,TRY
2017-03-16,14.6,14.7,14.53,14.63,2856021,TRY
2017-03-17,14.67,14.74,14.49,14.55,4658418,TRY
2017-03-20,14.51,14.81,14.51,14.81,2588269,TRY
2017-03-21,14.81,14.85,14.59,14.71,3695777,TRY
2017-03-22,14.63,14.81,14.57,14.76,3240204,TRY
2017-03-23,14.86,14.99,14.76,14.85,3292278,TRY
2017-03-24,14.93,15.06,14.81,15.06,3108272,TRY
2017-03-27,15.05,15.09,14.86,14.91,3182524,TRY
2017-03-28,14.97,15.0,14.87,14.89,1229838,TRY
2017-03-29,14.9,15.02,14.79,14.84,3759266,TRY
2017-03-30,14.96,15.01,14.89,14.94,1874672,TRY
2017-03-31,15.0,15.0,14.72,14.72,2876527,TRY
2017-04-03,14.81,14.99,14.79,14.87,2764735,TRY
2017-04-04,14.82,15.01,14.81,14.89,3082908,TRY
2017-04-05,14.85,15.31,14.84,15.31,4853682,TRY
2017-04-06,15.32,15.33,15.18,15.31,4336056,TRY
2017-04-07,15.22,15.26,14.97,14.97,3451655,TRY
2017-04-10,15.03,15.6,15.0,15.6,4015069,TRY
2017-04-11,15.6,15.6,15.37,15.39,3388549,TRY
2017-04-12,15.4,15.47,15.33,15.38,2230616,TRY
2017-04-13,15.39,15.51,15.3,15.35,2424151,TRY
2017-04-14,15.32,15.57,15.16,15.16,1297190,TRY
2017-04-17,15.2,15.44,15.17,15.41,1626162,TRY
2017-04-18,15.38,15.45,15.13,15.41,4054198,TRY
2017-04-19,15.41,15.63,15.33,15.51,4202895,TRY
2017-04-20,15.51,15.72,15.42,15.69,4062416,TRY
2017-04-21,15.75,15.91,15.72,15.88,2832463,TRY
2017-04-24,16.0,16.19,15.98,16.18,3228885,TRY
2017-04-25,16.26,16.36,16.07,16.36,5163823,TRY
2017-04-26,16.36,16.36,16.11,16.25,4150310,TRY
2017-04-27,16.25,16.48,16.19,16.4,3162197,TRY
2017-04-28,16.37,16.49,16.16,16.35,2925182,TRY
2017-05-02,16.35,16.48,16.09,16.17,3527979,TRY
2017-05-03,16.13,16.23,16.09,16.23,2716511,TRY
2017-05-04,16.2,16.24,16.05,16.07,3548589,TRY
2017-05-05,16.02,16.43,16.02,16.32,3365184,TRY
2017-05-08,16.4,16.44,16.25,16.35,2644662,TRY
2017-05-09,16.26,16.79,16.22,16.69,4767341,TRY
2017-05-10,16.64,16.69,16.44,16.6,3043400,TRY
2017-05-11,16.58,16.66,16.39,16.46,3093480,TRY
2017-05-12,16.44,16.65,16.38,16.43,2389499,TRY
2017-05-15,16.43,16.49,16.21,16.24,4579525,TRY
2017-05-16,16.35,16.42,16.24,16.42,3209717,TRY
2017-05-17,16.34,16.5,16.16,16.17,3698484,TRY
2017-05-18,16.12,16.35,16.03,16.35,3376890,TRY
2017-05-22,16.4,16.45,16.27,16.36,4260111,TRY
2017-05-23,16.34,16.66,16.24,16.64,4883048,TRY
2017-05-24,16.59,16.82,16.58,16.66,4511685,TRY
2017-05-25,15.96,16.05,15.51,15.57,71888840,TRY
2017-05-26,15.6,15.83,15.59,15.71,42232496,TRY
2017-05-29,15.75,15.81,15.73,15.75,10946243,TRY
2017-05-30,15.77,15.78,15.6,15.6,18383128,TRY
2017-05-31,15.66,15.74,15.59,15.7,17933672,TRY
2017-06-01,15.71,15.73,15.57,15.63,9009531,TRY
2017-06-02,15.73,15.86,15.7,15.85,18021562,TRY
2017-06-05,15.89,15.94,15.71,15.78,9794167,TRY
2017-06-06,15.78,15.87,15.73,15.86,6075347,TRY
2017-06-07,15.88,16.13,15.81,16.02,16533124,TRY
2017-06-08,16.07,16.24,15.96,16.24,10367059,TRY
2017-06-09,16.27,16.41,16.25,16.25,6992785,TRY
2017-06-12,16.14,16.25,16.07,16.13,4735261,TRY
2017-06-13,16.22,16.29,16.17,16.28,4838973,TRY
2017-06-14,16.25,16.39,16.2,16.37,4261740,TRY
2017-06-15,16.37,16.37,16.17,16.24,4636455,TRY
2017-06-16,16.25,16.27,16.01,16.19,4932494,TRY
2017-06-19,16.22,16.48,16.21,16.41,4509765,TRY
2017-06-20,16.45,16.49,16.22,16.31,3655875,TRY
2017-06-21,16.31,16.35,16.17,16.25,2646323,TRY
2017-06-22,16.34,16.34,16.21,16.33,2602521,TRY
2017-06-23,16.29,16.31,15.99,16.05,7953178,TRY
2017-06-28,16.03,16.08,15.87,16.05,7252589,TRY
2017-06-29,16.09,16.12,15.91,15.94,4011825,TRY
2017-06-30,15.91,15.97,15.84,15.84,5169031,TRY
2017-07-03,15.84,15.89,15.71,15.75,5427942,TRY
2017-07-04,15.76,15.97,15.73,15.96,6430769,TRY
2017-07-05,15.96,15.97,15.86,15.9,4354495,TRY
2017-07-06,15.89,15.97,15.81,15.82,3785641,TRY
2017-07-07,15.84,15.86,15.7,15.75,2907476,TRY
2017-07-10,15.84,15.96,15.82,15.94,2638838,TRY
2017-07-11,15.9,16.07,15.84,15.98,9001917,TRY
2017-07-12,15.98,16.15,15.98,16.1,5648690,TRY
2017-07-13,16.13,16.19,15.97,16.1,5765811,TRY
2017-07-14,16.1,16.3,16.06,16.28,3427547,TRY
2017-07-17,16.3,16.67,16.29,16.64,5558937,TRY
2017-07-18,16.6,16.61,16.41,16.41,2751036,TRY
2017-07-19,16.49,16.74,16.43,16.67,3921408,TRY
2017-07-20,16.67,16.81,16.47,16.66,4712849,TRY
2017-07-21,16.57,16.57,16.45,16.48,1759821,TRY
2017-07-24,16.54,16.54,16.27,16.35,3164864,TRY
2017-07-25,16.35,16.42,16.25,16.27,3249066,TRY
2017-07-26,16.26,16.3,16.15,16.17,2931861,TRY
2017-07-27,16.23,16.33,16.18,16.22,4110647,TRY
2017-07-28,16.17,16.2,16.01,16.08,3934828,TRY
2017-07-31,16.08,16.13,15.88,16.03,3970591,TRY
2017-08-01,16.08,16.15,15.87,15.93,3142406,TRY
2017-08-02,15.95,16.08,15.9,16.07,2353783,TRY
2017-08-03,16.2,16.6,16.2,16.5,9795046,TRY
2017-08-04,16.5,16.84,16.46,16.81,7661246,TRY
2017-08-07,16.89,16.92,16.77,16.9,3335620,TRY
2017-08-08,16.9,16.9,16.69,16.85,3106068,TRY
2017-08-09,16.83,16.93,16.78,16.85,4355403,TRY
2017-08-10,16.91,16.95,16.75,16.75,2413979,TRY
2017-08-11,16.66,16.67,16.4,16.44,2436614,TRY
2017-08-14,16.59,17.02,16.57,16.98,3147222,TRY
2017-08-15,17.03,17.08,16.71,16.72,3618977,TRY
2017-08-16,16.75,16.86,16.4,16.64,3769075,TRY
2017-08-17,16.7,16.74,16.52,16.66,2524553,TRY
2017-08-18,16.7,16.77,16.57,16.73,2307543,TRY
2017-08-21,16.7,17.19,16.69,17.15,4789649,TRY
2017-08-22,17.19,17.4,17.09,17.38,7037275,TRY
2017-08-23,17.38,17.55,17.36,17.36,6210685,TRY
2017-08-24,17.36,17.47,17.05,17.18,2004140,TRY
2017-08-25,17.17,17.34,17.1,17.2,1664778,TRY
2017-08-28,17.24,17.33,17.1,17.33,1165286,TRY
2017-08-29,17.32,17.76,17.21,17.76,5677389,TRY
2017-08-31,17.52,17.72,17.51,17.66,2562007,TRY
2017-09-05,17.72,17.73,17.25,17.32,3945567,TRY
2017-09-06,17.25,17.48,17.07,17.44,3432458,TRY
2017-09-07,17.44,17.62,17.29,17.48,2296863,TRY
2017-09-08,17.48,17.54,17.18,17.26,2090657,TRY
2017-09-11,17.32,17.43,17.19,17.22,2078161,TRY
2017-09-12,17.22,17.23,16.89,17.0,3828496,TRY
2017-09-13,16.99,17.19,16.94,16.97,1999715,TRY
2017-09-14,16.95,17.03,16.85,16.97,1849887,TRY
2017-09-15,17.02,17.17,16.96,17.08,3125400,TRY
2017-09-18,17.12,17.13,16.9,16.99,2792394,TRY
2017-09-19,16.99,17.01,16.41,16.46,4142645,TRY
2017-09-20,16.53,16.53,16.31,16.5,3737976,TRY
2017-09-21,16.48,16.5,16.23,16.31,2547895,TRY
2017-09-22,16.35,16.38,16.14,16.26,3103789,TRY
2017-09-25,16.17,16.24,15.91,16.02,3412200,TRY
2017-09-26,16.07,16.22,15.88,16.17,5132222,TRY
2017-09-27,16.08,16.14,15.75,15.85,3599026,TRY
2017-09-28,15.94,16.05,15.74,16.0,5580021,TRY
2017-09-29,15.99,16.25,15.97,16.0,6663449,TRY
2017-10-02,15.98,16.15,15.97,16.06,3175524,TRY
2017-10-03,16.06,16.22,15.98,16.21,3089696,TRY
2017-10-04,16.25,16.3,16.05,16.12,2106716,TRY
2017-10-05,16.2,16.2,15.97,16.05,2262097,TRY
2017-10-06,16.04,16.04,15.85,15.86,2945111,TRY
2017-10-09,15.56,15.56,15.04,15.28,5470535,TRY
2017-10-10,15.43,15.75,15.3,15.62,6086206,TRY
2017-10-11,15.59,15.85,15.56,15.78,2789483,TRY
2017-10-12,16.06,16.16,15.93,15.99,5022835,TRY
2017-10-13,16.04,16.1,15.85,15.98,5061492,TRY
2017-10-16,16.0,16.06,15.89,16.0,2730752,TRY
2017-10-17,16.01,16.17,15.91,16.1,2482635,TRY
2017-10-18,16.14,16.19,15.96,15.96,3055974,TRY
2017-10-19,16.05,16.31,16.03,16.3,2561222,TRY
2017-10-20,16.32,16.36,16.18,16.32,1610384,TRY
2017-10-23,16.26,16.35,16.17,16.26,3090498,TRY
2017-10-24,16.49,16.49,16.22,16.32,3187773,TRY
2017-10-25,16.36,16.43,16.24,16.26,3996812,TRY
2017-10-26,16.3,16.38,16.12,16.15,2919434,TRY
2017-10-27,16.04,16.18,15.97,16.06,4321496,TRY
2017-10-30,16.18,16.21,16.04,16.08,3138537,TRY
2017-10-31,16.15,16.6,16.1,16.6,9096264,TRY
2017-11-01,16.66,17.32,16.6,17.2,7293194,TRY
2017-11-02,17.45,17.83,17.26,17.47,7242881,TRY
2017-11-03,17.46,17.49,16.97,17.0,4754691,TRY
2017-11-06,17.13,17.74,16.98,17.39,3941940,TRY
2017-11-07,17.39,17.47,16.92,16.92,4394489,TRY
2017-11-08,16.92,17.12,16.82,17.07,2897693,TRY
2017-11-09,17.21,17.21,16.35,16.43,4425032,TRY
2017-11-10,16.48,16.54,16.04,16.35,4412819,TRY
2017-11-13,16.45,16.63,16.07,16.42,4855809,TRY
2017-11-14,16.51,16.6,16.36,16.52,2101316,TRY
2017-11-15,16.49,16.78,16.35,16.37,4033137,TRY
2017-11-16,16.59,16.73,16.38,16.54,2909945,TRY
2017-11-17,16.58,16.78,16.42,16.5,2266747,TRY
2017-11-20,16.44,16.63,15.94,16.23,2668390,TRY
2017-11-21,16.09,17.66,15.96,16.39,5110777,TRY
2017-11-22,16.26,16.44,16.03,16.44,2401066,TRY
2017-11-23,16.46,16.7,16.22,16.35,3646960,TRY
2017-11-24,16.34,16.34,16.08,16.17,2123581,TRY
2017-11-27,16.2,16.3,15.95,16.15,1703686,TRY
2017-11-28,16.15,16.52,16.04,16.15,4369088,TRY
2017-11-29,16.15,16.2,15.79,15.79,3716088,TRY
2017-11-30,15.92,16.34,15.79,16.14,9591845,TRY
2017-12-01,16.12,16.25,15.98,16.19,3161700,TRY
2017-12-04,16.13,16.75,16.08,16.75,3744065,TRY
2017-12-05,16.84,17.16,16.76,16.94,4110891,TRY
2017-12-06,16.96,17.28,16.78,16.82,4385024,TRY
2017-12-07,16.9,17.36,16.64,17.28,5216760,TRY
2017-12-08,17.4,17.6,17.21,17.21,3001976,TRY
2017-12-11,17.26,17.51,17.17,17.43,3082003,TRY
2017-12-12,17.39,17.46,17.13,17.46,3350925,TRY
2017-12-13,17.53,17.58,17.02,17.18,1658026,TRY
2017-12-14,17.13,17.51,17.02,17.42,3959840,TRY
2017-12-15,17.39,17.48,17.14,17.14,7707495,TRY
2017-12-18,17.25,17.55,17.15,17.22,2544637,TRY
2017-12-19,17.22,17.32,17.04,17.05,1486847,TRY
2017-12-20,17.04,17.04,16.76,16.88,3259216,TRY
2017-12-21,16.86,17.18,16.81,17.16,1918397,TRY
2017-12-22,17.16,17.23,17.03,17.03,1604904,TRY
2017-12-25,17.04,17.21,16.99,17.21,362348,TRY
2017-12-26,17.28,17.28,17.08,17.12,407769,TRY
2017-12-27,17.11,17.3,17.04,17.3,836997,TRY
2017-12-28,17.25,17.86,17.19,17.86,1968144,TRY
2017-12-29,17.91,18.26,17.72,18.09,3783985,TRY
2018-01-02,18.19,18.86,18.03,18.83,3486280,TRY
2018-01-03,18.93,18.99,18.29,18.29,3270605,TRY
2018-01-04,18.29,18.48,17.79,17.97,3558166,TRY
2018-01-05,17.97,18.33,17.89,18.18,3505321,TRY
2018-01-08,18.35,18.39,18.01,18.05,3840287,TRY
2018-01-09,18.05,18.2,17.86,17.98,3564098,TRY
2018-01-10,17.87,18.1,17.75,17.94,2630349,TRY
2018-01-11,17.96,18.25,17.91,18.25,4371469,TRY
2018-01-12,18.24,18.3,17.82,18.08,5195234,TRY
2018-01-15,17.96,18.28,17.82,17.86,2333777,TRY
2018-01-16,17.62,17.97,17.62,17.83,4496243,TRY
2018-01-17,17.86,18.46,17.74,18.39,5328109,TRY
2018-01-18,18.5,18.61,18.2,18.2,3486531,TRY
2018-01-19,18.16,18.16,17.82,18.11,2252357,TRY
2018-01-22,18.11,18.6,18.03,18.53,2519771,TRY
2018-01-23,18.62,18.62,18.21,18.48,2856525,TRY
2018-01-24,18.42,18.42,18.01,18.21,4757775,TRY
2018-01-25,18.2,18.2,17.82,17.82,3272496,TRY
2018-01-26,17.87,18.18,17.81,18.15,2741957,TRY
2018-01-29,18.15,18.31,17.91,18.15,3414724,TRY
2018-01-30,18.11,18.36,17.96,18.15,4335684,TRY
2018-01-31,18.04,18.13,17.87,17.91,3072832,TRY
2018-02-01,17.88,18.17,17.82,18.01,3016575,TRY
2018-02-02,17.99,18.08,17.73,17.79,2171980,TRY
2018-02-05,17.79,17.8,17.31,17.44,2632059,TRY
2018-02-06,17.35,17.35,16.95,17.05,2901754,TRY
2018-02-07,17.07,17.48,17.04,17.37,4658022,TRY
2018-02-08,17.38,17.38,16.98,17.21,3074867,TRY
2018-02-09,17.04,17.28,16.89,16.91,2974841,TRY
2018-02-12,17.03,17.54,16.97,17.43,2464430,TRY
2018-02-13,17.39,17.49,17.1,17.17,2434085,TRY
2018-02-14,17.22,17.35,16.78,16.82,3928220,TRY
2018-02-15,17.03,17.23,16.87,17.16,2092034,TRY
2018-02-16,17.16,17.46,17.15,17.33,1518864,TRY
2018-02-19,17.37,17.6,17.17,17.22,1575571,TRY
2018-02-20,17.22,17.44,16.95,17.0,1397225,TRY
2018-02-21,17.0,17.28,16.96,17.2,4646521,TRY
2018-02-22,17.2,17.35,16.96,17.29,3119999,TRY
2018-02-23,17.37,17.52,17.25,17.36,2383188,TRY
2018-02-26,17.37,17.52,17.36,17.44,2135986,TRY
2018-02-27,17.48,17.49,17.28,17.38,2621075,TRY
2018-02-28,17.34,17.82,17.26,17.61,4020520,TRY
2018-03-01,17.52,17.53,17.03,17.1,3589099,TRY
2018-03-02,16.94,17.13,16.85,17.04,2523460,TRY
2018-03-05,17.03,17.04,16.8,16.88,1655526,TRY
2018-03-06,17.04,17.24,16.99,17.16,1944125,TRY
2018-03-07,17.04,17.17,16.91,17.15,1537964,TRY
2018-03-08,17.13,17.17,16.92,17.0,1541816,TRY
2018-03-09,17.03,17.08,16.75,16.8,2395163,TRY
2018-03-12,16.86,16.98,16.8,16.89,2331827,TRY
2018-03-13,16.89,16.96,16.7,16.76,2964090,TRY
2018-03-14,16.72,16.72,16.37,16.52,4591000,TRY
2018-03-15,16.55,16.59,16.15,16.16,3383993,TRY
2018-03-16,16.24,16.66,16.21,16.66,7178040,TRY
2018-03-19,16.54,16.64,16.24,16.26,3234938,TRY
2018-03-20,16.34,16.36,16.06,16.16,3088131,TRY
2018-03-21,16.19,16.44,16.17,16.42,3613211,TRY
2018-03-22,16.48,16.52,16.22,16.33,1956978,TRY
2018-03-23,16.14,16.18,15.97,16.06,5081587,TRY
2018-03-26,16.15,16.17,15.82,15.82,4284527,TRY
2018-03-27,15.95,15.97,15.54,15.57,6814522,TRY
2018-03-28,15.5,15.71,15.44,15.57,6220382,TRY
2018-03-29,15.57,16.04,15.53,15.94,5757471,TRY
2018-03-30,16.05,16.06,15.94,15.99,1127559,TRY
2018-04-02,16.12,16.13,15.85,15.98,953547,TRY
2018-04-03,15.94,15.95,15.6,15.65,5838221,TRY
2018-04-04,15.65,15.69,15.46,15.63,4972021,TRY
2018-04-05,15.63,16.05,15.6,16.05,3719753,TRY
2018-04-06,15.98,15.99,15.72,15.73,4919483,TRY
2018-04-09,15.8,15.8,15.57,15.68,3260197,TRY
2018-04-10,15.77,15.78,15.32,15.56,3521667,TRY
2018-04-11,15.53,15.66,15.1,15.27,7358584,TRY
2018-04-12,15.24,15.25,14.82,14.92,10750928,TRY
2018-04-13,15.0,15.01,14.85,14.85,4403218,TRY
2018-04-16,14.88,15.04,14.69,14.7,8590745,TRY
2018-04-17,14.88,14.95,14.5,14.8,9658244,TRY
2018-04-18,14.76,15.2,14.5,15.18,18817402,TRY
2018-04-19,15.14,15.19,14.97,15.15,5664822,TRY
2018-04-20,15.06,15.12,14.7,14.82,5031728,TRY
2018-04-24,14.84,14.84,14.43,14.51,4053369,TRY
2018-04-25,14.52,14.55,13.77,13.88,8329188,TRY
2018-04-26,13.91,14.12,13.84,13.94,6435186,TRY
2018-04-27,13.5,14.34,13.5,14.17,10323153,TRY
2018-04-30,14.26,14.27,13.52,13.72,7067407,TRY
2018-05-02,13.65,13.95,13.47,13.77,8026309,TRY
2018-05-03,13.72,13.73,13.35,13.36,7583298,TRY
2018-05-04,13.35,13.86,13.31,13.79,9052089,TRY
2018-05-07,13.81,13.81,13.5,13.71,8777129,TRY
2018-05-08,13.74,13.74,13.0,13.05,19880644,TRY
2018-05-09,12.98,13.52,12.81,13.35,10801581,TRY
2018-05-10,13.4,13.74,13.14,13.72,5950871,TRY
2018-05-11,13.72,13.78,13.41,13.52,5626566,TRY
2018-05-14,13.6,13.98,13.54,13.88,5763335,TRY
2018-05-15,13.72,13.76,13.31,13.46,5708636,TRY
2018-05-16,13.41,13.44,13.06,13.06,9981075,TRY
2018-05-17,13.05,13.36,13.02,13.29,12296141,TRY
2018-05-18,13.3,13.84,13.3,13.84,11341026,TRY
2018-05-21,13.82,13.93,13.48,13.58,7130757,TRY
2018-05-22,13.61,13.7,13.36,13.53,7700902,TRY
2018-05-23,13.55,13.72,13.4,13.49,7575107,TRY
2018-05-24,13.58,13.87,13.52,13.77,10395572,TRY
2018-05-25,13.88,14.27,13.74,14.11,10313526,TRY
2018-05-28,14.25,15.15,14.23,15.06,23601868,TRY
2018-05-29,15.05,15.05,14.49,14.61,10623646,TRY
2018-05-30,14.65,14.87,14.49,14.6,13475748,TRY
2018-05-31,14.72,14.75,13.97,13.97,15816678,TRY
2018-06-01,13.99,14.05,13.71,13.95,13333337,TRY
2018-06-04,13.95,14.24,13.95,14.1,9003272,TRY
2018-06-05,14.18,14.2,13.97,14.08,5426705,TRY
2018-06-06,14.1,14.12,13.6,13.8,7563554,TRY
2018-06-07,13.7,14.35,13.7,14.26,7194957,TRY
2018-06-08,14.19,14.23,13.91,14.05,6256236,TRY
2018-06-11,14.19,14.79,13.87,14.66,10372329,TRY
2018-06-12,14.48,14.5,14.02,14.17,6551553,TRY
2018-06-13,14.09,14.35,13.86,13.88,5436549,TRY
2018-06-14,13.87,14.29,13.76,13.95,4625818,TRY
2018-06-18,13.92,14.02,13.79,13.86,4874165,TRY
2018-06-19,13.79,14.24,13.69,14.2,6883373,TRY
2018-06-20,14.16,14.33,13.99,14.21,7062717,TRY
2018-06-21,14.11,14.49,14.04,14.4,7213171,TRY
2018-06-22,14.41,14.96,14.26,14.45,9297710,TRY
2018-06-25,14.7,14.85,13.67,13.72,9358449,TRY
2018-06-26,13.79,13.86,13.5,13.54,5706401,TRY
2018-06-27,13.51,14.0,13.5,13.95,6658169,TRY
2018-06-28,13.94,14.19,13.86,13.92,5403708,TRY
2018-06-29,14.0,14.37,14.0,14.22,7298315,TRY
2018-07-02,14.08,14.58,13.89,14.39,5288339,TRY
2018-07-03,14.43,14.44,13.99,14.05,4040572,TRY
2018-07-04,14.07,14.2,14.02,14.09,2897277,TRY
2018-07-05,14.14,14.31,13.99,14.16,5528315,TRY
2018-07-06,14.15,14.27,14.02,14.07,3933240,TRY
2018-07-09,14.18,14.37,14.01,14.16,5696517,TRY
2018-07-10,13.99,13.99,13.64,13.69,8467449,TRY
2018-07-11,13.68,13.68,12.71,12.74,11761333,TRY
2018-07-12,12.9,12.93,12.35,12.61,22106596,TRY
2018-07-13,12.63,12.87,12.58,12.67,6922466,TRY
2018-07-16,12.72,12.87,12.55,12.82,4026600,TRY
2018-07-17,12.83,12.84,12.45,12.59,12594936,TRY
2018-07-18,12.64,12.66,12.36,12.6,8354456,TRY
2018-07-19,12.62,13.08,12.62,13.05,7462356,TRY
2018-07-20,13.05,13.14,12.91,13.06,4429489,TRY
2018-07-23,13.15,13.3,13.12,13.16,3182849,TRY
2018-07-24,13.16,13.28,12.8,12.84,6609601,TRY
2018-07-25,12.89,13.41,12.86,13.31,5810489,TRY
2018-07-26,13.34,13.58,13.21,13.48,5069884,TRY
2018-07-27,13.45,13.52,13.25,13.47,4869582,TRY
2018-07-30,13.44,13.54,13.31,13.51,4058146,TRY
2018-07-31,13.45,13.91,13.45,13.91,5350582,TRY
2018-08-01,13.97,14.01,13.59,13.99,5555239,TRY
2018-08-02,13.8,13.8,13.44,13.45,3873842,TRY
2018-08-03,13.41,13.54,13.33,13.45,4273030,TRY
2018-08-06,13.36,13.48,13.2,13.27,4593745,TRY
2018-08-07,13.31,13.62,13.23,13.55,4335837,TRY
2018-08-08,13.55,13.6,13.31,13.42,6444292,TRY
2018-08-09,13.16,13.65,13.12,13.35,5884305,TRY
2018-08-10,13.27,13.75,12.9,13.69,17876276,TRY
2018-08-13,13.44,14.26,13.27,14.26,16554535,TRY
2018-08-14,14.31,14.48,14.04,14.35,9459516,TRY
2018-08-15,14.56,15.01,14.32,14.8,16951708,TRY
2018-08-16,14.85,14.9,14.3,14.33,11027545,TRY
2018-08-17,14.29,14.88,14.2,14.85,8011548,TRY
2018-08-20,14.91,15.14,14.83,14.95,4885106,TRY
2018-08-27,14.9,15.31,14.62,14.78,7050382,TRY
2018-08-28,14.62,15.24,14.62,15.13,6995432,TRY
2018-08-29,15.02,15.38,14.96,14.96,4983149,TRY
2018-08-31,15.02,15.14,14.73,14.98,5190149,TRY
2018-09-03,14.84,15.32,14.84,14.99,3970306,TRY
2018-09-04,15.02,15.27,14.87,14.99,3508254,TRY
2018-09-05,14.91,15.22,14.91,15.03,3226331,TRY
2018-09-06,15.0,15.43,14.93,14.93,3716624,TRY
2018-09-07,14.95,15.55,14.95,15.4,4810316,TRY
2018-09-10,15.46,15.5,15.13,15.22,3534558,TRY
2018-09-11,15.23,15.71,15.23,15.56,4492465,TRY
2018-09-12,15.7,15.79,15.46,15.62,3172820,TRY
2018-09-13,15.55,16.0,15.37,15.9,5549245,TRY
2018-09-14,16.05,16.41,15.82,16.22,6007026,TRY
2018-09-17,16.19,16.52,16.05,16.21,4774837,TRY
2018-09-18,16.31,16.5,16.25,16.38,3182319,TRY
2018-09-19,16.49,16.58,16.11,16.44,4498206,TRY
2018-09-20,16.5,16.74,16.31,16.68,4109078,TRY
2018-09-21,16.78,17.16,16.73,17.13,8315582,TRY
2018-09-24,17.35,17.35,16.76,17.1,5303174,TRY
2018-09-25,17.1,17.35,16.87,17.35,4886234,TRY
2018-09-26,17.4,17.4,16.74,16.82,3635404,TRY
2018-09-27,16.77,17.19,16.75,17.06,4285350,TRY
2018-09-28,16.98,17.17,16.76,17.06,4845004,TRY
2018-10-01,17.03,17.31,16.73,16.94,3003281,TRY
2018-10-02,16.78,16.88,16.44,16.85,3699226,TRY
2018-10-03,16.55,16.6,16.26,16.6,5898221,TRY
2018-10-04,16.47,16.62,16.18,16.18,8203670,TRY
2018-10-05,16.07,16.29,15.88,16.01,6722305,TRY
2018-10-08,15.65,16.24,15.65,16.05,5293342,TRY
2018-10-09,16.04,16.58,16.04,16.5,5472277,TRY
2018-10-10,16.53,16.87,16.1,16.3,8213464,TRY
2018-10-11,16.3,16.65,16.01,16.45,5107682,TRY
2018-10-12,16.47,16.89,16.11,16.62,8464508,TRY
2018-10-15,16.7,16.77,16.3,16.61,6173142,TRY
2018-10-16,16.65,16.66,16.39,16.43,4229402,TRY
2018-10-17,16.46,16.53,16.21,16.5,5008153,TRY
2018-10-18,16.53,16.66,16.24,16.35,3078179,TRY
2018-10-19,16.45,16.45,15.8,15.8,6359850,TRY
2018-10-22,15.92,16.0,15.69,15.7,6809962,TRY
2018-10-23,15.69,15.8,15.28,15.61,3091428,TRY
2018-10-24,15.73,15.9,15.4,15.8,3096297,TRY
2018-10-25,15.75,16.03,15.29,15.57,5083131,TRY
2018-10-26,15.5,15.87,15.49,15.6,5730167,TRY
2018-10-30,15.58,15.65,15.23,15.32,4928401,TRY
2018-10-31,15.34,15.79,15.17,15.58,8960082,TRY
2018-11-01,15.5,15.69,15.22,15.32,4440333,TRY
2018-11-02,15.36,15.4,15.1,15.19,4140374,TRY
2018-11-05,15.21,15.79,14.91,15.79,4200978,TRY
2018-11-06,15.74,15.82,15.39,15.65,3895772,TRY
2018-11-07,15.57,15.6,15.4,15.53,3436274,TRY
2018-11-08,15.6,15.64,15.24,15.46,6231287,TRY
2018-11-09,15.42,15.42,15.02,15.38,3805660,TRY
2018-11-12,15.28,15.31,14.77,14.82,3174434,TRY
2018-11-13,14.82,15.08,14.59,14.97,2784054,TRY
2018-11-14,14.98,15.26,14.76,15.14,2809899,TRY
2018-11-15,15.19,15.2,14.83,15.02,2417056,TRY
2018-11-16,15.11,15.22,14.88,15.04,2570828,TRY
2018-11-19,15.04,15.1,14.94,15.0,2405011,TRY
2018-11-20,14.95,14.95,14.27,14.45,3548914,TRY
2018-11-21,14.5,14.55,14.15,14.35,3408258,TRY
2018-11-22,14.36,14.41,14.07,14.12,2604719,TRY
2018-11-23,14.14,14.18,14.03,14.1,1803117,TRY
2018-11-26,14.24,14.72,14.15,14.51,4923835,TRY
2018-11-27,14.49,14.49,14.01,14.07,4046521,TRY
2018-11-28,14.13,14.79,14.13,14.79,5395006,TRY
2018-11-29,14.96,15.38,14.85,15.3,5775051,TRY
2018-11-30,15.3,15.38,15.05,15.38,6245331,TRY
2018-12-03,15.49,15.8,15.2,15.2,4174687,TRY
2018-12-04,15.16,15.63,14.98,15.24,4860397,TRY
2018-12-05,15.26,15.38,15.07,15.13,3864050,TRY
2018-12-06,15.01,15.13,14.85,15.06,3926785,TRY
2018-12-07,15.25,15.32,15.07,15.1,1663854,TRY
2018-12-10,14.9,15.02,14.66,14.66,2021856,TRY
2018-12-11,14.69,14.9,14.41,14.41,3332110,TRY
2018-12-12,14.44,14.5,13.82,13.95,6662481,TRY
2018-12-13,14.04,14.36,13.97,14.25,3515904,TRY
2018-12-14,14.24,14.6,14.11,14.33,5090702,TRY
2018-12-17,14.52,14.52,14.27,14.38,1897000,TRY
2018-12-18,14.3,14.45,14.14,14.32,2027035,TRY
2018-12-19,14.32,14.4,14.07,14.4,3217726,TRY
2018-12-20,14.27,14.27,14.1,14.26,2553063,TRY
2018-12-21,14.17,14.36,14.0,14.27,3676018,TRY
2018-12-24,14.26,14.46,14.25,14.31,1115013,TRY
2018-12-25,14.15,14.31,14.14,14.31,427259,TRY
2018-12-26,14.3,14.39,14.21,14.3,562126,TRY
2018-12-27,14.38,14.38,13.99,14.05,2851549,TRY
2018-12-28,14.09,14.24,13.95,14.03,2168554,TRY
2018-12-31,14.13,14.23,14.01,14.2,1593976,TRY
2019-01-02,14.13,14.27,13.96,14.18,4393504,TRY
2019-01-03,14.04,14.28,13.8,13.8,4468234,TRY
2019-01-04,13.65,13.85,13.55,13.63,3900412,TRY
2019-01-07,13.68,13.77,13.62,13.77,3975758,TRY
2019-01-08,13.75,14.15,13.64,14.15,3490389,TRY
2019-01-09,14.15,14.57,14.08,14.54,2823462,TRY
2019-01-10,14.54,14.95,14.38,14.72,4189458,TRY
2019-01-11,14.76,15.04,14.74,14.98,2985504,TRY
2019-01-14,14.98,14.99,14.7,14.95,2162972,TRY
2019-01-15,15.1,15.25,14.94,15.01,2777786,TRY
2019-01-16,15.04,15.39,14.85,15.39,3458953,TRY
2019-01-17,15.51,15.71,15.33,15.62,2680711,TRY
2019-01-18,15.56,16.27,15.43,16.22,4153544,TRY
2019-01-21,16.22,16.24,15.7,15.78,4491359,TRY
2019-01-22,15.74,16.19,15.72,16.19,2752790,TRY
2019-01-23,16.19,16.78,16.14,16.45,5546581,TRY
2019-01-24,16.46,17.1,16.4,17.1,4948761,TRY
2019-01-25,17.1,17.21,16.81,16.99,7111872,TRY
2019-01-28,16.94,17.08,16.86,16.9,3229816,TRY
2019-01-29,16.84,17.41,16.83,17.41,3339791,TRY
2019-01-30,17.32,17.53,17.18,17.28,4277364,TRY
2019-01-31,17.41,17.75,17.21,17.3,3973214,TRY
2019-02-01,17.3,17.49,16.98,17.0,2383255,TRY
2019-02-04,16.99,17.26,16.85,16.98,3524374,TRY
2019-02-05,16.99,17.36,16.99,17.27,1541943,TRY
2019-02-06,17.3,17.59,17.03,17.5,2984707,TRY
2019-02-07,17.72,17.72,16.93,17.21,2953253,TRY
2019-02-08,17.02,17.19,16.94,17.16,1679226,TRY
2019-02-11,17.35,17.64,17.21,17.26,2228585,TRY
2019-02-12,17.26,17.5,17.26,17.5,1379052,TRY
2019-02-13,17.58,17.64,17.07,17.08,3629265,TRY
2019-02-14,17.27,17.39,17.05,17.2,2989526,TRY
2019-02-15,17.11,17.65,17.11,17.65,4213375,TRY
2019-02-18,17.85,17.86,17.16,17.32,4772155,TRY
2019-02-19,17.31,17.42,16.9,17.31,2306306,TRY
2019-02-20,17.4,17.83,17.33,17.7,4727399,TRY
2019-02-21,17.7,17.75,17.39,17.62,3569084,TRY
2019-02-22,17.62,18.24,17.5,18.17,5449183,TRY
2019-02-25,18.4,18.7,18.38,18.5,4589812,TRY
2019-02-26,18.35,18.71,18.31,18.67,3276394,TRY
2019-02-27,18.67,18.73,18.28,18.65,3435125,TRY
2019-02-28,18.61,18.82,18.54,18.64,5486955,TRY
2019-03-01,18.65,18.97,18.16,18.4,5079788,TRY
2019-03-04,18.4,18.82,18.21,18.61,6591241,TRY
2019-03-05,18.56,18.82,18.38,18.62,2823838,TRY
2019-03-06,18.66,18.78,18.41,18.41,2422728,TRY
2019-03-07,18.31,18.52,18.21,18.24,4289590,TRY
2019-03-08,18.25,18.25,17.95,18.05,2516483,TRY
2019-03-11,18.08,18.12,17.69,17.77,3147232,TRY
2019-03-12,17.88,18.27,17.74,18.09,3872755,TRY
2019-03-13,18.09,18.25,17.93,18.17,2413007,TRY
2019-03-14,18.1,18.17,17.96,18.1,2146260,TRY
2019-03-15,18.49,18.49,18.04,18.38,5319369,TRY
2019-03-18,18.4,18.43,18.09,18.2,3410369,TRY
2019-03-19,17.64,18.24,17.43,18.01,4481149,TRY
2019-03-20,17.84,18.18,17.73,17.85,1888287,TRY
2019-03-21,17.89,17.9,17.54,17.77,4180767,TRY
2019-03-22,17.68,17.71,17.15,17.4,5054428,TRY
2019-03-25,17.44,17.67,17.12,17.23,4284248,TRY
2019-03-26,17.27,17.38,16.55,16.74,7356007,TRY
2019-03-27,16.75,16.85,15.18,15.57,11906341,TRY
2019-03-28,15.59,16.38,15.38,15.52,9211790,TRY
2019-03-29,15.62,15.9,15.12,15.69,6659760,TRY
2019-04-01,15.75,16.72,15.46,16.05,6738057,TRY
2019-04-02,16.01,16.79,15.93,16.36,5689122,TRY
2019-04-03,16.54,16.76,16.42,16.52,2845354,TRY
2019-04-04,16.52,17.27,16.49,17.27,4020563,TRY
2019-04-05,18.01,18.01,17.05,17.22,3967103,TRY
2019-04-08,17.22,17.24,16.8,16.84,1862199,TRY
2019-04-09,16.93,17.22,16.93,17.12,2096928,TRY
2019-04-10,17.12,17.22,16.71,16.75,1791021,TRY
2019-04-11,16.75,17.09,16.64,16.64,3002152,TRY
2019-04-12,16.65,16.76,16.38,16.55,3210835,TRY
2019-04-15,16.54,16.72,16.23,16.24,2599525,TRY
2019-04-16,16.3,16.66,16.24,16.45,5992890,TRY
2019-04-17,16.54,17.2,16.5,17.02,4652550,TRY
2019-04-18,17.02,17.25,16.85,16.85,3375314,TRY
2019-04-19,16.93,17.0,16.78,16.9,1064644,TRY
2019-04-22,16.8,17.1,16.74,16.91,1684457,TRY
2019-04-24,16.92,17.03,16.64,16.69,7437744,TRY
2019-04-25,16.57,16.88,16.07,16.36,6334754,TRY
2019-04-26,16.45,16.46,16.19,16.31,4702142,TRY
2019-04-29,16.37,16.49,16.08,16.15,5313206,TRY
2019-04-30,16.15,16.3,16.1,16.2,9797602,TRY
2019-05-02,16.24,16.59,16.09,16.5,4542630,TRY
2019-05-03,16.53,16.55,16.3,16.39,3410852,TRY
2019-05-06,16.25,16.25,15.77,16.17,2858256,TRY
2019-05-07,15.75,15.99,15.5,15.5,6909889,TRY
2019-05-08,15.55,15.63,15.21,15.3,6370077,TRY
2019-05-09,15.3,15.45,15.08,15.31,5262454,TRY
2019-05-10,15.31,15.5,15.09,15.3,5464321,TRY
2019-05-13,15.3,15.38,14.77,15.02,4821941,TRY
2019-05-14,15.11,15.54,14.91,15.45,4928635,TRY
2019-05-15,15.45,15.48,15.08,15.32,3141959,TRY
2019-05-16,15.34,15.68,15.34,15.48,6829221,TRY
2019-05-17,15.4,15.6,15.15,15.15,3798170,TRY
2019-05-20,15.21,15.25,15.06,15.14,2381052,TRY
2019-05-21,15.19,15.22,14.76,14.77,3096991,TRY
2019-05-22,14.78,15.0,14.55,14.59,3299189,TRY
2019-05-23,14.53,14.98,14.53,14.85,3880406,TRY
2019-05-24,14.89,15.2,14.89,15.14,3610403,TRY
2019-05-27,15.2,15.24,14.99,15.06,1985065,TRY
2019-05-28,15.13,15.76,15.13,15.26,10075232,TRY
2019-05-29,15.27,15.55,15.27,15.44,4457622,TRY
2019-05-30,15.55,16.23,15.55,16.0,8142426,TRY
2019-05-31,16.0,16.25,15.77,16.23,4084902,TRY
2019-06-03,16.18,16.21,15.86,15.95,1226832,TRY
2019-06-07,15.95,16.84,15.83,16.81,6629117,TRY
2019-06-10,16.76,16.94,16.25,16.52,5305505,TRY
2019-06-11,16.59,16.75,16.42,16.48,4647438,TRY
2019-06-12,16.45,16.84,16.45,16.57,4175852,TRY
2019-06-13,16.57,16.66,16.13,16.25,3791751,TRY
2019-06-14,16.25,16.64,16.03,16.38,4635929,TRY
2019-06-17,16.22,16.83,16.22,16.66,7870920,TRY
2019-06-18,16.69,17.5,16.66,17.48,11482796,TRY
2019-06-19,17.49,17.6,17.17,17.4,6638015,TRY
2019-06-20,17.84,17.91,17.41,17.59,6768201,TRY
2019-06-21,17.52,17.57,17.17,17.25,6604667,TRY
2019-06-24,17.74,17.91,17.37,17.6,4102033,TRY
2019-06-25,17.54,17.99,17.52,17.8,4217787,TRY
2019-06-26,17.8,17.84,17.38,17.48,3223783,TRY
2019-06-27,17.46,17.68,17.37,17.37,3215675,TRY
2019-06-28,17.37,17.66,17.28,17.54,3243946,TRY
2019-07-01,17.64,18.0,17.61,17.86,2724814,TRY
2019-07-02,17.86,18.04,17.73,17.96,2371325,TRY
2019-07-03,18.0,18.07,17.83,18.07,2041820,TRY
2019-07-04,18.03,18.09,17.69,17.79,1654852,TRY
2019-07-05,17.69,17.85,17.48,17.76,2721578,TRY
2019-07-08,17.5,17.8,17.38,17.64,2706017,TRY
2019-07-09,17.64,17.69,17.33,17.46,2601030,TRY
2019-07-10,17.37,17.94,17.33,17.92,3802496,TRY
2019-07-11,17.97,18.22,17.86,18.22,3458808,TRY
2019-07-12,18.22,18.31,17.9,17.98,3754697,TRY
2019-07-16,18.0,18.39,17.86,18.23,4176383,TRY
2019-07-17,18.2,18.5,18.2,18.36,2115376,TRY
2019-07-18,18.35,18.85,18.22,18.81,4763593,TRY
2019-07-19,18.93,19.07,18.77,18.96,7353074,TRY
2019-07-22,18.9,18.94,18.57,18.7,3987154,TRY
2019-07-23,18.68,19.2,18.58,19.13,3194679,TRY
2019-07-24,19.2,19.3,18.98,19.3,2667170,TRY
2019-07-25,19.3,19.36,18.79,19.1,3343486,TRY
2019-07-26,19.1,19.33,18.89,19.07,3215880,TRY
2019-07-29,19.13,19.16,18.86,19.09,1758773,TRY
2019-07-30,19.2,19.2,18.53,18.67,3313320,TRY
2019-07-31,18.65,18.82,18.26,18.72,3121488,TRY
2019-08-01,18.63,18.77,18.35,18.68,2181678,TRY
2019-08-02,18.6,18.64,18.11,18.17,2750267,TRY
2019-08-05,18.1,18.32,18.0,18.02,2079796,TRY
2019-08-06,18.0,18.61,18.0,18.3,2807463,TRY
2019-08-07,18.27,18.69,17.68,17.82,3947308,TRY
2019-08-08,18.0,18.29,17.8,18.19,3167635,TRY
2019-08-09,18.42,18.42,17.91,18.05,1998412,TRY
2019-08-15,18.16,18.25,17.61,17.72,5024130,TRY
2019-08-16,17.98,18.29,17.84,18.01,6453673,TRY
2019-08-19,18.04,18.39,17.37,17.37,3324357,TRY
2019-08-20,17.35,17.64,17.15,17.58,3240825,TRY
2019-08-21,17.5,17.71,17.4,17.5,3199616,TRY
2019-08-22,17.56,17.59,17.08,17.37,3918838,TRY
2019-08-23,17.45,17.88,17.26,17.88,3126190,TRY
2019-08-26,17.7,17.81,17.5,17.74,1802539,TRY
2019-08-27,17.77,17.79,17.42,17.42,5466246,TRY
2019-08-28,17.42,17.51,17.03,17.39,3325349,TRY
2019-08-29,17.48,17.76,17.36,17.49,4340502,TRY
2019-09-02,17.46,18.03,17.32,17.78,3716341,TRY
2019-09-03,17.77,18.16,17.64,18.0,4052661,TRY
2019-09-04,18.18,18.27,17.97,18.1,2957073,TRY
2019-09-05,18.21,18.38,18.11,18.38,3145448,TRY
2019-09-06,18.39,18.39,17.9,18.02,3198951,TRY
2019-09-09,18.18,18.31,18.03,18.12,1928414,TRY
2019-09-10,18.07,18.28,17.96,18.28,2205982,TRY
2019-09-11,18.28,18.68,18.23,18.56,2713744,TRY
2019-09-12,18.61,18.64,18.35,18.45,2967568,TRY
2019-09-13,18.5,18.53,18.33,18.42,1501055,TRY
2019-09-16,18.4,18.8,18.31,18.72,2715593,TRY
2019-09-17,18.72,18.82,18.31,18.32,2614153,TRY
2019-09-18,18.32,18.38,18.0,18.25,2816558,TRY
2019-09-19,18.33,18.35,17.86,18.15,2999251,TRY
2019-09-20,18.11,18.33,17.97,18.07,4133124,TRY
2019-09-23,18.15,18.16,17.81,17.99,1816942,TRY
2019-09-24,18.27,18.55,18.18,18.54,6632711,TRY
2019-09-25,18.54,18.69,18.4,18.62,6047975,TRY
2019-09-26,18.64,18.77,18.37,18.7,4252536,TRY
2019-09-27,18.7,19.15,18.64,19.14,3451152,TRY
2019-09-30,19.31,19.59,18.91,18.91,2831483,TRY
2019-10-01,19.0,19.02,18.55,18.75,6465350,TRY
2019-10-02,18.65,18.98,18.6,18.84,4172538,TRY
2019-10-03,18.86,19.13,18.71,18.8,3200012,TRY
2019-10-04,18.82,19.0,18.75,18.78,2276477,TRY
2019-10-07,18.78,19.43,18.7,19.1,5223081,TRY
2019-10-08,19.0,19.3,18.91,19.23,9134883,TRY
2019-10-09,19.25,19.3,18.41,18.41,6299861,TRY
2019-10-10,18.52,18.64,17.89,18.23,6040557,TRY
2019-10-11,18.28,18.39,18.1,18.24,3322323,TRY
2019-10-14,18.09,18.09,16.99,17.6,7602373,TRY
2019-10-15,17.78,17.92,17.64,17.65,3468559,TRY
2019-10-16,17.49,17.75,16.88,17.6,6267074,TRY
2019-10-17,17.68,17.99,17.34,17.96,4995576,TRY
2019-10-18,18.18,18.56,18.13,18.35,4941293,TRY
2019-10-21,18.35,18.35,17.69,17.85,3006226,TRY
2019-10-22,17.87,18.22,17.8,18.2,2273336,TRY
2019-10-23,18.33,18.54,18.2,18.51,2703537,TRY
2019-10-24,18.6,18.72,18.42,18.7,2685951,TRY
2019-10-25,18.62,18.89,18.61,18.74,1792778,TRY
2019-10-28,18.75,18.98,18.67,18.67,2007806,TRY
2019-10-30,18.67,18.96,18.44,18.74,5221514,TRY
2019-10-31,18.76,18.9,18.7,18.73,3948720,TRY
2019-11-01,18.88,18.88,18.31,18.53,2436885,TRY
2019-11-04,18.8,19.2,18.56,19.11,2446875,TRY
2019-11-05,19.1,19.19,18.91,19.19,1942585,TRY
2019-11-06,19.18,19.45,18.91,19.34,3482104,TRY
2019-11-07,19.48,19.85,19.37,19.85,2426444,TRY
2019-11-08,19.86,20.12,19.78,19.85,3968348,TRY
2019-11-11,20.0,20.22,19.76,19.97,3480155,TRY
2019-11-12,20.0,20.46,19.9,19.9,4782928,TRY
2019-11-13,19.91,20.22,19.78,20.08,5095488,TRY
2019-11-14,20.2,20.38,20.06,20.16,7603915,TRY
2019-11-15,20.4,20.82,20.3,20.54,3634530,TRY
2019-11-18,20.66,21.0,20.6,20.82,3559274,TRY
2019-11-19,21.0,21.14,20.76,20.84,4182871,TRY
2019-11-20,20.86,20.88,20.52,20.6,3855931,TRY
2019-11-21,20.6,20.8,20.44,20.56,3330780,TRY
2019-11-22,20.6,20.7,20.32,20.48,3060937,TRY
2019-11-25,20.2,20.62,20.02,20.02,9927267,TRY
2019-11-26,20.04,20.1,19.51,19.66,11304270,TRY
2019-11-27,19.7,19.95,19.67,19.9,4390119,TRY
2019-11-28,19.98,20.16,19.86,20.16,2012029,TRY
2019-11-29,20.18,20.26,19.87,20.02,3318647,TRY
2019-12-02,20.04,20.7,20.04,20.7,7978780,TRY
2019-12-03,20.66,20.66,20.1,20.16,5502324,TRY
2019-12-04,20.16,20.3,19.81,19.89,4975922,TRY
2019-12-05,20.04,20.1,19.82,19.95,4086160,TRY
2019-12-06,20.1,20.26,19.84,20.14,2637437,TRY
2019-12-09,20.1,20.18,19.88,19.96,2838733,TRY
2019-12-10,19.98,20.02,19.57,19.63,3592717,TRY
2019-12-11,19.64,19.85,19.57,19.85,2786488,TRY
2019-12-12,19.93,20.26,19.81,20.26,4275750,TRY
2019-12-13,20.34,20.46,20.1,20.44,5367598,TRY
2019-12-16,20.4,20.66,20.16,20.16,5513108,TRY
2019-12-17,20.24,20.3,19.79,19.8,4969142,TRY
2019-12-18,19.79,19.96,19.57,19.96,3503387,TRY
2019-12-19,19.9,20.04,19.71,19.77,2705804,TRY
2019-12-20,19.82,19.98,19.68,19.7,3423836,TRY
2019-12-23,19.76,20.1,19.66,20.1,2445862,TRY
2019-12-24,20.26,20.26,19.99,20.04,1190288,TRY
2019-12-25,20.08,20.1,19.9,19.91,718494,TRY
2019-12-26,19.96,20.12,19.93,19.97,1076860,TRY
2019-12-27,20.04,20.08,19.9,19.99,2286670,TRY
2019-12-30,20.0,20.22,19.95,20.16,2188900,TRY
2019-12-31,20.14,20.52,20.1,20.32,2684410,TRY
