Date,Open,High,Low,Close,Volume,Currency
2013-06-18,28.4,28.6,28.0,28.1,444280,TRY
2013-06-19,28.5,29.3,28.4,29.0,697204,TRY
2013-06-20,28.4,28.4,25.2,25.7,1575805,TRY
2013-06-21,25.8,26.0,24.1,25.3,1958056,TRY
2013-06-24,25.3,25.3,23.25,23.5,1494271,TRY
2013-06-25,23.6,23.85,23.05,23.2,2097029,TRY
2013-06-26,23.0,23.0,21.7,22.3,3077229,TRY
2013-06-27,22.55,23.4,22.2,23.4,3236102,TRY
2013-06-28,23.0,23.45,22.5,23.4,2442859,TRY
2013-07-01,23.8,24.1,23.5,23.9,1360628,TRY
2013-07-02,24.05,24.45,23.7,23.8,2268585,TRY
2013-07-03,23.55,23.7,22.7,23.7,1696551,TRY
2013-07-04,23.7,23.9,22.95,23.9,847331,TRY
2013-07-05,23.7,23.7,22.85,22.9,1257907,TRY
2013-07-08,22.9,23.1,22.15,22.2,1094691,TRY
2013-07-09,22.6,23.15,22.4,23.1,1757613,TRY
2013-07-10,23.1,23.3,22.5,23.05,914259,TRY
2013-07-11,24.0,25.5,23.85,25.5,3373762,TRY
2013-07-12,25.5,25.9,24.8,25.9,797537,TRY
2013-07-15,26.3,27.4,26.1,27.0,1274555,TRY
2013-07-16,26.9,27.5,26.5,27.5,718022,TRY
2013-07-17,27.2,28.2,26.9,28.1,763167,TRY
2013-07-18,27.2,27.9,27.2,27.4,932175,TRY
2013-07-19,27.6,27.8,26.8,27.6,619461,TRY
2013-07-22,28.3,28.8,28.1,28.6,746369,TRY
2015-02-05,17.9,18.87,17.61,18.53,1916416,TRY
2015-02-06,18.82,18.82,17.85,18.34,924818,TRY
2015-02-09,18.34,18.72,18.34,18.72,632517,TRY
2015-02-10,18.77,19.25,18.38,18.53,747580,TRY
2015-02-11,18.67,18.82,18.29,18.48,387613,TRY
2015-02-12,18.63,18.87,18.58,18.82,998271,TRY
2015-02-13,18.92,20.07,18.92,19.98,2058545,TRY
2015-02-16,20.27,20.46,19.11,19.2,516164,TRY
2015-02-17,19.35,19.83,18.38,19.25,1015975,TRY
2015-02-18,19.3,19.83,19.25,19.64,493942,TRY
2015-02-19,19.69,20.36,19.54,20.36,846910,TRY
2015-02-20,20.36,20.46,19.69,19.78,614826,TRY
2015-04-28,30.3,30.65,29.6,30.0,604889,TRY
2015-04-29,30.15,30.35,29.05,29.1,541246,TRY
2015-04-30,28.7,29.0,27.3,27.85,1257152,TRY
2015-05-04,28.35,28.8,27.95,28.35,348255,TRY
2015-05-05,28.35,29.5,26.1,26.3,1582988,TRY
2015-05-06,26.0,27.0,24.65,26.9,1773781,TRY
2015-05-07,26.95,27.5,26.0,26.0,1385661,TRY
2015-05-08,25.95,26.95,25.85,26.5,788505,TRY
2015-05-11,26.6,27.45,26.6,27.45,424308,TRY
2015-05-12,27.95,28.6,26.95,28.5,608969,TRY
2015-05-13,28.6,29.75,28.5,29.55,730744,TRY
2015-05-14,29.6,29.95,28.65,29.4,538856,TRY
2015-05-15,29.6,29.75,28.5,28.55,292034,TRY
2015-05-18,28.45,29.75,28.3,29.15,363028,TRY
2015-05-20,29.1,29.25,28.75,29.0,395697,TRY
2015-05-21,29.0,31.0,28.15,28.5,1927400,TRY
2015-05-22,28.9,29.25,27.5,27.75,439788,TRY
2015-05-25,27.85,28.5,27.75,28.1,202158,TRY
2015-05-26,27.4,28.35,27.4,27.8,166608,TRY
2015-05-27,27.9,28.2,27.55,27.85,243703,TRY
2015-05-28,27.75,28.0,27.1,27.3,314407,TRY
2015-05-29,27.3,27.5,26.1,26.8,366993,TRY
2015-06-01,26.0,27.45,25.4,27.3,393331,TRY
2015-06-02,26.8,27.1,25.8,27.0,520325,TRY
2015-06-03,27.0,28.1,26.5,27.9,855251,TRY
2015-06-04,27.9,28.3,26.35,26.9,379667,TRY
2015-06-05,26.6,27.25,26.0,26.2,327302,TRY
2015-06-08,28.1,30.0,27.0,28.2,976271,TRY
2015-06-09,28.25,28.75,27.5,27.9,455463,TRY
2015-06-10,27.9,27.9,27.1,27.45,428124,TRY
2015-06-11,27.55,27.7,27.1,27.3,247632,TRY
2015-06-12,27.2,27.6,27.2,27.55,283701,TRY
2015-06-15,27.55,27.6,26.3,26.3,429473,TRY
2015-06-16,26.35,26.65,25.8,25.8,336698,TRY
2015-06-17,25.8,26.0,25.1,25.15,759492,TRY
2015-06-18,25.25,26.35,25.25,26.15,487698,TRY
2015-06-19,26.45,26.65,26.0,26.55,372649,TRY
2015-06-22,26.65,26.9,26.1,26.4,421228,TRY
2015-06-23,26.45,27.0,26.3,27.0,408082,TRY
2015-06-24,27.0,27.45,26.8,27.45,442888,TRY
2015-06-25,27.55,28.7,27.3,28.2,698992,TRY
2015-06-26,28.25,28.7,28.0,28.7,263447,TRY
2015-06-29,28.7,28.75,27.65,28.75,361031,TRY
2015-06-30,28.45,29.2,28.15,28.35,302901,TRY
2015-07-01,28.9,29.05,28.3,28.6,231924,TRY
2015-07-02,28.75,28.75,27.35,27.55,338471,TRY
2015-07-03,27.55,27.7,26.7,27.05,293427,TRY
2015-07-06,26.8,27.55,26.8,27.5,210670,TRY
2015-07-07,27.5,27.65,26.95,27.0,179520,TRY
2015-07-08,26.9,27.9,26.4,27.4,419803,TRY
2015-07-09,27.6,28.3,27.15,28.15,315440,TRY
2015-07-10,28.35,28.5,27.55,27.7,441262,TRY
2015-07-13,27.95,29.5,27.45,28.25,1584068,TRY
2015-07-14,28.9,29.9,28.55,28.95,551303,TRY
2015-07-15,29.1,29.15,28.05,28.8,276235,TRY
2015-07-16,28.85,29.2,28.55,29.2,145831,TRY
2015-07-20,28.8,28.9,28.05,28.05,242117,TRY
2015-07-21,28.0,28.1,27.0,27.0,440184,TRY
2015-07-22,26.9,27.15,26.4,26.4,378997,TRY
2015-07-23,26.65,27.5,25.65,26.2,410418,TRY
2015-07-24,25.55,26.15,25.55,25.85,228211,TRY
2015-07-27,25.85,25.9,24.65,24.9,523893,TRY
2015-07-28,24.85,25.75,24.65,25.15,911142,TRY
2015-07-29,25.05,25.5,23.65,23.85,510326,TRY
2015-07-30,24.0,24.3,22.95,23.0,679444,TRY
2015-07-31,23.35,23.35,22.5,23.25,1332872,TRY
2015-08-03,23.5,24.35,23.1,23.25,947008,TRY
2015-08-04,23.3,23.7,23.15,23.3,754970,TRY
2015-08-05,23.3,23.4,22.9,22.9,623792,TRY
2015-08-06,23.0,23.5,22.65,23.5,409460,TRY
2015-08-07,23.55,23.95,23.4,23.85,297282,TRY
2015-08-10,23.65,24.3,23.1,23.55,336550,TRY
2015-08-11,23.75,24.95,23.75,24.7,462213,TRY
2015-08-12,24.5,24.8,24.0,24.5,368221,TRY
2015-08-13,24.5,25.7,24.35,25.5,626334,TRY
2015-08-14,25.5,25.5,24.7,24.8,235556,TRY
2015-08-17,24.65,25.3,24.3,25.15,259193,TRY
2015-08-18,25.0,25.5,24.5,25.0,385158,TRY
2015-08-19,24.9,25.8,24.35,25.55,531123,TRY
2015-08-20,25.3,26.4,25.0,26.3,558956,TRY
2015-08-21,26.45,27.05,26.2,26.5,443064,TRY
2015-08-24,26.5,26.5,24.8,25.2,333175,TRY
2015-08-25,25.4,25.45,24.85,25.0,332952,TRY
2015-08-26,24.9,25.6,24.25,24.35,362047,TRY
2015-08-27,24.65,24.85,23.85,23.9,239456,TRY
2015-08-28,24.15,24.9,24.1,24.6,304070,TRY
2015-08-31,24.35,24.55,23.95,24.4,306524,TRY
2015-09-01,21.75,21.75,19.55,19.7,1156882,TRY
2015-09-02,19.7,21.0,19.2,19.2,608946,TRY
2015-09-03,19.15,20.25,19.15,19.9,446681,TRY
2015-09-04,19.85,19.85,19.25,19.4,283110,TRY
2015-09-07,19.1,19.95,18.7,19.75,292152,TRY
2015-09-08,20.0,20.0,19.15,19.15,257449,TRY
2015-09-09,19.25,19.95,19.1,19.4,425068,TRY
2015-09-10,19.4,19.8,18.95,19.05,423857,TRY
2015-09-11,19.15,19.4,19.15,19.3,202136,TRY
2015-09-14,19.45,20.65,19.4,20.55,513728,TRY
2015-09-15,20.95,20.95,20.2,20.65,351210,TRY
2015-09-16,21.0,21.0,20.2,20.95,402538,TRY
2015-09-17,20.65,21.8,20.65,21.5,651467,TRY
2015-09-18,21.5,23.1,21.5,22.35,1065050,TRY
2015-09-21,22.3,22.75,21.75,21.8,570461,TRY
2015-09-22,22.1,22.2,21.05,21.15,398499,TRY
2015-09-23,21.1,21.25,20.7,20.7,136092,TRY
2015-09-28,20.9,21.5,20.85,21.2,283220,TRY
2015-09-29,20.85,21.15,20.55,20.75,235884,TRY
2015-09-30,20.8,22.0,20.8,21.95,432826,TRY
2015-10-01,22.0,22.15,21.2,21.2,347132,TRY
2015-10-02,21.2,21.4,20.6,20.95,445007,TRY
2015-10-05,21.35,21.5,20.8,21.0,413272,TRY
2015-10-06,21.0,21.2,20.5,20.5,551090,TRY
2015-10-07,20.8,21.15,20.65,20.8,744678,TRY
2015-10-08,20.8,20.9,20.35,20.35,1083815,TRY
2015-10-09,20.5,20.6,20.25,20.3,527023,TRY
2015-10-12,20.2,20.7,20.15,20.6,490398,TRY
2015-10-13,20.5,20.55,19.9,20.15,364230,TRY
2015-10-14,19.9,20.35,19.85,20.1,319856,TRY
2015-10-15,20.2,20.45,20.05,20.2,679886,TRY
2015-10-16,20.3,20.3,19.4,19.4,462727,TRY
2015-10-19,19.6,19.85,19.45,19.75,372842,TRY
2015-10-20,19.6,20.1,19.4,20.1,414050,TRY
2015-10-21,20.2,20.25,19.6,19.6,285721,TRY
2015-10-22,19.65,21.55,19.65,20.75,2138497,TRY
2015-10-23,20.95,21.5,20.8,20.9,851791,TRY
2015-10-26,21.2,22.35,19.7,19.7,1864010,TRY
2015-10-27,19.35,19.35,17.4,17.4,76628,TRY
2015-10-28,15.65,16.2,15.65,15.8,1154484,TRY
2015-10-30,14.5,16.4,14.4,16.4,3008253,TRY
2015-11-02,14.5,16.0,14.5,16.0,1413720,TRY
2015-11-03,15.95,16.7,15.1,15.6,1007270,TRY
2015-11-04,15.6,15.8,15.25,15.35,457896,TRY
2015-11-05,15.35,15.35,14.55,14.55,928096,TRY
2015-11-06,14.55,16.0,14.45,14.7,1942091,TRY
2015-11-09,14.75,14.95,14.5,14.6,422944,TRY
2015-11-10,14.6,14.75,14.5,14.5,496473,TRY
2015-11-11,14.55,14.85,14.5,14.5,605215,TRY
2015-11-12,14.5,14.65,14.4,14.55,570431,TRY
2015-11-13,14.6,14.6,14.4,14.4,349724,TRY
2015-11-16,14.2,14.35,13.9,14.1,413478,TRY
2015-11-17,14.15,14.4,13.8,14.05,751071,TRY
2015-11-18,13.9,14.2,13.8,14.15,369971,TRY
2015-11-19,14.2,14.2,13.15,13.4,729088,TRY
2015-11-20,13.3,14.05,13.2,13.45,1065644,TRY
2015-11-23,13.45,13.65,13.0,13.0,361654,TRY
2015-11-24,13.15,13.15,11.95,11.95,507471,TRY
2015-11-25,12.0,12.25,11.8,12.0,404062,TRY
2015-11-26,12.05,12.05,11.35,11.6,299462,TRY
2015-11-27,11.4,12.5,11.4,11.65,582011,TRY
2015-11-30,11.75,11.8,11.4,11.8,193095,TRY
2015-12-01,11.85,11.85,11.43,11.5,535998,TRY
2015-12-02,11.5,11.76,11.46,11.49,573534,TRY
2015-12-03,11.49,11.61,11.48,11.48,347539,TRY
2015-12-04,11.5,11.57,11.15,11.27,257577,TRY
2015-12-07,11.27,11.32,10.9,10.92,543319,TRY
2015-12-08,10.95,10.95,10.01,10.37,446197,TRY
2015-12-09,10.43,11.82,10.24,11.77,1407713,TRY
2015-12-10,11.76,12.36,10.75,10.94,1102890,TRY
2015-12-11,10.85,10.9,10.15,10.35,980462,TRY
2015-12-14,10.4,10.5,10.11,10.22,589451,TRY
2015-12-15,10.36,10.36,9.96,10.01,1593889,TRY
2015-12-16,10.01,10.19,9.75,10.0,1086618,TRY
2015-12-17,10.08,10.57,9.96,10.12,1163579,TRY
2015-12-18,10.07,10.2,9.92,10.0,861269,TRY
2015-12-21,10.0,10.4,9.95,10.28,1008510,TRY
2015-12-22,10.27,10.79,10.11,10.63,809534,TRY
2015-12-23,10.75,12.3,10.7,11.91,1338579,TRY
2015-12-24,12.0,13.96,11.95,13.51,1868052,TRY
2015-12-25,13.7,15.9,13.7,15.6,3623890,TRY
2015-12-28,15.83,17.4,12.8,13.87,5481315,TRY
2015-12-29,13.9,14.12,12.05,12.14,1951157,TRY
2015-12-30,12.3,13.48,12.17,13.06,2682269,TRY
2015-12-31,13.13,13.5,12.25,12.28,1608021,TRY
2016-01-04,12.0,12.25,11.5,11.54,1092396,TRY
2016-01-05,11.56,11.99,11.26,11.69,1082302,TRY
2016-01-06,11.55,12.67,11.37,12.63,2852151,TRY
2016-01-07,12.75,13.26,12.7,12.76,1774858,TRY
2016-01-08,12.89,12.9,11.8,11.88,1233721,TRY
2016-01-11,11.8,12.17,11.67,11.84,876910,TRY
2016-01-12,11.88,12.35,11.84,11.86,1207415,TRY
2016-01-13,11.93,12.29,11.89,12.16,1255196,TRY
2016-01-14,12.12,12.85,12.07,12.7,1723575,TRY
2016-01-15,12.8,12.84,12.11,12.19,917944,TRY
2016-01-18,12.27,12.5,11.8,11.8,806287,TRY
2016-01-19,11.91,12.45,11.83,12.29,1215369,TRY
2016-01-20,12.16,12.66,12.14,12.2,1435863,TRY
2016-01-21,12.24,12.33,11.81,11.96,666089,TRY
2016-01-22,12.2,13.0,12.07,12.41,2172472,TRY
2016-01-25,12.51,12.57,12.15,12.2,530566,TRY
2016-01-26,12.1,12.5,12.03,12.29,874567,TRY
2016-01-27,12.32,12.57,12.26,12.33,834297,TRY
2016-01-28,12.39,12.52,12.27,12.3,899258,TRY
2016-01-29,12.38,12.54,12.33,12.54,1245350,TRY
2016-02-01,12.54,12.9,12.41,12.45,610178,TRY
2016-02-02,12.57,12.62,12.28,12.33,616106,TRY
2016-02-03,12.21,12.89,12.21,12.77,1138367,TRY
2016-02-04,12.9,14.22,12.8,14.09,2099780,TRY
2016-02-05,14.12,15.39,13.41,14.0,2507503,TRY
2016-02-08,14.1,15.16,14.01,14.78,1338241,TRY
2016-02-09,14.94,15.66,14.07,15.18,2071589,TRY
2016-02-10,15.29,15.5,13.82,13.99,1317370,TRY
2016-02-11,13.99,14.59,13.93,14.0,1220087,TRY
2016-02-12,14.06,14.17,13.52,13.76,766661,TRY
2016-02-15,13.8,14.5,13.1,14.13,1006186,TRY
2016-02-16,14.25,14.55,13.88,14.0,688053,TRY
2016-02-17,14.1,14.5,13.94,14.34,1457106,TRY
2016-02-18,14.29,14.84,14.15,14.62,1553071,TRY
2016-02-19,14.79,15.49,14.55,14.92,1483189,TRY
2016-02-22,14.92,15.4,14.8,14.89,1317009,TRY
2016-02-23,14.92,15.04,14.9,14.93,620182,TRY
2016-02-24,15.0,15.62,14.87,15.35,1313331,TRY
2016-02-25,15.4,15.64,15.02,15.16,718052,TRY
2016-02-26,15.22,15.3,15.04,15.12,305886,TRY
2016-02-29,15.13,16.43,15.13,16.24,794093,TRY
2016-03-01,16.0,16.45,15.69,16.01,715000,TRY
2016-03-02,15.8,15.94,14.74,15.56,1004748,TRY
2016-03-03,15.6,15.94,15.58,15.75,611184,TRY
2016-03-04,16.05,16.44,15.9,16.29,738508,TRY
2016-03-07,16.29,17.1,16.1,16.94,602271,TRY
2016-03-08,16.98,19.68,16.96,17.96,4080898,TRY
2016-03-09,18.06,18.13,16.45,16.5,1635426,TRY
2016-03-10,16.55,17.32,16.4,16.79,1358227,TRY
2016-03-11,16.9,16.96,16.22,16.34,650537,TRY
2016-03-14,16.4,16.89,15.93,16.88,1051580,TRY
2016-03-15,16.87,16.97,16.35,16.45,666287,TRY
2016-03-16,16.36,17.29,16.36,17.21,849037,TRY
2016-03-17,17.44,18.53,17.44,18.2,1092956,TRY
2016-03-18,18.25,18.76,17.81,18.76,1430271,TRY
2016-03-21,18.76,19.5,18.64,18.71,893930,TRY
2016-03-22,18.72,18.86,18.01,18.03,664698,TRY
2016-03-23,18.02,18.4,17.9,17.97,423233,TRY
2016-03-24,17.83,18.18,17.5,17.55,441398,TRY
2016-03-25,17.6,18.18,17.6,17.77,310331,TRY
2016-03-28,17.99,18.08,17.8,18.0,85847,TRY
2016-03-29,18.1,18.26,17.7,17.71,349466,TRY
2016-03-30,17.85,18.45,17.85,18.15,753425,TRY
2016-03-31,18.25,18.25,17.85,18.07,381932,TRY
2016-04-01,18.08,18.3,17.91,18.14,444062,TRY
2016-04-04,18.14,18.3,17.94,18.01,315654,TRY
2016-04-05,18.08,18.2,17.35,17.64,474747,TRY
2016-04-06,17.75,17.85,17.02,17.07,576994,TRY
2016-04-07,17.2,17.27,16.7,17.12,438450,TRY
2016-04-08,17.15,18.0,15.52,17.89,799125,TRY
2016-04-11,18.05,18.49,17.84,18.42,430816,TRY
2016-04-12,18.47,19.09,18.41,18.73,642060,TRY
2016-04-13,18.73,19.55,18.52,19.39,774039,TRY
2016-04-14,19.42,19.69,18.76,18.76,474093,TRY
2016-04-15,19.3,19.3,18.26,18.43,625382,TRY
2016-04-18,18.44,18.75,18.02,18.2,619315,TRY
2016-04-19,18.21,18.5,18.16,18.38,905059,TRY
2016-04-20,18.4,18.51,17.02,17.18,1103177,TRY
2016-04-21,17.21,18.47,17.21,18.06,1125143,TRY
2016-04-22,18.13,18.3,17.74,18.25,703313,TRY
2016-04-25,18.34,18.45,17.99,18.35,358207,TRY
2016-04-26,18.45,18.45,17.84,18.0,537854,TRY
2016-04-27,18.2,18.54,18.01,18.1,654145,TRY
2016-04-28,18.16,18.25,17.96,18.02,373713,TRY
2016-04-29,18.12,18.4,17.93,18.3,942480,TRY
2016-05-02,18.3,18.6,17.93,17.94,627831,TRY
2016-05-03,18.07,18.11,16.89,16.97,624678,TRY
2016-05-04,17.06,17.09,15.89,15.9,877811,TRY
2016-05-05,15.85,16.23,14.81,16.0,1259675,TRY
2016-05-06,16.01,16.04,15.51,15.85,554333,TRY
2016-05-09,16.0,16.21,15.86,15.9,445800,TRY
2016-05-10,15.85,15.98,15.15,15.68,445956,TRY
2016-05-11,15.69,15.76,15.31,15.41,761270,TRY
2016-05-12,15.39,15.5,14.92,14.98,588864,TRY
2016-05-13,14.92,14.92,14.25,14.35,1259462,TRY
2016-05-16,14.18,14.69,13.2,13.52,1118071,TRY
2016-05-17,13.6,15.58,13.6,15.27,2110664,TRY
2016-05-18,15.29,16.44,15.29,15.87,1568214,TRY
2016-05-20,15.8,16.38,15.0,15.14,633529,TRY
2016-05-23,15.14,15.64,15.14,15.27,370909,TRY
2016-05-24,15.29,16.2,15.29,15.44,830189,TRY
2016-05-25,15.5,15.59,14.52,14.6,891824,TRY
2016-05-26,14.62,15.24,14.21,14.7,918847,TRY
2016-05-27,14.8,15.04,14.45,14.8,525389,TRY
2016-05-30,14.6,14.75,14.1,14.22,730749,TRY
2016-05-31,14.3,14.45,13.74,13.74,1193592,TRY
2016-06-01,13.8,13.89,13.55,13.7,671323,TRY
2016-06-02,13.76,14.3,13.52,13.63,981382,TRY
2016-06-03,13.65,14.16,13.6,14.08,595615,TRY
2016-06-06,14.23,14.7,13.87,13.95,541225,TRY
2016-06-07,14.07,14.29,13.88,14.02,662137,TRY
2016-06-08,14.06,14.21,13.9,14.0,730977,TRY
2016-06-09,14.13,14.13,13.63,13.8,421286,TRY
2016-06-10,13.94,13.94,13.4,13.41,321200,TRY
2016-06-13,13.41,13.55,12.91,13.32,470286,TRY
2016-06-14,13.35,13.43,13.02,13.05,437475,TRY
2016-06-15,13.1,13.35,13.04,13.28,661336,TRY
2016-06-16,13.5,14.42,13.18,13.34,1638958,TRY
2016-06-17,13.39,13.58,12.92,12.94,872887,TRY
2016-06-20,13.15,13.25,12.89,13.09,466149,TRY
2016-06-21,13.07,13.29,12.92,13.02,421626,TRY
2016-06-22,13.02,13.09,12.75,12.77,561269,TRY
2016-06-23,12.79,13.0,12.58,12.88,617204,TRY
2016-06-24,12.5,13.75,12.0,12.85,1752891,TRY
2016-06-27,12.94,13.15,12.73,12.81,728817,TRY
2016-06-28,12.85,12.98,12.8,12.92,503489,TRY
2016-06-29,12.88,13.03,12.82,12.99,423824,TRY
2016-06-30,12.99,13.18,12.73,12.73,593039,TRY
2016-07-01,12.76,12.94,12.74,12.93,365849,TRY
2016-07-04,13.05,13.3,12.85,13.16,210087,TRY
2016-07-08,13.11,13.83,13.1,13.48,874319,TRY
2016-07-11,13.62,13.99,13.51,13.9,849164,TRY
2016-07-12,13.95,14.36,13.6,13.67,904468,TRY
2016-07-13,13.71,13.91,13.63,13.72,588262,TRY
2016-07-14,13.76,13.94,13.64,13.65,599977,TRY
2016-07-15,13.72,13.72,13.0,13.28,1038620,TRY
2016-07-18,10.76,12.12,10.63,10.63,1737358,TRY
2016-07-19,10.6,10.6,8.56,9.85,2766271,TRY
2016-07-20,9.8,10.36,9.25,9.84,2941766,TRY
2016-07-21,9.6,10.0,9.14,9.18,1231677,TRY
2016-07-22,9.42,10.88,9.25,10.35,4521231,TRY
2016-07-25,10.56,11.35,10.51,11.01,3684261,TRY
2016-07-26,11.12,11.29,9.99,10.14,2611998,TRY
2016-07-27,10.27,10.42,10.02,10.33,1638843,TRY
2016-07-28,10.35,10.44,10.1,10.31,1257888,TRY
2016-07-29,10.34,10.34,9.91,10.13,868959,TRY
2016-08-01,10.2,10.25,10.06,10.15,602415,TRY
2016-08-02,10.18,10.65,10.05,10.3,1801297,TRY
2016-08-03,10.35,10.42,9.82,9.95,973969,TRY
2016-08-04,10.02,10.25,9.8,10.18,696882,TRY
2016-08-05,10.16,10.29,9.94,10.13,489213,TRY
2016-08-08,10.27,10.4,10.14,10.26,517607,TRY
2016-08-09,10.27,10.45,10.22,10.42,603867,TRY
2016-08-10,10.42,10.97,10.31,10.43,1207411,TRY
2016-08-11,10.49,10.54,10.11,10.24,775831,TRY
2016-08-12,10.24,10.24,9.2,9.5,1877927,TRY
2016-08-15,9.52,9.91,9.3,9.57,989145,TRY
2016-08-16,9.75,10.15,9.57,10.06,1466254,TRY
2016-08-17,10.23,11.25,10.15,10.87,2081208,TRY
2016-08-18,11.0,11.06,10.22,10.54,1198567,TRY
2016-08-19,10.5,10.5,10.22,10.36,532540,TRY
2016-08-22,10.2,11.06,10.19,10.54,1585332,TRY
2016-08-23,10.69,10.85,10.4,10.7,672899,TRY
2016-08-24,10.9,12.84,10.9,12.84,3387587,TRY
2016-08-25,13.8,15.2,13.0,14.54,11115208,TRY
2016-08-26,14.64,14.68,13.61,13.9,3553665,TRY
2016-08-29,13.89,14.1,12.8,13.55,1279360,TRY
2016-08-31,13.5,14.04,12.8,13.83,2490062,TRY
2016-09-01,14.01,14.2,13.37,13.37,1639178,TRY
2016-09-02,13.66,14.17,13.28,14.1,3160050,TRY
2016-09-05,14.32,14.6,13.91,14.13,1966111,TRY
2016-09-06,14.18,14.38,13.99,14.27,1040680,TRY
2016-09-07,14.4,14.75,14.27,14.6,1467111,TRY
2016-09-08,14.75,15.15,14.7,14.97,1928718,TRY
2016-09-09,15.4,17.59,15.08,16.34,7571844,TRY
2016-09-16,16.46,17.77,16.3,17.71,6677910,TRY
2016-09-19,18.5,19.69,18.06,19.57,7908711,TRY
2016-09-20,19.68,19.7,16.54,17.96,8313009,TRY
2016-09-21,17.96,18.07,17.04,17.42,3749284,TRY
2016-09-22,17.6,18.5,17.53,17.85,3068783,TRY
2016-09-23,17.85,18.07,17.6,17.6,1064383,TRY
2016-09-26,16.5,18.19,16.41,17.43,2430291,TRY
2016-09-27,17.6,17.77,17.06,17.1,1387124,TRY
2016-09-28,17.19,17.89,16.85,17.15,1918892,TRY
2016-09-29,17.47,17.85,17.11,17.2,1697777,TRY
2016-09-30,17.27,17.27,16.88,16.93,742829,TRY
2016-10-03,16.97,17.45,16.72,17.25,1002808,TRY
2016-10-04,17.27,17.55,17.13,17.3,1454306,TRY
2016-10-05,17.2,17.43,17.03,17.2,724855,TRY
2016-10-06,17.22,17.54,17.06,17.26,1160522,TRY
2016-10-07,17.25,17.4,17.07,17.11,783200,TRY
2016-10-10,17.23,18.48,17.19,18.0,7401353,TRY
2016-10-11,18.08,18.13,17.19,17.45,4519175,TRY
2016-10-12,17.54,17.54,17.12,17.37,1392972,TRY
2016-10-13,18.07,18.49,17.39,17.83,2871466,TRY
2016-10-14,17.81,17.81,17.34,17.41,666792,TRY
2016-10-17,17.31,18.22,17.18,17.41,1507002,TRY
2016-10-18,17.5,17.86,17.41,17.47,1037425,TRY
2016-10-19,17.62,17.75,17.42,17.53,726128,TRY
2016-10-20,17.51,17.85,17.51,17.74,1006004,TRY
2016-10-21,17.82,18.18,17.69,17.7,1824323,TRY
2016-10-24,17.74,17.92,17.65,17.75,708939,TRY
2016-10-25,17.8,17.81,17.32,17.5,530449,TRY
2016-10-26,17.4,17.98,17.12,17.56,844133,TRY
2016-10-27,17.46,18.0,17.42,17.62,673202,TRY
2016-10-28,17.63,17.64,17.41,17.59,275484,TRY
2016-10-31,17.59,17.75,17.51,17.58,341806,TRY
2016-11-01,17.72,18.37,17.57,17.91,2900540,TRY
2016-11-02,18.03,18.24,17.56,17.75,710138,TRY
2016-11-03,17.75,17.95,17.6,17.77,550324,TRY
2016-11-04,17.67,17.67,16.85,17.0,756995,TRY
2016-11-07,17.1,17.54,17.1,17.29,397697,TRY
2016-11-08,17.32,17.44,17.07,17.1,460967,TRY
2016-11-09,16.96,17.48,16.12,17.41,787689,TRY
2016-11-10,17.51,17.55,17.19,17.27,452553,TRY
2016-11-11,17.21,17.3,16.92,16.98,518452,TRY
2016-11-14,16.98,17.1,16.48,16.6,462707,TRY
2016-11-15,16.69,16.74,16.16,16.33,449526,TRY
2016-11-16,16.35,16.38,15.95,16.12,396320,TRY
2016-11-17,16.17,17.4,15.92,16.51,1536842,TRY
2016-11-18,16.4,16.64,16.11,16.5,707321,TRY
2016-11-21,16.55,16.56,16.25,16.25,228155,TRY
2016-11-22,16.34,16.92,16.25,16.7,415455,TRY
2016-11-23,16.68,16.68,16.11,16.2,394473,TRY
2016-11-24,16.2,16.61,16.12,16.26,428616,TRY
2016-11-25,16.26,16.35,16.07,16.17,196977,TRY
2016-11-28,16.25,16.42,16.2,16.22,225594,TRY
2016-11-29,16.23,16.3,16.04,16.13,185451,TRY
2016-11-30,16.21,16.22,15.63,15.63,567590,TRY
2016-12-01,15.6,15.69,15.07,15.52,516616,TRY
2016-12-02,15.52,15.9,15.25,15.76,547325,TRY
2016-12-05,15.7,16.33,15.58,16.15,449512,TRY
2016-12-06,16.2,16.8,16.15,16.61,371362,TRY
2016-12-07,16.5,16.9,16.46,16.78,419366,TRY
2016-12-08,16.78,16.99,16.53,16.75,418906,TRY
2016-12-09,16.62,16.85,16.62,16.7,214483,TRY
2016-12-12,16.6,18.02,16.15,17.1,1815999,TRY
2016-12-13,17.2,17.37,16.55,16.9,1198458,TRY
2016-12-14,16.87,17.11,16.35,16.49,1005614,TRY
2016-12-15,16.49,16.58,16.22,16.25,528020,TRY
2016-12-16,16.32,16.33,15.67,15.67,3152733,TRY
2016-12-19,15.89,16.5,15.69,16.48,721942,TRY
2016-12-20,16.48,16.82,16.11,16.75,554959,TRY
2016-12-21,16.75,16.96,16.69,16.86,392199,TRY
2016-12-22,16.8,16.8,15.8,15.85,1004089,TRY
2016-12-23,15.85,15.92,14.84,15.15,1107116,TRY
2016-12-26,15.22,15.48,15.18,15.32,186414,TRY
2016-12-27,15.4,15.46,15.12,15.38,238490,TRY
2016-12-28,15.38,15.6,15.21,15.51,258866,TRY
2016-12-29,15.45,16.39,15.4,16.31,639356,TRY
2016-12-30,16.35,16.62,16.13,16.34,439098,TRY
2017-01-02,16.34,16.39,16.2,16.32,124057,TRY
2017-01-03,16.32,16.38,15.05,16.19,308744,TRY
2017-01-04,16.14,16.15,15.8,16.04,536186,TRY
2017-01-05,16.1,16.28,15.93,16.05,436026,TRY
2017-01-06,16.13,16.42,16.03,16.32,442566,TRY
2017-01-09,16.24,16.51,16.1,16.51,275781,TRY
2017-01-10,16.42,16.83,16.34,16.54,347568,TRY
2017-01-11,16.49,17.28,16.33,17.14,889670,TRY
2017-01-12,17.3,17.57,17.14,17.4,458001,TRY
2017-01-13,17.4,17.69,17.38,17.57,434455,TRY
2017-01-16,17.57,18.48,17.43,18.0,809572,TRY
2017-01-17,18.05,18.08,17.42,17.61,473511,TRY
2017-01-18,17.59,17.96,17.42,17.85,519587,TRY
2017-01-19,17.85,18.15,17.51,17.8,386852,TRY
2017-01-20,17.8,17.93,17.25,17.5,435716,TRY
2017-01-23,17.51,17.55,16.8,17.22,389671,TRY
2017-01-24,17.21,17.56,16.86,17.5,390148,TRY
2017-01-25,17.7,17.98,17.27,17.58,263929,TRY
2017-01-26,17.62,17.63,17.26,17.29,209710,TRY
2017-01-27,17.2,17.6,17.16,17.31,251923,TRY
2017-01-30,17.25,17.7,17.0,17.59,303044,TRY
2017-01-31,17.56,17.75,17.56,17.74,338656,TRY
2017-02-01,17.7,18.0,17.6,17.91,259179,TRY
2017-02-02,17.93,18.0,17.77,17.82,189942,TRY
2017-02-03,17.7,18.14,17.6,17.95,306465,TRY
2017-02-06,18.05,18.53,17.96,18.36,671988,TRY
2017-02-07,18.36,21.4,18.19,20.88,2922572,TRY
2017-02-08,21.02,21.46,19.1,19.22,2068367,TRY
2017-02-09,19.41,22.7,19.36,22.02,3909602,TRY
2017-02-10,22.46,22.7,20.9,21.18,1875765,TRY
2017-02-13,21.6,21.7,20.06,21.08,1555412,TRY
2017-02-14,21.14,21.36,20.5,20.78,638488,TRY
2017-02-15,20.92,21.8,20.68,21.02,1252652,TRY
2017-02-16,21.16,21.48,20.92,21.16,860328,TRY
2017-02-17,21.16,21.54,21.08,21.34,722188,TRY
2017-02-20,21.5,21.68,20.96,21.12,589269,TRY
2017-02-21,21.2,21.28,20.74,20.74,465510,TRY
2017-02-22,20.6,21.2,20.6,20.96,594972,TRY
2017-02-23,20.96,21.08,20.54,20.66,869453,TRY
2017-02-24,20.76,20.82,20.38,20.7,696467,TRY
2017-02-27,20.68,20.8,19.95,20.02,482739,TRY
2017-02-28,20.02,20.04,18.8,18.83,1254744,TRY
2017-03-01,18.85,19.16,18.8,19.12,708914,TRY
2017-03-02,19.12,20.52,19.02,19.26,1213408,TRY
2017-03-03,19.24,19.31,18.98,19.02,700187,TRY
2017-03-06,19.15,19.4,18.96,19.16,430471,TRY
2017-03-07,19.3,19.3,18.82,18.86,650051,TRY
2017-03-08,18.82,19.1,18.53,18.75,715980,TRY
2017-03-09,18.57,18.88,18.45,18.63,400435,TRY
2017-03-10,18.58,18.95,18.34,18.34,398593,TRY
2017-03-13,18.21,19.48,18.21,19.26,1054854,TRY
2017-03-14,19.28,19.77,19.09,19.56,542448,TRY
2017-03-15,19.5,19.5,18.71,18.79,741928,TRY
2017-03-16,19.06,20.38,19.06,20.0,2311616,TRY
2017-03-17,20.02,20.78,19.86,20.2,2180163,TRY
2017-03-20,20.18,20.68,19.99,20.3,373145,TRY
2017-03-21,20.4,21.18,20.32,20.68,436647,TRY
2017-03-22,20.52,21.02,20.34,20.6,306900,TRY
2017-03-23,20.3,20.6,19.75,20.08,489267,TRY
2017-03-24,20.08,20.18,19.63,19.9,415596,TRY
2017-03-27,19.92,20.02,19.46,20.02,322001,TRY
2017-03-28,20.02,20.02,19.69,19.78,257611,TRY
2017-03-29,19.5,19.53,19.19,19.42,332814,TRY
2017-03-30,19.34,20.12,19.22,20.06,608798,TRY
2017-03-31,19.96,20.28,19.61,19.92,649797,TRY
2017-04-03,19.92,19.99,19.72,19.85,199351,TRY
2017-04-04,19.85,20.1,19.73,19.73,372572,TRY
2017-04-05,19.81,20.48,19.73,20.0,591407,TRY
2017-04-06,19.8,20.08,19.8,19.94,330378,TRY
2017-04-07,19.89,20.0,19.75,19.81,472104,TRY
2017-04-10,19.81,19.92,19.64,19.82,333889,TRY
2017-04-11,19.9,20.86,19.79,20.66,1239871,TRY
2017-04-12,20.66,21.72,20.1,20.86,2616818,TRY
2017-04-13,20.94,20.98,20.24,20.44,981746,TRY
2017-04-14,20.4,20.84,20.24,20.26,229263,TRY
2017-04-17,20.34,20.66,20.34,20.38,246493,TRY
2017-04-18,20.3,21.3,20.3,21.2,1141606,TRY
2017-04-19,21.18,21.18,20.56,20.62,448065,TRY
2017-04-20,20.62,20.8,20.38,20.66,542703,TRY
2017-04-21,20.7,20.74,20.44,20.46,320948,TRY
2017-04-24,20.56,20.98,20.5,20.82,745332,TRY
2017-04-25,20.92,20.98,20.56,20.56,332619,TRY
2017-04-26,20.5,20.66,19.83,20.06,1870972,TRY
2017-04-27,20.04,20.16,19.8,19.84,950753,TRY
2017-04-28,19.88,19.92,19.2,19.31,851571,TRY
2017-05-02,19.2,19.58,18.95,19.45,1394444,TRY
2017-05-03,19.45,19.53,19.13,19.2,633396,TRY
2017-05-04,19.18,19.2,18.4,18.75,1370947,TRY
2017-05-05,18.75,18.75,18.43,18.6,662374,TRY
2017-05-08,18.69,18.82,18.05,18.05,879976,TRY
2017-05-09,18.05,18.32,18.05,18.11,768441,TRY
2017-05-10,18.08,18.3,17.91,18.05,986364,TRY
2017-05-11,18.06,18.15,17.68,17.68,939631,TRY
2017-05-12,17.69,17.9,17.47,17.48,590230,TRY
2017-05-15,17.55,18.25,17.5,17.93,1452582,TRY
2017-05-16,18.02,18.1,17.81,17.86,436419,TRY
2017-05-17,17.88,17.95,17.51,17.71,888729,TRY
2017-05-18,17.8,17.84,17.5,17.5,740702,TRY
2017-05-22,17.52,17.95,17.23,17.8,1271648,TRY
2017-05-23,18.1,18.86,17.99,18.4,1601940,TRY
2017-05-24,18.4,18.66,18.19,18.34,1233102,TRY
2017-05-25,18.34,18.85,18.25,18.59,1394059,TRY
2017-05-26,18.62,19.05,18.59,18.9,1900385,TRY
2017-05-29,19.16,19.48,18.91,19.16,977278,TRY
2017-05-30,19.2,19.28,18.28,18.32,1030822,TRY
2017-05-31,18.27,18.61,18.22,18.3,950754,TRY
2017-06-01,18.35,18.97,18.26,18.5,2543160,TRY
2017-06-02,18.6,18.67,18.36,18.5,718334,TRY
2017-06-05,18.54,18.57,18.2,18.22,607310,TRY
2017-06-06,18.23,18.44,17.96,18.05,872318,TRY
2017-06-07,18.05,18.07,17.7,17.73,875177,TRY
2017-06-08,17.78,19.54,17.78,19.13,4437353,TRY
2017-06-09,19.3,20.14,19.3,20.1,3977690,TRY
2017-06-12,20.2,20.66,19.79,20.62,3722070,TRY
2017-06-13,20.64,20.86,20.34,20.68,3916730,TRY
2017-06-14,20.72,21.58,20.54,21.08,6082010,TRY
2017-06-15,21.16,21.34,19.2,19.25,5374166,TRY
2017-06-16,19.35,19.41,18.24,18.4,8545554,TRY
2017-06-19,19.0,19.45,18.66,18.93,5360197,TRY
2017-06-20,19.04,19.06,18.45,18.5,3187040,TRY
2017-06-21,18.5,18.68,18.31,18.55,2101120,TRY
2017-06-22,18.65,18.92,18.58,18.7,1626379,TRY
2017-06-23,18.8,20.42,18.55,20.18,4937204,TRY
2017-06-28,20.4,20.98,19.95,20.14,4496769,TRY
2017-06-29,20.16,20.22,19.54,19.96,3247454,TRY
2017-06-30,19.97,20.52,19.85,20.48,2827501,TRY
2017-07-03,20.7,21.66,20.54,21.1,5507110,TRY
2017-07-04,21.2,21.78,21.12,21.76,5475763,TRY
2017-07-05,21.82,22.26,20.98,21.06,3841944,TRY
2017-07-06,21.06,21.94,20.74,21.68,6521508,TRY
2017-07-07,21.74,22.06,20.22,21.0,5119811,TRY
2017-07-10,21.12,21.2,20.54,20.74,2384823,TRY
2017-07-11,21.06,23.8,20.9,22.8,8754944,TRY
2017-07-12,23.16,24.04,22.86,24.0,6495263,TRY
2017-07-13,24.1,27.22,24.1,26.42,11545686,TRY
2017-07-14,27.4,28.04,26.06,26.6,7347200,TRY
2017-07-17,25.9,27.5,25.5,27.44,4598285,TRY
2017-07-18,27.94,28.62,27.7,28.2,3087402,TRY
2017-07-19,28.24,28.38,27.66,28.0,2273877,TRY
2017-07-20,28.22,29.5,28.06,29.08,3648353,TRY
2017-07-21,29.16,30.32,29.12,30.1,3083039,TRY
2017-07-24,30.54,31.58,30.54,31.54,2991175,TRY
2017-07-25,32.08,32.12,30.66,30.7,2945656,TRY
2017-07-26,30.8,32.12,29.88,32.04,4316530,TRY
2017-07-27,32.2,33.88,32.12,32.54,5184309,TRY
2017-07-28,32.9,33.36,31.44,32.02,3648697,TRY
2017-07-31,32.1,32.94,32.06,32.3,4295670,TRY
2017-08-01,32.52,33.08,32.16,32.36,2689498,TRY
2017-08-02,32.42,35.24,32.4,33.28,9670809,TRY
2017-08-03,33.76,34.04,33.22,33.3,3098361,TRY
2017-08-04,33.68,34.6,33.32,34.5,5866064,TRY
2017-08-07,35.2,35.68,34.86,35.24,5039966,TRY
2017-08-08,35.9,35.9,33.6,34.62,3513528,TRY
2017-08-09,34.5,35.26,33.72,35.12,2702073,TRY
2017-08-10,35.18,35.5,34.34,35.36,2752784,TRY
2017-08-11,35.22,36.44,34.9,35.62,2902519,TRY
2017-08-14,36.3,37.22,36.0,36.4,3643905,TRY
2017-08-15,36.48,36.5,29.12,30.12,6950052,TRY
2017-08-16,30.32,32.26,28.7,31.5,4023787,TRY
2017-08-17,31.64,32.0,29.92,30.5,2121035,TRY
2017-08-18,30.38,32.0,29.76,32.0,2004089,TRY
2017-08-21,32.4,32.92,30.8,31.2,2436714,TRY
2017-08-22,31.3,32.34,31.08,32.14,4108814,TRY
2017-08-23,32.28,32.58,30.84,31.1,4095931,TRY
2017-08-24,31.3,31.56,30.62,30.86,1799824,TRY
2017-08-25,30.86,31.92,30.84,31.26,1520542,TRY
2017-08-28,31.6,31.64,31.16,31.4,724111,TRY
2017-08-29,31.44,32.92,31.24,32.54,2431419,TRY
2017-08-31,32.62,32.74,32.08,32.14,437263,TRY
2017-09-05,32.24,33.32,32.24,33.06,3073682,TRY
2017-09-06,33.2,33.34,32.9,33.14,1349952,TRY
2017-09-07,33.2,34.88,33.2,34.4,2961553,TRY
2017-09-08,34.72,35.0,32.52,32.92,2190729,TRY
2017-09-11,33.04,33.26,32.4,32.5,1393060,TRY
2017-09-12,32.56,32.74,31.72,32.06,1069656,TRY
2017-09-13,32.22,32.44,31.52,31.7,689469,TRY
2017-09-14,31.5,31.52,29.0,31.14,1537287,TRY
2017-09-15,31.22,31.5,30.66,31.06,1508073,TRY
2017-09-18,31.12,33.42,30.2,30.32,3676865,TRY
2017-09-19,30.32,30.74,29.46,29.58,1805672,TRY
2017-09-20,29.94,30.96,29.6,30.96,1985014,TRY
2017-09-21,31.0,31.16,29.8,30.08,1732254,TRY
2017-09-22,30.18,30.28,29.18,29.38,878445,TRY
2017-09-25,28.5,29.0,27.6,28.4,1437116,TRY
2017-09-26,28.62,29.8,28.62,29.8,607219,TRY
2017-09-27,29.84,30.0,28.76,28.92,1014942,TRY
2017-09-28,29.1,31.1,28.82,30.9,2602935,TRY
2017-09-29,31.0,31.48,30.4,31.2,1883494,TRY
2017-10-02,31.0,32.66,31.0,32.4,2220368,TRY
2017-10-03,32.6,32.68,31.52,31.78,1717234,TRY
2017-10-04,31.92,32.52,31.6,32.38,1315167,TRY
2017-10-05,32.5,32.76,31.86,31.9,1473405,TRY
2017-10-06,31.88,31.98,31.32,31.42,787586,TRY
2017-10-09,29.64,30.46,28.96,30.0,1538337,TRY
2017-10-10,30.5,31.0,30.38,30.7,925027,TRY
2017-10-11,30.74,31.62,30.4,31.12,1244138,TRY
2017-10-12,31.6,31.76,31.0,31.2,720588,TRY
2017-10-13,31.46,31.74,30.86,31.5,706469,TRY
2017-10-16,31.6,31.88,31.06,31.5,713692,TRY
2017-10-17,31.5,32.3,31.32,31.8,2362281,TRY
2017-10-18,32.06,32.12,31.06,31.06,1480089,TRY
2017-10-19,31.2,31.52,31.18,31.42,925685,TRY
2017-10-20,31.6,33.32,31.48,33.24,3108768,TRY
2017-10-23,33.34,34.64,32.9,33.8,5874161,TRY
2017-10-24,33.98,34.04,32.78,33.42,2275925,TRY
2017-10-25,33.66,34.42,33.6,33.7,1613702,TRY
2017-10-26,33.72,34.92,33.72,34.5,2272421,TRY
2017-10-27,34.5,35.06,33.4,33.6,2329643,TRY
2017-10-30,33.8,33.98,33.14,33.14,1324667,TRY
2017-10-31,33.38,33.5,32.7,32.88,954640,TRY
2017-11-01,33.02,34.18,32.38,33.94,1971462,TRY
2017-11-02,33.98,34.3,32.84,32.98,2055134,TRY
2017-11-03,32.9,33.2,31.02,31.3,1941290,TRY
2017-11-06,31.64,31.82,30.6,31.7,1900289,TRY
2017-11-07,31.78,31.8,30.8,31.04,1247054,TRY
2017-11-08,31.18,31.28,30.32,30.68,1165449,TRY
2017-11-09,30.82,32.18,30.42,31.7,2626116,TRY
2017-11-10,31.84,32.44,31.1,31.66,2808489,TRY
2017-11-13,32.16,32.32,30.3,30.6,2028948,TRY
2017-11-14,30.68,31.0,30.06,30.64,1062937,TRY
2017-11-15,30.66,31.5,29.84,30.04,1307604,TRY
2017-11-16,30.18,30.44,29.4,29.82,943635,TRY
2017-11-17,29.82,30.28,28.98,30.0,950022,TRY
2017-11-20,30.0,30.32,29.1,29.6,871712,TRY
2017-11-21,29.3,29.9,29.16,29.74,762741,TRY
2017-11-22,29.8,30.3,29.26,30.0,1263368,TRY
2017-11-23,30.08,30.28,29.68,30.14,1046371,TRY
2017-11-24,29.94,30.1,29.72,30.04,549489,TRY
2017-11-27,30.0,31.48,29.84,31.32,1637262,TRY
2017-11-28,31.34,31.46,29.22,29.68,1822154,TRY
2017-11-29,29.68,30.6,28.82,29.98,1648693,TRY
2017-11-30,30.0,30.26,29.16,30.18,1341096,TRY
2017-12-01,29.96,30.3,29.56,29.8,1110017,TRY
2017-12-04,29.82,30.74,29.7,30.6,1121443,TRY
2017-12-05,30.72,30.96,30.14,30.42,872722,TRY
2017-12-06,30.56,31.68,30.3,31.04,1359731,TRY
2017-12-07,31.0,31.24,30.6,30.98,569300,TRY
2017-12-08,31.1,31.42,30.88,31.04,579356,TRY
2017-12-11,31.3,32.5,31.2,31.4,1871257,TRY
2017-12-12,31.4,33.4,31.22,32.52,4651485,TRY
2017-12-13,31.5,32.52,31.3,31.38,2519806,TRY
2017-12-14,31.56,31.84,30.7,31.3,1215033,TRY
2017-12-15,31.4,32.8,31.4,32.44,2129830,TRY
2017-12-18,32.64,34.28,32.64,33.7,2884286,TRY
2017-12-19,33.9,34.5,33.22,33.22,2047944,TRY
2017-12-20,33.24,34.08,32.6,33.04,1748461,TRY
2017-12-21,33.1,33.74,32.92,33.24,1025334,TRY
2017-12-22,33.42,33.96,33.16,33.38,987400,TRY
2017-12-25,33.7,35.06,33.7,34.9,2394557,TRY
2017-12-26,35.56,38.0,35.26,38.0,5509951,TRY
2017-12-27,38.4,38.78,36.8,37.0,5095007,TRY
2017-12-28,37.24,37.72,36.8,37.02,3173386,TRY
2017-12-29,37.2,39.86,37.0,38.2,9073921,TRY
2018-01-02,38.66,40.72,38.46,40.68,6255411,TRY
2018-01-03,40.86,40.88,39.1,39.94,6320310,TRY
2018-01-04,40.08,41.82,40.04,41.2,8322950,TRY
2018-01-05,41.5,42.22,41.0,41.76,7534956,TRY
2018-01-08,42.12,42.38,41.5,41.88,6057194,TRY
2018-01-09,42.08,42.2,41.08,41.3,4721965,TRY
2018-01-10,41.2,41.6,40.06,40.4,4919372,TRY
2018-01-11,40.86,42.28,40.4,42.28,6637487,TRY
2018-01-12,42.68,43.62,42.54,43.2,6266356,TRY
2018-01-15,43.0,44.0,40.2,40.36,7378901,TRY
2018-01-16,40.28,41.64,40.28,41.4,6023142,TRY
2018-01-17,41.56,42.5,41.26,41.78,6047481,TRY
2018-01-18,42.1,42.5,41.1,41.1,3915418,TRY
2018-01-19,41.2,41.34,39.22,39.28,3334111,TRY
2018-01-22,39.56,40.6,38.8,40.6,4010263,TRY
2018-01-23,40.7,41.96,40.66,40.74,4279248,TRY
2018-01-24,40.78,41.2,40.34,40.6,2434976,TRY
2018-01-25,40.66,41.66,40.6,40.74,3762289,TRY
2018-01-26,40.9,41.26,40.54,40.7,2546174,TRY
2018-01-29,40.84,41.0,39.72,39.92,2193135,TRY
2018-01-30,39.78,40.04,38.96,39.02,2220095,TRY
2018-01-31,39.2,39.58,38.2,38.2,2623836,TRY
2018-02-01,38.4,39.76,38.24,39.3,3453930,TRY
2018-02-02,39.5,39.64,37.96,38.1,2426366,TRY
2018-02-05,38.0,38.64,37.54,37.58,1944160,TRY
2018-02-06,36.14,37.4,36.12,37.18,3173672,TRY
2018-02-07,37.5,37.88,36.56,36.56,4625016,TRY
2018-02-08,36.56,36.78,34.66,34.68,2984545,TRY
2018-02-09,34.1,35.5,33.76,35.18,3674772,TRY
2018-02-12,35.32,36.36,34.04,34.2,3704932,TRY
2018-02-13,34.5,34.88,33.34,33.44,3248327,TRY
2018-02-14,33.7,34.06,32.68,33.06,2814884,TRY
2018-02-15,33.54,34.86,33.32,34.84,4828712,TRY
2018-02-16,34.96,35.66,34.14,34.36,4439909,TRY
2018-02-19,34.58,36.76,33.68,35.9,12925373,TRY
2018-02-20,35.96,36.62,32.48,32.56,7875360,TRY
2018-02-21,34.0,34.36,33.14,34.1,5888182,TRY
2018-02-22,33.92,34.28,33.08,33.42,4656602,TRY
2018-02-23,33.48,33.88,33.02,33.18,6208193,TRY
2018-02-26,33.74,34.3,33.66,33.84,6234643,TRY
2018-02-27,33.8,34.54,33.62,33.8,7880464,TRY
2018-02-28,33.56,33.84,32.72,32.78,4448162,TRY
2018-03-01,32.72,33.24,31.5,32.0,4656651,TRY
2018-03-02,32.1,33.62,31.32,33.2,9906729,TRY
2018-03-05,33.34,33.78,32.82,33.2,6429089,TRY
2018-03-06,33.58,34.7,33.16,34.44,9177130,TRY
2018-03-07,34.24,34.66,33.8,34.02,5924881,TRY
2018-03-08,34.04,34.52,33.86,34.48,4827744,TRY
2018-03-09,34.54,36.46,34.42,36.38,12172209,TRY
2018-03-12,36.56,37.54,36.1,36.96,10156925,TRY
2018-03-13,37.14,37.44,35.84,36.0,6338361,TRY
2018-03-14,36.1,38.4,36.06,38.0,12641075,TRY
2018-03-15,38.26,39.08,38.2,38.9,7174571,TRY
2018-03-16,39.06,39.2,38.58,39.02,4803237,TRY
2018-03-19,39.2,39.3,38.18,38.42,4199999,TRY
2018-03-20,38.44,40.04,37.56,39.94,8395699,TRY
2018-03-21,40.02,40.22,39.12,39.12,5137327,TRY
2018-03-22,39.5,40.64,39.32,39.9,7196899,TRY
2018-03-23,39.38,40.9,39.14,40.78,6578078,TRY
2018-03-26,41.0,42.52,40.56,41.7,9944153,TRY
2018-03-27,42.12,42.28,40.88,40.92,4293863,TRY
2018-03-28,40.92,41.74,39.78,39.96,5622013,TRY
2018-03-29,40.02,41.58,40.0,40.66,4734807,TRY
2018-03-30,41.12,42.2,41.0,42.2,4925225,TRY
2018-04-02,42.48,44.08,42.42,43.9,6291580,TRY
2018-04-03,44.2,46.06,44.12,45.16,9846931,TRY
2018-04-04,45.72,45.76,43.28,44.9,7559114,TRY
2018-04-05,45.1,46.04,44.3,46.0,7335328,TRY
2018-04-06,45.9,47.64,45.6,47.0,6233518,TRY
2018-04-09,47.26,47.32,42.6,44.74,8503526,TRY
2018-04-10,44.8,45.9,43.3,45.5,8985566,TRY
2018-04-11,45.2,46.14,42.34,45.28,11057849,TRY
2018-04-12,45.7,47.2,45.42,47.2,9355395,TRY
2018-04-13,47.32,49.24,47.2,48.88,8231105,TRY
2018-04-16,49.02,49.92,48.3,48.54,5772985,TRY
2018-04-17,48.9,49.06,46.32,46.76,7367968,TRY
2018-04-18,46.76,50.2,46.14,50.2,7808586,TRY
2018-04-19,50.3,51.15,49.84,50.75,5203158,TRY
2018-04-20,50.7,50.75,48.8,48.8,3467165,TRY
2018-04-24,48.6,49.56,48.12,48.72,4318359,TRY
2018-04-25,48.66,49.44,46.32,46.62,6390939,TRY
2018-04-26,46.98,47.2,45.5,45.58,3780304,TRY
2018-04-27,45.9,48.36,44.44,48.06,6231928,TRY
2018-04-30,48.34,48.86,44.5,45.32,7279053,TRY
2018-05-02,44.54,47.0,40.1,46.62,15422194,TRY
2018-05-03,46.62,47.5,44.44,45.26,6040716,TRY
2018-05-04,45.3,45.6,43.66,43.68,5020792,TRY
2018-05-07,43.66,45.04,43.12,43.7,6891254,TRY
2018-05-08,43.92,44.26,39.92,40.68,6448301,TRY
2018-05-09,40.0,42.78,39.5,42.3,6803735,TRY
2018-05-10,42.5,42.9,40.94,42.2,5765271,TRY
2018-05-11,42.24,42.64,40.64,41.08,3415841,TRY
2018-05-14,40.84,42.5,40.8,42.0,3115932,TRY
2018-05-15,41.62,44.02,41.56,43.3,7544601,TRY
2018-05-16,43.4,43.88,42.02,42.96,4363284,TRY
2018-05-17,43.1,45.6,42.14,45.16,12933352,TRY
2018-05-18,45.26,45.42,44.18,45.02,4694785,TRY
2018-05-21,45.02,46.22,44.66,45.84,5608367,TRY
2018-05-22,46.06,46.64,45.18,46.24,4394118,TRY
2018-05-23,46.1,47.1,45.3,46.46,5457355,TRY
2018-05-24,46.88,48.16,46.6,47.64,7298245,TRY
2018-05-25,48.06,50.0,47.92,49.3,6417143,TRY
2018-05-28,50.05,50.6,49.76,50.35,4083331,TRY
2018-05-29,50.45,50.5,49.04,49.7,4862876,TRY
2018-05-30,49.72,50.0,47.86,48.5,3180617,TRY
2018-05-31,48.72,49.22,46.9,47.78,2738639,TRY
2018-06-01,47.8,48.14,46.58,47.9,2384688,TRY
2018-06-04,47.92,49.84,47.86,49.38,4869786,TRY
2018-06-05,49.56,52.0,48.7,51.45,8678659,TRY
2018-06-06,51.4,51.55,48.32,48.6,5927820,TRY
2018-06-07,48.98,51.6,48.9,50.65,5238775,TRY
2018-06-08,50.7,51.2,47.7,48.0,3319978,TRY
2018-06-11,48.0,48.0,45.54,46.7,3047443,TRY
2018-06-12,46.6,46.78,44.54,44.54,2523259,TRY
2018-06-13,44.46,44.46,40.06,40.48,5915472,TRY
2018-06-14,40.48,41.22,38.9,40.9,3009325,TRY
2018-06-18,41.0,41.1,36.9,37.0,5362034,TRY
2018-06-19,36.8,38.2,36.26,37.66,4379864,TRY
2018-06-20,37.76,38.0,36.3,36.4,3571731,TRY
2018-06-21,36.46,36.84,35.74,35.92,3164752,TRY
2018-06-22,36.18,36.98,35.0,36.28,3808907,TRY
2018-06-25,41.0,41.18,37.38,37.6,5888928,TRY
2018-06-26,37.86,40.3,36.82,40.0,5608321,TRY
2018-06-27,40.08,41.88,39.24,41.56,5119706,TRY
2018-06-28,41.46,43.5,41.02,43.4,4121205,TRY
2018-06-29,43.76,44.0,42.18,42.5,3367237,TRY
2018-07-02,42.4,43.6,41.28,42.44,3817117,TRY
2018-07-03,42.44,43.22,42.3,42.64,2570310,TRY
2018-07-04,42.76,42.98,42.02,42.06,1742960,TRY
2018-07-05,42.12,43.52,41.92,43.3,3569874,TRY
2018-07-06,43.52,44.22,43.1,43.68,2434562,TRY
2018-07-09,44.0,44.68,43.56,43.72,3655892,TRY
2018-07-10,43.2,43.66,42.2,42.56,3318436,TRY
2018-07-11,42.06,42.14,37.66,38.7,2816851,TRY
2018-07-12,38.84,39.66,37.0,39.0,4374940,TRY
2018-07-13,39.3,39.7,38.18,38.18,2830782,TRY
2018-07-16,38.3,38.8,36.82,36.86,1579057,TRY
2018-07-17,36.98,38.88,36.82,38.88,2330834,TRY
2018-07-18,39.0,40.54,38.56,40.04,4097473,TRY
2018-07-19,40.3,42.26,40.16,41.06,6052671,TRY
2018-07-20,41.28,42.28,40.9,41.22,2480707,TRY
2018-07-23,41.64,42.74,41.4,42.1,3657382,TRY
2018-07-24,41.9,42.04,40.5,41.4,4258873,TRY
2018-07-25,41.48,43.2,41.32,42.88,4464803,TRY
2018-07-26,43.02,43.9,40.98,41.92,5460654,TRY
2018-07-27,41.88,42.32,40.66,41.96,2814750,TRY
2018-07-30,41.86,42.16,41.24,41.32,1881469,TRY
2018-07-31,41.28,42.9,41.12,42.76,4800969,TRY
2018-08-01,42.9,43.38,42.48,43.08,2981147,TRY
2018-08-02,42.2,42.44,41.58,42.06,2687746,TRY
2018-08-03,42.04,44.7,42.04,44.7,6590430,TRY
2018-08-06,44.9,46.3,44.4,45.8,6377202,TRY
2018-08-07,45.8,46.3,45.0,45.28,3567456,TRY
2018-08-08,45.42,47.0,45.42,46.54,5972737,TRY
2018-08-09,45.88,48.42,45.74,47.5,7387119,TRY
2018-08-10,47.5,48.2,38.34,44.48,10389469,TRY
2018-08-13,44.0,45.0,40.64,43.22,6180389,TRY
2018-08-14,44.58,46.36,42.8,45.26,10420171,TRY
2018-08-15,46.0,46.18,42.92,42.92,4515747,TRY
2018-08-16,43.8,44.5,42.88,43.52,4173763,TRY
2018-08-17,43.2,43.66,41.16,42.42,3298646,TRY
2018-08-20,42.5,42.98,42.24,42.32,1017035,TRY
2018-08-27,42.92,44.24,42.6,44.22,5331433,TRY
2018-08-28,44.3,45.92,44.1,45.5,4234992,TRY
2018-08-29,45.18,45.92,44.54,44.86,2604001,TRY
2018-08-31,44.9,45.1,43.68,44.0,2527522,TRY
2018-09-03,43.74,46.06,43.64,45.7,4406746,TRY
2018-09-04,45.9,45.94,44.52,44.52,2715801,TRY
2018-09-05,44.6,45.42,44.08,44.98,3116801,TRY
2018-09-06,45.12,46.7,45.1,46.6,4505688,TRY
2018-09-07,46.6,46.78,45.24,45.3,3360937,TRY
2018-09-10,45.58,45.88,43.14,43.14,4234167,TRY
2018-09-11,43.22,44.24,42.48,43.7,3000464,TRY
2018-09-12,43.88,44.24,43.28,43.78,2377370,TRY
2018-09-13,44.08,44.96,43.52,44.66,4016949,TRY
2018-09-14,44.96,45.72,44.52,44.52,3025726,TRY
2018-09-17,44.4,45.24,44.18,45.18,3002162,TRY
2018-09-18,45.38,45.48,44.7,45.28,2445018,TRY
2018-09-19,45.48,46.32,45.28,46.14,5552841,TRY
2018-09-20,46.46,49.9,46.22,49.38,7990296,TRY
2018-09-21,49.58,50.65,48.8,50.0,5157777,TRY
2018-09-24,50.25,52.25,49.8,51.7,5308643,TRY
2018-09-25,51.95,52.65,51.05,52.3,3639400,TRY
2018-09-26,52.4,53.2,52.2,52.75,2022854,TRY
2018-09-27,52.75,53.55,50.85,51.25,4103257,TRY
2018-09-28,51.3,52.1,50.75,51.35,2582067,TRY
2018-10-01,51.55,52.95,49.9,50.6,3895221,TRY
2018-10-02,50.9,52.0,48.74,51.75,6253061,TRY
2018-10-03,51.7,52.85,50.55,51.0,5121628,TRY
2018-10-04,50.9,50.9,49.3,49.46,2582750,TRY
2018-10-05,49.5,50.25,48.66,50.1,2385094,TRY
2018-10-08,50.3,52.05,50.3,51.45,3990769,TRY
2018-10-09,51.65,52.35,50.95,52.0,3935273,TRY
2018-10-10,51.7,52.2,50.5,50.55,3039077,TRY
2018-10-11,49.94,51.95,49.5,51.9,3167367,TRY
2018-10-12,52.2,54.8,52.15,54.2,5128644,TRY
2018-10-15,54.65,56.2,54.2,54.25,4018837,TRY
2018-10-16,54.45,54.5,53.25,53.7,2435279,TRY
2018-10-17,54.1,54.2,49.32,49.36,6167630,TRY
2018-10-18,49.48,49.88,47.52,49.22,5757486,TRY
2018-10-19,49.86,50.6,48.6,48.6,2861098,TRY
2018-10-22,49.0,49.34,47.8,48.16,2965050,TRY
2018-10-23,48.0,48.66,46.56,48.6,3158319,TRY
2018-10-24,49.0,49.0,47.12,47.2,2803309,TRY
2018-10-25,47.5,50.0,47.16,49.74,4438433,TRY
2018-10-26,49.7,49.82,47.76,47.76,3478897,TRY
2018-10-30,47.86,48.3,45.72,45.8,2607392,TRY
2018-10-31,46.0,46.86,44.5,45.02,3125635,TRY
2018-11-01,45.24,49.06,44.72,49.0,5652185,TRY
2018-11-02,49.08,49.9,47.52,48.66,3238251,TRY
2018-11-05,48.8,50.05,47.96,50.05,3946479,TRY
2018-11-06,50.1,50.2,48.26,49.0,3067430,TRY
2018-11-07,49.1,49.52,48.58,48.84,2814423,TRY
2018-11-08,48.98,49.26,46.92,47.04,3350790,TRY
2018-11-09,47.04,48.14,46.02,46.24,5367813,TRY
2018-11-12,46.34,48.12,46.34,47.8,3858849,TRY
2018-11-13,47.9,50.3,47.66,50.05,5159074,TRY
2018-11-14,50.05,51.1,49.2,49.68,5026358,TRY
2018-11-15,49.84,51.25,49.66,51.1,6237261,TRY
2018-11-16,51.35,51.7,50.75,50.9,2836384,TRY
2018-11-19,51.1,53.2,51.05,52.65,3912848,TRY
2018-11-20,52.5,53.1,51.75,52.25,3046318,TRY
2018-11-21,52.35,54.25,52.15,53.6,3268731,TRY
2018-11-22,54.0,54.15,50.85,51.0,3095820,TRY
2018-11-23,51.0,52.8,50.85,52.45,2148180,TRY
2018-11-26,52.8,53.0,51.3,51.5,1736706,TRY
2018-11-27,51.4,51.85,50.45,51.0,2307882,TRY
2018-11-28,51.25,54.0,51.0,53.65,3636406,TRY
2018-11-29,53.85,53.9,52.1,52.85,1780393,TRY
2018-11-30,52.95,53.5,52.15,52.55,1675867,TRY
2018-12-03,52.85,53.5,52.05,52.9,1832438,TRY
2018-12-04,52.85,53.5,52.45,53.0,1819537,TRY
2018-12-05,53.0,54.25,52.6,54.2,2090970,TRY
2018-12-06,53.9,54.8,52.7,52.95,1771129,TRY
2018-12-07,53.3,54.55,52.35,54.5,1939023,TRY
2018-12-10,54.4,54.95,53.7,53.95,1111972,TRY
2018-12-11,54.05,54.85,53.3,53.75,1746174,TRY
2018-12-12,54.0,54.05,50.7,51.85,1495293,TRY
2018-12-13,52.0,53.9,51.7,53.8,1440459,TRY
2018-12-14,53.6,53.7,51.55,52.55,909580,TRY
2018-12-17,52.6,53.55,51.75,52.5,1573391,TRY
2018-12-18,52.2,53.0,51.45,51.8,1226690,TRY
2018-12-19,51.9,52.35,51.55,52.15,810255,TRY
2018-12-20,52.05,52.5,51.5,51.55,1343970,TRY
2018-12-21,51.8,51.95,50.0,50.45,1500918,TRY
2018-12-24,50.6,51.1,49.88,50.0,1290301,TRY
2018-12-25,49.84,50.4,49.68,49.8,445841,TRY
2018-12-26,50.0,50.4,49.9,50.1,621148,TRY
2018-12-27,50.55,51.5,49.8,51.4,2187692,TRY
2018-12-28,51.45,52.2,50.2,50.3,1544242,TRY
2018-12-31,50.35,51.3,49.68,51.3,971984,TRY
2019-01-02,50.95,51.15,50.0,50.15,935294,TRY
2019-01-03,49.9,52.1,49.9,51.55,2861926,TRY
2019-01-04,51.75,52.5,50.8,52.35,1772439,TRY
2019-01-07,52.7,53.75,52.05,53.55,1722945,TRY
2019-01-08,53.6,54.1,52.9,54.05,1685713,TRY
2019-01-09,54.05,55.0,53.5,54.9,1997175,TRY
2019-01-10,54.85,55.35,54.45,54.6,1345298,TRY
2019-01-11,54.8,56.35,54.4,54.9,2139460,TRY
2019-01-14,54.55,56.15,54.1,55.85,1892571,TRY
2019-01-15,56.0,57.1,55.65,57.1,1460880,TRY
2019-01-16,57.4,57.6,55.65,55.85,1966618,TRY
2019-01-17,55.75,56.7,55.0,55.2,1820352,TRY
2019-01-18,55.2,55.5,53.5,53.95,1668441,TRY
2019-01-21,54.05,55.3,53.45,54.45,1494694,TRY
2019-01-22,54.55,56.4,54.55,56.4,1603748,TRY
2019-01-23,56.6,56.85,55.25,55.75,1314952,TRY
2019-01-24,55.85,56.35,55.35,55.8,1259073,TRY
2019-01-25,55.85,57.75,55.85,57.5,1748344,TRY
2019-01-28,57.6,59.75,57.6,58.5,1656147,TRY
2019-01-29,58.8,59.05,57.55,58.5,1453427,TRY
2019-01-30,58.75,58.85,56.15,56.15,2224555,TRY
2019-01-31,57.15,57.25,53.45,53.65,4428232,TRY
2019-02-01,53.75,54.55,52.45,52.6,2549356,TRY
2019-02-04,52.65,53.4,50.8,50.9,2716307,TRY
2019-02-05,51.2,52.5,50.0,50.75,3340069,TRY
2019-02-06,51.1,51.8,50.55,51.05,2193745,TRY
2019-02-07,51.35,51.6,50.15,50.15,1988188,TRY
2019-02-08,50.15,51.85,50.0,51.85,2776096,TRY
2019-02-11,51.95,52.25,50.95,51.2,2130042,TRY
2019-02-12,51.35,51.8,49.68,49.96,2346967,TRY
2019-02-13,50.2,50.95,49.34,49.44,2654922,TRY
2019-02-14,49.54,50.55,48.9,50.25,2152109,TRY
2019-02-15,50.3,51.15,49.82,50.95,1933784,TRY
2019-02-18,51.15,51.75,48.0,48.14,2783204,TRY
2019-02-19,48.0,49.2,47.68,49.16,2173692,TRY
2019-02-20,49.2,50.35,48.8,49.64,2077538,TRY
2019-02-21,49.8,50.05,49.12,49.76,2092066,TRY
2019-02-22,49.9,51.3,49.66,51.0,2609932,TRY
2019-02-25,51.35,51.65,49.74,49.74,2162818,TRY
2019-02-26,49.9,50.5,49.68,50.45,1278706,TRY
2019-02-27,50.65,50.75,49.74,49.74,1314948,TRY
2019-02-28,49.8,50.3,48.98,48.98,1723539,TRY
2019-03-01,49.16,50.2,49.14,49.94,2882020,TRY
2019-03-04,50.05,50.55,48.68,48.68,2626168,TRY
2019-03-05,48.74,49.02,47.5,47.66,2842696,TRY
2019-03-06,47.72,48.36,47.18,47.32,2336591,TRY
2019-03-07,47.32,47.74,44.4,44.64,2822950,TRY
2019-03-08,44.76,45.1,43.7,44.68,2154182,TRY
2019-03-11,44.8,44.92,42.86,43.16,1992017,TRY
2019-03-12,43.24,44.2,41.0,44.12,2554357,TRY
2019-03-13,44.28,44.86,43.56,43.8,2195698,TRY
2019-03-14,43.96,44.98,43.24,44.8,2372788,TRY
2019-03-15,45.02,45.34,44.1,44.8,1808250,TRY
2019-03-18,45.02,47.08,44.88,46.92,2996956,TRY
2019-03-19,46.9,46.94,45.08,45.08,2854333,TRY
2019-03-20,45.5,45.84,43.3,43.42,2532718,TRY
2019-03-21,43.64,44.6,43.42,43.96,2075613,TRY
2019-03-22,44.1,44.2,42.82,42.9,1992689,TRY
2019-03-25,42.98,43.98,42.94,43.82,2234106,TRY
2019-03-26,44.08,44.38,42.84,43.34,1761858,TRY
2019-03-27,43.74,43.74,41.74,42.74,3061273,TRY
2019-03-28,42.94,43.28,41.54,41.74,3028171,TRY
2019-03-29,41.7,42.22,40.58,41.96,2281328,TRY
2019-04-01,42.0,42.48,40.6,41.84,2210604,TRY
2019-04-02,41.84,41.9,41.04,41.08,1742191,TRY
2019-04-03,41.12,41.68,40.84,40.88,1752093,TRY
2019-04-04,40.98,43.02,40.8,43.0,3401278,TRY
2019-04-05,43.1,44.1,42.72,44.04,2540451,TRY
2019-04-08,44.06,44.46,42.86,42.94,1622479,TRY
2019-04-09,43.46,43.94,43.14,43.82,1412359,TRY
2019-04-10,43.9,43.98,43.06,43.76,1105481,TRY
2019-04-11,43.76,43.92,42.24,42.3,1444296,TRY
2019-04-12,42.26,42.76,41.5,42.5,1917790,TRY
2019-04-15,42.48,42.78,42.0,42.12,886811,TRY
2019-04-16,42.3,43.04,42.26,42.9,1394316,TRY
2019-04-17,43.04,43.14,42.34,42.4,1300161,TRY
2019-04-18,42.38,42.48,41.8,42.04,1007775,TRY
2019-04-19,42.16,42.56,41.96,42.4,425779,TRY
2019-04-22,42.12,42.3,41.98,42.1,374243,TRY
2019-04-24,42.02,42.66,41.86,41.86,957596,TRY
2019-04-25,41.86,42.18,40.14,40.68,1394541,TRY
2019-04-26,40.96,41.06,40.42,41.0,1047135,TRY
2019-04-29,41.0,41.08,40.3,40.3,1084679,TRY
2019-04-30,40.3,42.58,40.3,42.58,2368294,TRY
2019-05-02,42.68,43.42,41.62,42.0,2697906,TRY
2019-05-03,42.4,42.4,41.32,41.48,1059065,TRY
2019-05-06,41.18,42.54,40.48,42.28,1200192,TRY
2019-05-07,41.54,43.7,41.42,43.18,2015545,TRY
2019-05-08,43.26,44.26,43.26,43.68,1753562,TRY
2019-05-09,43.76,43.92,42.42,43.16,1258416,TRY
2019-05-10,43.8,44.88,43.32,44.36,2266613,TRY
2019-05-13,44.44,44.56,41.76,42.12,2290957,TRY
2019-05-14,42.26,44.2,42.26,44.02,1805263,TRY
2019-05-15,43.9,45.34,43.6,44.94,2045890,TRY
2019-05-16,45.04,46.6,45.04,45.62,2550072,TRY
2019-05-17,45.54,46.48,44.42,45.7,1924225,TRY
2019-05-20,45.82,46.8,45.76,46.34,1961648,TRY
2019-05-21,46.48,46.64,44.94,46.26,2205384,TRY
2019-05-22,46.28,47.0,45.14,45.5,2410860,TRY
2019-05-23,45.1,46.0,44.3,44.38,1471361,TRY
2019-05-24,44.44,46.8,44.32,46.8,2160789,TRY
2019-05-27,46.94,47.24,44.86,45.2,1002868,TRY
2019-05-28,45.5,46.76,45.34,46.04,1393635,TRY
2019-05-29,46.04,46.5,45.6,45.94,1025176,TRY
2019-05-30,46.0,47.56,46.0,47.22,1511998,TRY
2019-05-31,47.24,47.66,46.86,47.58,1102055,TRY
2019-06-03,47.6,48.72,47.4,48.62,585683,TRY
2019-06-07,48.62,50.7,48.62,50.05,1629298,TRY
2019-06-10,50.1,50.8,49.44,50.25,1710506,TRY
2019-06-11,50.35,50.55,48.94,49.1,1335230,TRY
2019-06-12,49.16,50.5,48.82,50.0,1283623,TRY
2019-06-13,49.84,51.05,49.5,49.8,1492104,TRY
2019-06-14,50.1,50.5,49.84,50.1,843750,TRY
2019-06-17,50.1,50.45,49.72,50.0,767574,TRY
2019-06-18,50.15,51.35,50.1,50.65,1554896,TRY
2019-06-19,50.75,51.0,48.86,49.34,1568237,TRY
2019-06-20,50.65,51.55,49.94,50.2,1944074,TRY
2019-06-21,50.95,51.6,50.45,50.65,1798745,TRY
2019-06-24,51.05,53.05,50.8,52.9,1913534,TRY
2019-06-25,53.5,53.75,52.8,53.7,1537222,TRY
2019-06-26,53.3,53.5,52.45,52.75,1089600,TRY
2019-06-27,53.0,54.0,52.6,53.3,1446263,TRY
2019-06-28,53.5,53.65,52.6,52.85,832530,TRY
2019-07-01,52.85,52.85,47.6,52.45,1568064,TRY
2019-07-02,52.45,53.25,51.75,51.9,1157086,TRY
2019-07-03,52.8,52.85,51.7,51.9,1017741,TRY
2019-07-04,51.95,52.35,51.0,51.25,610925,TRY
2019-07-05,51.3,51.95,49.3,49.34,1271545,TRY
2019-07-08,49.34,50.55,49.1,50.25,1130629,TRY
2019-07-09,50.25,50.75,49.12,49.7,1146733,TRY
2019-07-10,49.4,51.45,49.24,51.25,1172640,TRY
2019-07-11,51.9,52.85,51.55,51.95,1495351,TRY
2019-07-12,52.0,52.3,51.5,51.9,877089,TRY
2019-07-16,52.1,52.6,51.85,52.5,1051418,TRY
2019-07-17,52.6,54.2,52.35,53.95,1770344,TRY
2019-07-18,54.05,55.15,53.7,54.95,1518342,TRY
2019-07-19,55.2,56.65,55.15,56.2,1421269,TRY
2019-07-22,56.2,57.15,55.0,57.15,773793,TRY
2019-07-23,56.8,57.7,56.2,56.3,1031788,TRY
2019-07-24,56.5,57.1,55.6,56.7,772137,TRY
2019-07-25,56.95,57.25,56.0,56.5,711614,TRY
2019-07-26,56.55,57.1,55.8,56.5,645959,TRY
2019-07-29,56.65,57.45,56.0,57.2,652084,TRY
2019-07-30,57.7,59.2,57.2,57.75,1489506,TRY
2019-07-31,57.95,58.7,56.8,56.9,752815,TRY
2019-08-01,56.5,57.15,56.05,56.5,633323,TRY
2019-08-02,56.5,57.6,55.6,56.1,1463709,TRY
2019-08-05,56.4,57.55,56.3,57.0,1147531,TRY
2019-08-06,57.2,58.85,56.15,57.9,909635,TRY
2019-08-07,58.0,59.7,57.6,59.0,2460186,TRY
2019-08-08,59.1,59.75,58.4,59.15,1000840,TRY
2019-08-09,59.5,63.35,59.25,62.8,2723759,TRY
2019-08-15,62.35,64.75,62.3,63.5,2748644,TRY
2019-08-16,64.0,66.25,63.85,64.7,2016485,TRY
2019-08-19,64.8,65.4,63.45,63.95,1005414,TRY
2019-08-20,63.75,66.0,63.0,64.85,1542805,TRY
2019-08-21,65.15,66.05,61.9,62.05,1689088,TRY
2019-08-22,62.45,65.2,60.55,64.4,1740830,TRY
2019-08-23,64.8,65.6,63.45,64.75,1049687,TRY
2019-08-26,65.3,66.95,64.65,66.5,1183722,TRY
2019-08-27,67.5,68.55,67.0,68.0,1194116,TRY
2019-08-28,68.75,70.55,67.85,70.4,2391905,TRY
2019-08-29,70.5,70.65,67.75,68.4,1009590,TRY
2019-09-02,68.4,68.5,66.1,67.35,705927,TRY
2019-09-03,67.2,69.35,66.8,68.0,1023827,TRY
2019-09-04,68.0,68.5,65.9,67.9,1172437,TRY
2019-09-05,67.9,68.05,64.15,64.55,1467148,TRY
2019-09-06,64.35,64.9,62.5,64.3,2001402,TRY
2019-09-09,64.3,65.0,62.95,63.2,898887,TRY
2019-09-10,63.15,64.0,62.35,62.4,911278,TRY
2019-09-11,62.35,64.1,62.35,64.0,881860,TRY
2019-09-12,64.05,64.6,62.45,62.5,1134500,TRY
2019-09-13,62.6,63.7,62.3,62.9,914036,TRY
2019-09-16,63.3,64.35,62.95,63.5,1469617,TRY
2019-09-17,63.55,64.75,62.55,62.6,1642706,TRY
2019-09-18,63.05,63.5,62.5,62.9,745853,TRY
2019-09-19,62.9,63.05,60.8,61.0,990481,TRY
2019-09-20,61.3,64.15,61.15,64.15,1928657,TRY
2019-09-23,64.2,66.15,64.05,66.0,1770997,TRY
2019-09-24,65.9,66.6,64.6,65.6,1251676,TRY
2019-09-25,66.1,67.65,66.1,66.65,1489393,TRY
2019-09-26,66.55,66.95,64.35,65.75,1596615,TRY
2019-09-27,65.9,66.35,65.3,65.8,1180695,TRY
2019-09-30,65.9,66.85,65.4,65.4,1187044,TRY
2019-10-01,65.6,65.9,64.0,65.75,1076116,TRY
2019-10-02,65.95,67.4,65.6,66.75,1804464,TRY
2019-10-03,67.2,67.8,66.25,67.2,1441617,TRY
2019-10-04,67.2,68.6,67.2,68.1,1525117,TRY
2019-10-07,68.2,69.6,67.55,67.55,1414771,TRY
2019-10-08,67.05,68.85,65.65,68.5,1692000,TRY
2019-10-09,69.1,70.0,67.95,68.3,1530893,TRY
2019-10-10,68.25,69.15,67.25,68.45,1253066,TRY
2019-10-11,68.7,69.45,65.7,65.9,1683769,TRY
2019-10-14,65.75,66.8,64.15,65.4,1393358,TRY
2019-10-15,66.4,68.55,65.65,67.2,1085036,TRY
2019-10-16,66.8,66.8,63.85,64.9,1344611,TRY
2019-10-17,65.1,65.9,64.4,65.55,870868,TRY
2019-10-18,67.05,67.25,65.75,66.6,671131,TRY
2019-10-21,66.85,66.85,65.55,66.1,537779,TRY
2019-10-22,66.15,67.85,65.85,66.7,978293,TRY
2019-10-23,67.15,68.0,66.85,67.45,1122824,TRY
2019-10-24,67.9,68.9,67.25,68.5,1330751,TRY
2019-10-25,68.75,69.7,68.55,69.4,1394337,TRY
2019-10-28,69.7,69.7,67.85,68.25,431284,TRY
2019-10-30,67.8,69.0,67.55,68.4,984088,TRY
2019-10-31,68.8,70.3,68.45,70.3,1518821,TRY
2019-11-01,70.5,71.55,68.9,69.75,1477197,TRY
2019-11-04,70.35,70.8,68.8,70.4,875796,TRY
2019-11-05,70.4,70.75,68.4,69.0,860556,TRY
2019-11-06,68.9,70.35,68.0,68.15,1064260,TRY
2019-11-07,68.25,69.6,68.15,69.35,946163,TRY
2019-11-08,69.4,69.75,68.15,68.6,1048138,TRY
2019-11-11,69.4,71.8,69.2,71.0,2236635,TRY
2019-11-12,71.25,72.95,70.95,72.75,1801725,TRY
2019-11-13,72.75,75.35,72.65,75.35,1966107,TRY
2019-11-14,75.35,76.0,73.4,74.2,1306987,TRY
2019-11-15,74.45,78.2,74.4,77.45,1532966,TRY
2019-11-18,77.7,78.75,77.0,77.0,857811,TRY
2019-11-19,77.2,77.4,75.35,76.05,763428,TRY
2019-11-20,76.1,77.5,75.8,76.55,974411,TRY
2019-11-21,76.55,76.9,74.75,75.4,913448,TRY
2019-11-22,75.7,76.2,74.2,74.35,623991,TRY
2019-11-25,74.7,75.5,73.45,74.55,1030677,TRY
2019-11-26,74.85,75.15,72.95,73.0,609269,TRY
2019-11-27,73.25,75.0,72.95,73.15,1060873,TRY
2019-11-28,73.35,74.1,73.15,73.9,598280,TRY
2019-11-29,74.15,74.6,73.1,73.4,732666,TRY
2019-12-02,73.5,77.6,73.5,76.45,2024808,TRY
2019-12-03,76.2,79.1,76.05,76.9,1793410,TRY
2019-12-04,77.4,77.75,75.75,75.9,1533023,TRY
2019-12-05,76.25,77.55,75.85,76.35,1446855,TRY
2019-12-06,76.5,76.7,74.25,74.75,1117175,TRY
2019-12-09,74.85,74.9,73.4,74.3,776222,TRY
2019-12-10,74.3,75.4,73.3,73.75,764012,TRY
2019-12-11,73.85,76.1,73.45,76.0,1645667,TRY
2019-12-12,76.6,77.1,75.0,75.65,1028555,TRY
2019-12-13,76.1,76.35,73.65,73.75,1263429,TRY
2019-12-16,74.15,74.95,73.15,73.7,890270,TRY
2019-12-17,74.15,74.8,73.5,74.65,1122078,TRY
2019-12-18,74.75,75.65,73.7,73.7,1522545,TRY
2019-12-19,73.95,74.75,73.05,74.7,1004168,TRY
2019-12-20,75.0,78.35,74.15,75.6,5918628,TRY
2019-12-23,76.6,78.65,74.65,74.9,3836912,TRY
2019-12-24,75.5,76.6,75.05,75.5,1022434,TRY
2019-12-25,76.0,76.15,75.4,75.5,618956,TRY
2019-12-26,75.75,76.35,75.15,75.45,1300547,TRY
2019-12-27,75.75,76.25,75.3,75.45,981270,TRY
2019-12-30,75.45,75.9,73.5,73.75,1369673,TRY
2019-12-31,73.85,74.95,73.3,74.05,1122011,TRY
