Date,Open,High,Low,Close,Volume,Currency
2010-05-20,25.94,26.42,25.46,25.46,102115,TRY
2010-05-21,25.94,25.94,25.22,25.7,61671,TRY
2010-05-24,25.94,26.42,25.7,26.42,76854,TRY
2010-05-25,25.94,26.18,25.22,25.22,165669,TRY
2010-05-26,25.94,26.66,25.7,26.66,107700,TRY
2011-12-30,12.7,12.8,12.6,12.65,348262,TRY
2012-01-02,12.65,12.75,12.5,12.6,547340,TRY
2012-01-03,12.65,12.9,12.55,12.8,1608080,TRY
2012-01-04,12.75,12.9,12.55,12.55,929605,TRY
2012-01-05,12.6,12.65,12.2,12.3,1685907,TRY
2012-01-06,12.3,12.3,11.75,11.8,1228487,TRY
2012-01-09,11.8,11.85,11.25,11.35,637098,TRY
2012-01-10,11.45,11.6,11.4,11.45,1128938,TRY
2012-01-11,11.45,11.65,11.35,11.55,1635171,TRY
2012-01-12,11.6,12.1,11.6,11.95,2590757,TRY
2012-01-13,12.1,12.35,11.9,12.05,1985385,TRY
2012-01-16,12.1,12.35,12.0,12.3,1718587,TRY
2012-01-17,12.5,12.6,12.3,12.45,1643664,TRY
2012-01-18,12.4,12.5,12.2,12.5,1123385,TRY
2012-01-19,12.5,13.0,12.35,12.95,1942696,TRY
2012-01-20,13.0,13.1,12.8,13.0,1397432,TRY
2012-01-23,13.0,13.4,12.85,13.35,1416636,TRY
2012-01-24,13.3,13.35,12.85,12.9,1581256,TRY
2012-01-25,12.95,13.2,12.95,13.0,1547719,TRY
2012-01-26,13.15,13.65,13.15,13.6,2524533,TRY
2012-01-27,13.55,13.7,13.35,13.6,2862563,TRY
2012-01-30,13.5,13.75,13.4,13.6,2010922,TRY
2012-01-31,13.7,13.9,13.55,13.6,2092550,TRY
2012-02-01,13.6,14.05,13.55,14.0,2475844,TRY
2012-02-02,14.05,14.2,13.85,14.2,1982143,TRY
2012-02-03,14.0,14.35,14.0,14.3,1578442,TRY
2012-02-06,14.3,15.1,14.2,15.1,2014016,TRY
2012-02-07,15.1,15.5,15.0,15.1,1599189,TRY
2012-02-08,15.25,15.35,15.15,15.15,1444653,TRY
2012-02-09,15.2,15.6,14.75,14.75,2456231,TRY
2012-02-10,14.7,15.15,14.6,15.15,2005834,TRY
2012-02-13,15.3,15.75,15.25,15.7,2541021,TRY
2012-02-14,15.7,16.25,15.45,15.5,2299857,TRY
2012-02-15,15.65,16.05,15.5,15.65,2187678,TRY
2012-02-16,15.5,15.6,15.15,15.4,1849527,TRY
2012-02-17,15.55,15.7,15.35,15.65,1942789,TRY
2012-02-20,15.85,15.9,15.55,15.65,1516044,TRY
2012-02-21,15.65,15.65,15.35,15.5,1069770,TRY
2012-02-22,15.55,15.95,15.55,15.65,2955756,TRY
2012-02-23,15.7,15.7,15.35,15.4,1292137,TRY
2012-02-24,15.45,15.9,15.4,15.9,3212639,TRY
2012-02-27,15.85,16.45,15.85,16.35,4747492,TRY
2012-02-28,16.45,16.6,16.15,16.15,2511994,TRY
2012-02-29,16.25,16.4,16.1,16.35,1731839,TRY
2012-03-01,16.25,16.75,16.25,16.55,3040464,TRY
2012-03-02,16.6,16.75,16.5,16.55,1143792,TRY
2012-03-05,16.5,16.55,16.25,16.25,1159294,TRY
2012-03-06,16.2,16.35,16.0,16.05,807640,TRY
2012-03-07,16.05,16.25,15.95,16.15,856232,TRY
2012-03-08,16.3,16.4,16.15,16.25,1007951,TRY
2012-03-09,16.25,16.25,16.0,16.1,801771,TRY
2012-03-12,16.05,16.15,15.8,15.85,593827,TRY
2012-03-13,16.0,16.1,15.85,15.9,667588,TRY
2012-03-14,16.0,16.35,15.95,16.15,1307394,TRY
2012-03-15,16.2,16.3,16.05,16.1,1155137,TRY
2012-03-16,16.15,16.4,16.1,16.3,1253507,TRY
2012-03-19,16.4,16.6,16.35,16.45,2369234,TRY
2012-03-20,16.45,16.45,16.15,16.3,1103170,TRY
2012-03-21,16.35,16.4,16.2,16.2,745382,TRY
2012-03-22,16.25,16.35,16.05,16.1,1068681,TRY
2012-03-23,16.15,16.2,15.9,15.9,743974,TRY
2012-03-26,15.9,16.35,15.85,16.35,1053497,TRY
2012-03-27,16.4,16.45,16.15,16.2,1072260,TRY
2012-03-28,16.1,16.35,16.1,16.25,939495,TRY
2012-03-29,16.2,16.3,16.05,16.1,540974,TRY
2012-03-30,16.2,16.35,16.15,16.25,1127796,TRY
2012-04-02,16.3,16.4,16.2,16.35,1128656,TRY
2012-04-03,16.4,17.2,16.3,17.05,4862476,TRY
2012-04-04,17.0,17.6,16.9,17.3,3329675,TRY
2012-04-05,17.4,17.6,17.0,17.0,2333656,TRY
2012-04-06,17.05,17.7,16.9,17.6,2318438,TRY
2012-04-09,17.6,17.9,17.45,17.55,1106792,TRY
2012-04-10,17.55,17.6,16.8,16.95,1634006,TRY
2012-04-11,17.0,17.35,16.85,17.2,1715490,TRY
2012-04-12,17.3,17.35,17.05,17.1,763433,TRY
2012-04-13,17.1,17.25,16.95,16.95,669807,TRY
2012-04-16,16.85,17.1,16.7,17.1,1114634,TRY
2012-04-17,17.0,17.25,17.0,17.1,891920,TRY
2012-04-18,17.2,17.35,17.05,17.05,1339739,TRY
2012-04-19,17.1,17.4,17.05,17.15,1150478,TRY
2012-04-20,17.15,17.45,17.15,17.35,951288,TRY
2012-04-24,17.3,17.65,17.2,17.6,2290966,TRY
2012-04-25,17.7,17.75,17.0,17.1,2223532,TRY
2012-04-26,17.15,17.6,17.05,17.6,1559295,TRY
2012-04-27,17.55,17.6,17.3,17.3,853467,TRY
2012-04-30,17.4,17.45,17.2,17.35,543042,TRY
2012-05-02,17.3,17.45,17.05,17.05,745084,TRY
2012-05-03,17.2,17.25,16.95,17.0,603853,TRY
2012-05-04,17.1,17.35,17.0,17.15,1389509,TRY
2012-05-07,17.0,17.25,16.9,17.25,617913,TRY
2012-05-08,17.25,17.45,17.15,17.15,837319,TRY
2012-05-09,17.25,17.25,16.9,16.95,601538,TRY
2012-05-10,17.05,17.2,16.95,17.15,880575,TRY
2012-05-11,17.05,17.5,17.0,17.5,1818643,TRY
2012-05-14,17.45,18.15,17.45,17.75,3718852,TRY
2012-05-15,17.9,17.95,17.55,17.8,1085460,TRY
2012-05-16,17.5,18.05,17.4,17.85,1516207,TRY
2012-05-17,17.9,17.9,17.15,17.15,1371744,TRY
2012-05-18,16.95,17.15,16.85,17.05,1187255,TRY
2012-05-21,17.15,17.3,17.1,17.3,952714,TRY
2012-05-22,17.4,17.7,17.3,17.6,1788181,TRY
2012-05-23,17.45,17.55,17.0,17.0,1803260,TRY
2012-05-24,17.05,17.1,15.75,15.75,2345633,TRY
2012-05-25,15.75,16.05,15.15,15.5,1508413,TRY
2012-05-28,15.65,15.75,15.45,15.7,1087387,TRY
2012-05-29,15.8,16.05,15.8,16.0,938711,TRY
2012-05-30,15.9,15.95,15.45,15.8,1533218,TRY
2012-05-31,15.8,15.9,15.5,15.6,672493,TRY
2012-06-01,15.55,15.7,15.25,15.7,1021525,TRY
2012-06-04,15.45,15.95,15.45,15.85,1534028,TRY
2012-06-05,15.95,16.25,15.9,16.2,1566086,TRY
2012-06-06,16.25,16.25,15.9,16.15,1469729,TRY
2012-06-07,16.15,16.25,16.0,16.0,707525,TRY
2012-06-08,15.95,16.15,15.9,16.05,655220,TRY
2012-06-11,16.2,16.45,16.15,16.2,1275381,TRY
2012-06-12,16.2,16.35,16.15,16.2,677481,TRY
2012-06-13,16.3,16.55,16.25,16.55,2065986,TRY
2012-06-14,16.55,16.85,16.45,16.85,1156479,TRY
2012-06-15,16.85,16.95,16.75,16.95,668022,TRY
2012-06-18,17.05,17.3,17.05,17.1,1115889,TRY
2012-06-19,17.1,17.2,17.05,17.15,562364,TRY
2012-06-20,17.3,17.35,17.15,17.15,809270,TRY
2012-06-21,17.15,17.5,17.1,17.4,844930,TRY
2012-06-22,17.3,17.45,17.25,17.35,738788,TRY
2012-06-25,17.25,17.3,17.0,17.0,676520,TRY
2012-06-26,16.95,17.15,16.95,17.15,541757,TRY
2012-06-27,17.15,17.4,17.1,17.35,1354065,TRY
2012-06-28,17.45,17.55,17.3,17.4,1471913,TRY
2012-06-29,17.5,17.9,17.5,17.9,1495541,TRY
2012-07-02,17.85,18.0,17.6,17.7,1247801,TRY
2012-07-03,17.85,18.75,17.85,18.75,4132277,TRY
2012-07-04,18.75,19.25,18.7,19.05,3360849,TRY
2012-07-05,19.05,19.1,18.45,18.55,1482201,TRY
2012-07-06,18.55,18.85,18.45,18.85,1244619,TRY
2012-07-09,18.85,19.0,18.65,18.7,1166378,TRY
2012-07-10,18.75,19.05,18.65,18.85,1517149,TRY
2012-07-11,18.85,19.15,18.85,18.95,1030363,TRY
2012-07-12,18.9,19.0,18.45,18.45,706496,TRY
2012-07-13,18.55,18.85,18.55,18.75,612495,TRY
2012-07-16,18.8,18.9,18.55,18.65,490490,TRY
2012-07-17,18.75,18.75,18.35,18.4,512712,TRY
2012-07-18,18.45,18.65,18.35,18.45,665930,TRY
2012-07-19,18.55,18.9,18.45,18.75,1712391,TRY
2012-07-20,18.75,18.9,18.3,18.35,1917333,TRY
2012-07-23,18.3,18.3,17.8,17.85,606355,TRY
2012-07-24,17.9,18.25,17.85,18.1,982431,TRY
2012-07-25,18.1,18.55,18.05,18.55,1444848,TRY
2012-07-26,18.55,18.8,18.45,18.8,1297411,TRY
2012-07-27,18.85,18.95,18.6,18.65,1644484,TRY
2012-07-30,18.8,18.9,18.6,18.85,1109477,TRY
2012-07-31,18.9,19.45,18.85,19.15,4414462,TRY
2012-08-01,19.2,19.6,19.15,19.4,2253890,TRY
2012-08-02,19.6,19.95,19.45,19.95,3738326,TRY
2012-08-03,20.0,20.0,19.5,19.9,1872383,TRY
2012-08-06,19.9,19.95,19.6,19.65,560399,TRY
2012-08-07,19.65,20.1,19.6,20.0,1414605,TRY
2012-08-08,19.85,20.05,19.4,19.5,1299369,TRY
2012-08-09,19.55,19.7,19.0,19.05,1119085,TRY
2012-08-10,19.05,19.35,18.9,19.35,1260616,TRY
2012-08-13,19.3,19.4,19.1,19.1,1260352,TRY
2012-08-14,19.15,19.15,18.9,18.95,578019,TRY
2012-08-15,18.95,18.95,18.3,18.5,1979183,TRY
2012-08-16,18.6,18.8,18.55,18.7,1247438,TRY
2012-08-17,18.8,18.95,18.7,18.75,917443,TRY
2012-08-22,18.7,18.85,18.65,18.7,556577,TRY
2012-08-23,18.8,18.8,18.3,18.3,1202414,TRY
2012-08-24,18.3,18.5,18.25,18.3,592919,TRY
2012-08-27,18.5,18.75,18.4,18.65,913510,TRY
2012-08-28,18.7,18.9,18.65,18.65,907726,TRY
2012-08-29,18.75,19.1,18.55,19.05,2043872,TRY
2012-08-31,19.0,19.15,18.95,19.05,1522189,TRY
2012-09-03,19.05,19.05,18.85,18.9,479158,TRY
2012-09-04,18.95,19.25,18.95,18.95,2496842,TRY
2012-09-05,19.0,19.3,19.0,19.2,1710568,TRY
2012-09-06,19.35,19.7,19.3,19.6,4574418,TRY
2012-09-07,19.65,19.75,19.4,19.4,1710613,TRY
2012-09-10,19.45,19.8,19.4,19.7,1558022,TRY
2012-09-11,19.7,19.9,19.6,19.7,1553441,TRY
2012-09-12,19.9,20.2,19.8,20.1,4439079,TRY
2012-09-13,20.15,20.15,19.8,19.85,1864189,TRY
2012-09-14,20.0,20.1,19.55,19.55,2366068,TRY
2012-09-17,19.55,19.6,19.3,19.35,1426067,TRY
2012-09-18,19.35,19.5,19.3,19.35,1395653,TRY
2012-09-19,19.45,19.5,19.1,19.1,1669948,TRY
2012-09-20,19.05,19.1,18.8,18.9,1292706,TRY
2012-09-21,19.0,19.45,18.95,19.4,2113973,TRY
2012-09-24,19.3,19.4,19.1,19.1,1322799,TRY
2012-09-25,19.15,19.25,19.05,19.1,1348959,TRY
2012-09-26,19.0,19.4,18.8,18.8,2216986,TRY
2012-09-27,18.95,19.15,18.9,19.05,1432281,TRY
2012-09-28,19.15,19.25,18.6,18.7,1935251,TRY
2012-10-01,18.75,19.0,18.55,18.95,925422,TRY
2012-10-02,19.0,19.2,18.95,19.15,872170,TRY
2012-10-03,19.15,19.35,19.0,19.0,1441357,TRY
2012-10-04,19.0,19.05,18.25,19.0,1974298,TRY
2012-10-05,19.0,19.2,18.85,18.95,1176161,TRY
2012-10-08,18.85,19.15,18.85,19.05,1124330,TRY
2012-10-09,19.1,19.15,18.9,19.15,993764,TRY
2012-10-10,19.1,19.35,19.05,19.25,2549927,TRY
2012-10-11,19.3,19.5,19.25,19.4,2009144,TRY
2012-10-12,19.45,19.6,19.3,19.35,1691301,TRY
2012-10-15,19.35,19.65,19.3,19.45,1905930,TRY
2012-10-16,19.5,19.6,19.4,19.4,1703721,TRY
2012-10-17,19.45,19.55,19.15,19.15,1128069,TRY
2012-10-18,19.25,19.25,19.0,19.05,914293,TRY
2012-10-19,19.05,19.05,18.75,18.8,857648,TRY
2012-10-22,18.85,19.0,18.8,18.8,457514,TRY
2012-10-23,19.0,19.15,18.9,19.0,1176861,TRY
2012-10-24,19.05,19.05,18.85,18.85,254739,TRY
2012-10-30,18.85,19.15,18.8,19.05,1139294,TRY
2012-10-31,19.1,19.25,19.0,19.05,1061015,TRY
2012-11-01,19.1,19.5,19.1,19.35,3229595,TRY
2012-11-02,19.35,19.45,19.15,19.15,1339568,TRY
2012-11-05,19.2,19.45,19.05,19.3,1152916,TRY
2012-11-06,19.3,19.55,19.2,19.35,2981760,TRY
2012-11-07,19.45,19.5,19.2,19.25,1667008,TRY
2012-11-08,19.3,19.3,19.1,19.2,921559,TRY
2012-11-09,19.25,19.3,19.15,19.2,948609,TRY
2012-11-12,19.2,19.25,19.1,19.1,359920,TRY
2012-11-13,19.1,19.25,19.05,19.15,544246,TRY
2012-11-14,19.15,19.2,18.9,18.95,790638,TRY
2012-11-15,18.85,19.25,18.85,19.15,711229,TRY
2012-11-16,19.15,19.15,18.85,18.85,372243,TRY
2012-11-19,18.9,19.15,18.9,19.0,866505,TRY
2012-11-20,19.05,19.15,19.0,19.05,546683,TRY
2012-11-21,19.05,19.25,19.0,19.05,1101346,TRY
2012-11-22,19.1,19.1,18.8,18.85,548757,TRY
2012-11-23,18.85,19.0,18.75,18.9,629011,TRY
2012-11-26,18.9,19.1,18.9,19.05,551918,TRY
2012-11-27,19.1,19.15,18.9,18.95,554569,TRY
2012-11-28,18.95,19.1,18.75,18.85,801517,TRY
2012-11-29,18.95,19.3,18.95,19.1,2365814,TRY
2012-11-30,19.2,19.25,19.0,19.0,801716,TRY
2012-12-03,19.05,19.2,19.05,19.15,1827660,TRY
2012-12-04,19.15,19.3,19.05,19.1,1502630,TRY
2012-12-05,19.2,19.8,19.1,19.8,6733260,TRY
2012-12-06,19.75,21.8,19.7,21.8,12781465,TRY
2012-12-07,21.85,22.4,21.4,21.75,7599829,TRY
2012-12-10,21.8,23.35,21.8,23.0,6849136,TRY
2012-12-11,22.5,22.55,21.7,21.7,6796580,TRY
2012-12-12,21.85,22.75,21.8,22.6,4658445,TRY
2012-12-13,24.0,24.6,22.0,22.0,25916500,TRY
2012-12-14,22.4,22.45,21.15,21.15,5953514,TRY
2012-12-17,21.1,21.65,20.85,21.45,6181083,TRY
2012-12-18,21.5,21.9,21.1,21.25,4677116,TRY
2012-12-19,21.4,21.65,21.1,21.55,3441928,TRY
2012-12-20,21.6,22.0,21.2,21.25,4259177,TRY
2012-12-21,21.25,21.4,21.2,21.25,1247010,TRY
2012-12-24,21.25,21.6,21.25,21.45,1396848,TRY
2012-12-25,21.5,21.75,21.4,21.5,2346255,TRY
2012-12-26,21.5,21.5,21.35,21.35,730522,TRY
2012-12-27,21.4,21.55,21.4,21.45,941879,TRY
2012-12-28,21.55,21.9,21.55,21.75,4055947,TRY
2012-12-31,21.75,21.75,21.4,21.5,1713916,TRY
2013-01-02,21.65,21.9,21.55,21.85,2632247,TRY
2013-01-03,21.85,22.3,21.85,22.15,4180223,TRY
2013-01-04,22.05,22.4,22.0,22.05,2597323,TRY
2013-01-07,22.15,22.3,22.05,22.25,1708512,TRY
2013-01-08,22.3,22.45,22.1,22.1,2419773,TRY
2013-01-09,22.15,22.25,22.05,22.25,1959758,TRY
2013-01-10,22.25,22.35,22.1,22.1,1622316,TRY
2013-01-11,22.15,22.5,22.15,22.5,3286136,TRY
2013-01-14,22.65,22.9,22.65,22.65,4019044,TRY
2013-01-15,22.75,22.75,22.55,22.65,1694885,TRY
2013-01-16,22.7,23.05,22.7,22.9,4725922,TRY
2013-01-17,23.05,23.2,22.9,22.9,3713461,TRY
2013-01-18,22.95,23.0,22.65,22.65,1720945,TRY
2013-01-21,22.75,22.8,22.55,22.6,1331426,TRY
2013-01-22,22.65,22.7,22.2,22.3,1542416,TRY
2013-01-23,22.4,22.55,22.3,22.4,1420211,TRY
2013-01-24,22.55,22.75,22.5,22.55,2048556,TRY
2013-01-25,22.55,22.65,22.2,22.2,1304296,TRY
2013-01-28,22.2,22.3,21.05,21.3,1086142,TRY
2013-01-29,21.3,21.35,20.65,21.05,1937104,TRY
2013-01-30,21.15,21.35,20.2,20.25,1962242,TRY
2013-01-31,20.25,20.65,20.1,20.3,1159651,TRY
2013-02-01,20.4,20.85,20.35,20.8,693956,TRY
2013-02-04,20.85,21.05,20.75,20.9,559888,TRY
2013-02-05,20.95,21.2,20.9,21.0,929902,TRY
2013-02-06,21.0,21.3,20.85,21.25,827605,TRY
2013-02-07,21.25,21.3,20.65,20.95,819783,TRY
2013-02-08,20.9,21.05,20.45,21.05,730947,TRY
2013-02-11,21.15,21.15,20.75,20.75,677882,TRY
2013-02-12,20.7,21.35,20.7,21.15,1245273,TRY
2013-02-13,21.2,21.5,21.05,21.05,1262875,TRY
2013-02-14,21.2,21.2,20.75,20.9,670063,TRY
2013-02-15,21.1,21.15,20.8,20.95,695896,TRY
2013-02-18,21.35,21.55,21.25,21.4,2281432,TRY
2013-02-19,21.4,21.45,21.15,21.3,991301,TRY
2013-02-20,21.4,21.65,21.25,21.5,1589964,TRY
2013-02-21,21.4,21.5,20.7,20.75,1213862,TRY
2013-02-22,20.8,20.9,20.3,20.4,819933,TRY
2013-02-25,20.45,21.25,20.4,20.95,1196393,TRY
2013-02-26,20.8,21.65,20.75,21.5,2175110,TRY
2013-02-27,21.6,21.75,21.4,21.65,1256210,TRY
2013-02-28,21.8,21.8,21.45,21.7,986379,TRY
2013-03-01,21.7,21.75,21.4,21.6,761735,TRY
2013-03-04,21.55,21.75,21.55,21.7,1061847,TRY
2013-03-05,21.7,22.05,21.6,21.9,2064944,TRY
2013-03-06,22.0,22.1,21.95,22.1,1269538,TRY
2013-03-07,22.1,22.2,21.8,21.85,1024113,TRY
2013-03-08,21.9,22.35,21.8,22.25,1595097,TRY
2013-03-11,22.2,22.25,22.0,22.0,659789,TRY
2013-03-12,22.05,22.2,22.0,22.15,640329,TRY
2013-03-13,22.2,22.3,22.0,22.0,1034155,TRY
2013-03-14,22.05,22.05,21.8,21.85,509466,TRY
2013-03-15,21.95,22.05,21.85,22.05,656737,TRY
2013-03-18,21.85,21.95,21.75,21.95,620530,TRY
2013-03-19,21.95,22.05,21.7,21.75,489006,TRY
2013-03-20,21.75,21.9,21.7,21.75,474558,TRY
2013-03-21,21.75,21.85,21.45,21.55,719799,TRY
2013-03-22,21.6,21.6,21.4,21.45,314937,TRY
2013-03-25,21.55,21.65,21.5,21.6,487530,TRY
2013-03-26,21.65,21.85,21.6,21.85,891760,TRY
2013-03-27,21.9,22.15,21.8,22.15,1499834,TRY
2013-03-28,22.25,22.35,22.05,22.25,992223,TRY
2013-03-29,22.35,22.65,22.3,22.65,1350859,TRY
2013-04-01,22.65,22.65,22.45,22.5,605582,TRY
2013-04-02,22.65,22.85,22.45,22.5,1811658,TRY
2013-04-03,22.6,22.65,22.3,22.4,560793,TRY
2013-04-04,22.55,22.8,22.4,22.45,1240375,TRY
2013-04-05,22.5,22.55,22.1,22.1,625953,TRY
2013-04-08,22.1,22.45,22.0,22.45,593391,TRY
2013-04-09,22.75,22.9,22.65,22.9,2758861,TRY
2013-04-10,22.95,22.95,22.7,22.75,532560,TRY
2013-04-11,22.85,22.9,22.75,22.9,464966,TRY
2013-04-12,22.85,22.95,22.6,22.8,540524,TRY
2013-04-15,22.75,22.85,22.65,22.8,438134,TRY
2013-04-16,22.7,22.85,22.55,22.7,877033,TRY
2013-04-17,22.8,22.85,22.6,22.8,768792,TRY
2013-04-18,22.85,23.0,22.45,22.55,1204197,TRY
2013-04-19,22.55,22.6,22.35,22.5,425361,TRY
2013-04-22,22.55,22.55,22.3,22.3,397580,TRY
2013-04-24,22.45,22.85,22.4,22.8,669067,TRY
2013-04-25,22.85,22.9,22.65,22.7,757432,TRY
2013-04-26,22.7,22.85,22.6,22.8,554909,TRY
2013-04-29,22.9,23.35,22.9,23.35,2953547,TRY
2013-04-30,23.2,23.35,23.1,23.25,759970,TRY
2013-05-02,23.25,24.35,23.05,23.8,6174589,TRY
2013-05-03,23.8,23.85,23.25,23.45,795450,TRY
2013-05-06,23.45,23.7,23.45,23.7,770298,TRY
2013-05-07,24.0,24.15,23.65,23.75,2586735,TRY
2013-05-08,23.8,24.0,23.7,23.85,907915,TRY
2013-05-09,23.9,24.2,23.85,24.15,2219504,TRY
2013-05-10,24.15,24.2,23.9,24.05,1688157,TRY
2013-05-13,24.0,24.35,23.95,24.2,2193629,TRY
2013-05-14,24.3,24.95,24.2,24.95,2440890,TRY
2013-05-15,25.05,25.15,24.7,24.9,958966,TRY
2013-05-16,24.95,25.15,24.65,25.1,1218533,TRY
2013-05-17,25.15,25.5,24.85,25.45,1338793,TRY
2013-05-20,25.5,26.2,25.4,25.8,1505704,TRY
2013-05-21,26.0,26.6,25.9,26.5,2034235,TRY
2013-05-22,26.5,26.5,25.7,26.1,1618332,TRY
2013-05-23,25.5,26.1,25.4,26.0,811612,TRY
2013-05-24,26.0,26.4,25.7,25.7,944425,TRY
2013-05-27,25.7,25.8,25.4,25.6,432148,TRY
2013-05-28,25.7,26.1,25.4,25.7,640489,TRY
2013-05-29,25.6,25.6,24.6,24.8,459441,TRY
2013-05-30,24.8,24.8,24.2,24.3,809937,TRY
2013-05-31,24.35,24.4,23.25,23.4,1170185,TRY
2013-06-03,21.2,22.7,20.5,20.7,1268222,TRY
2013-06-04,21.0,22.2,21.0,22.2,1158171,TRY
2013-06-05,21.95,22.05,21.2,21.7,715997,TRY
2013-06-06,21.4,21.9,19.5,20.25,1111326,TRY
2013-06-07,20.15,22.0,20.0,22.0,1236612,TRY
2013-06-10,21.2,21.85,21.0,21.5,581096,TRY
2013-06-11,21.75,22.0,21.2,21.5,869620,TRY
2013-06-12,21.3,21.8,21.3,21.65,624282,TRY
2013-06-13,21.65,21.9,21.6,21.65,895558,TRY
2013-06-14,21.9,22.45,21.85,22.4,1897037,TRY
2013-06-17,21.8,22.15,21.65,21.95,1292619,TRY
2013-06-18,22.0,22.1,21.7,21.7,665325,TRY
2013-06-19,21.8,21.9,21.65,21.8,398054,TRY
2013-06-20,21.55,21.55,19.6,19.9,1071582,TRY
2013-06-21,20.1,20.15,19.05,19.1,1055099,TRY
2013-06-24,19.0,19.05,17.4,17.5,1545305,TRY
2013-06-25,17.95,18.15,17.55,17.65,2114032,TRY
2013-06-26,17.8,18.5,17.8,18.45,1242583,TRY
2013-06-27,18.6,19.85,18.55,19.65,2068787,TRY
2013-06-28,19.85,20.45,19.3,19.75,1518086,TRY
2013-07-01,20.0,21.9,19.75,21.15,3753603,TRY
2013-07-02,21.3,21.3,20.85,20.9,1218968,TRY
2013-07-03,20.6,20.85,19.8,19.8,1472515,TRY
2013-07-04,20.0,20.35,19.55,20.35,1070903,TRY
2013-07-05,20.45,20.45,19.2,19.7,809962,TRY
2013-07-08,19.65,19.7,19.25,19.6,531214,TRY
2013-07-09,19.9,20.2,19.75,20.05,942483,TRY
2013-07-10,20.1,20.35,19.35,19.55,859411,TRY
2013-07-11,20.0,20.15,19.7,19.85,1080279,TRY
2013-07-12,19.95,20.2,19.8,20.2,796307,TRY
2013-07-15,20.3,21.0,20.3,20.95,1244930,TRY
2013-07-16,20.9,21.05,20.55,20.6,820166,TRY
2013-07-17,20.6,20.95,20.6,20.9,703793,TRY
2013-07-18,21.0,21.2,20.7,20.9,1209345,TRY
2013-07-19,20.85,21.0,20.55,21.0,557998,TRY
2013-07-22,21.05,21.15,20.8,20.8,463528,TRY
2013-07-23,20.9,21.05,20.7,21.0,810226,TRY
2013-07-24,20.9,21.05,20.65,20.75,848447,TRY
2013-07-25,20.7,20.75,20.4,20.75,511184,TRY
2013-07-26,20.8,21.15,20.65,20.95,1161692,TRY
2013-07-29,20.85,20.95,20.7,20.9,317234,TRY
2013-07-30,20.95,21.0,20.7,20.85,654193,TRY
2013-07-31,20.75,20.85,20.25,20.5,463845,TRY
2013-08-01,20.6,20.65,20.3,20.3,275887,TRY
2013-08-02,20.3,20.6,20.2,20.45,369681,TRY
2013-08-05,20.5,20.85,20.45,20.75,503808,TRY
2013-08-06,20.8,20.8,20.55,20.65,149765,TRY
2013-08-07,20.65,20.65,20.55,20.55,37674,TRY
2013-08-12,20.55,20.8,20.55,20.7,384470,TRY
2013-08-13,20.7,20.85,20.45,20.55,440403,TRY
2013-08-14,20.35,20.65,20.35,20.4,267064,TRY
2013-08-15,20.4,20.5,19.85,20.0,634642,TRY
2013-08-16,20.0,20.1,19.85,19.95,152397,TRY
2013-08-19,19.7,19.7,19.35,19.35,219756,TRY
2013-08-20,19.0,19.2,18.7,18.85,227453,TRY
2013-08-21,18.85,18.85,18.2,18.2,290723,TRY
2013-08-22,18.0,18.35,17.6,18.1,443067,TRY
2013-08-23,18.1,18.25,17.75,17.85,186219,TRY
2013-08-26,17.9,18.05,17.7,18.0,235380,TRY
2013-08-27,17.75,17.8,16.65,16.65,565901,TRY
2013-08-28,16.35,16.35,15.65,15.95,1377300,TRY
2013-08-29,16.05,16.75,16.05,16.45,1160839,TRY
2013-09-02,16.75,17.3,16.75,17.1,613369,TRY
2013-09-03,17.15,17.2,16.65,16.75,362290,TRY
2013-09-04,16.6,16.85,16.4,16.5,533882,TRY
2013-09-05,16.55,16.55,15.95,16.15,1360408,TRY
2013-09-06,16.15,16.7,15.95,16.1,1148360,TRY
2013-09-09,16.3,16.8,16.25,16.7,894677,TRY
2013-09-10,16.9,17.3,16.9,17.25,1829256,TRY
2013-09-11,17.15,17.55,17.05,17.1,1797971,TRY
2013-09-12,17.15,17.55,16.95,17.55,2415701,TRY
2013-09-13,17.4,17.85,17.35,17.45,2169293,TRY
2013-09-16,17.9,18.4,17.7,18.3,2200652,TRY
2013-09-17,18.25,18.4,17.85,18.3,1394716,TRY
2013-09-18,18.35,18.6,18.25,18.3,798142,TRY
2013-09-19,19.2,19.7,18.9,19.05,2638615,TRY
2013-09-20,19.05,19.15,18.3,18.35,1920435,TRY
2013-09-23,18.4,18.45,18.05,18.15,1009656,TRY
2013-09-24,18.2,18.35,17.95,18.0,956251,TRY
2013-09-25,18.0,18.1,17.6,17.65,914954,TRY
2013-09-26,17.6,17.75,17.5,17.5,574082,TRY
2013-09-27,17.55,17.55,17.1,17.1,802932,TRY
2013-09-30,17.0,17.1,16.75,16.95,789160,TRY
2013-10-01,17.05,17.6,17.05,17.55,1739671,TRY
2013-10-02,17.55,17.75,17.35,17.35,1552986,TRY
2013-10-03,17.5,18.0,17.5,17.95,1470541,TRY
2013-10-04,18.0,18.2,17.95,18.15,1404608,TRY
2013-10-07,18.1,18.1,17.8,17.85,687836,TRY
2013-10-08,17.85,17.9,17.7,17.75,468701,TRY
2013-10-09,17.6,17.7,17.4,17.65,718025,TRY
2013-10-10,17.8,17.95,17.7,17.8,581514,TRY
2013-10-11,17.9,17.95,17.8,17.8,355698,TRY
2013-10-14,17.8,17.85,17.75,17.8,90791,TRY
2013-10-21,18.1,18.85,18.0,18.55,1820349,TRY
2013-10-22,18.55,18.9,18.4,18.65,2016234,TRY
2013-10-23,18.6,18.8,18.35,18.35,1598466,TRY
2013-10-24,18.45,18.65,18.3,18.45,1532923,TRY
2013-10-25,18.45,18.6,18.35,18.6,1038860,TRY
2013-10-28,18.65,18.8,18.6,18.7,776890,TRY
2013-10-30,18.75,18.85,18.4,18.4,1563481,TRY
2013-10-31,18.25,18.25,17.8,17.8,1047490,TRY
2013-11-01,17.9,17.95,17.5,17.6,954038,TRY
2013-11-04,17.6,17.7,17.45,17.55,554392,TRY
2013-11-05,17.6,17.65,17.05,17.1,527733,TRY
2013-11-06,17.15,17.4,17.05,17.35,800116,TRY
2013-11-07,17.35,17.55,17.25,17.35,1158547,TRY
2013-11-08,17.35,17.4,16.75,17.0,540526,TRY
2013-11-11,17.0,17.05,16.4,16.45,398049,TRY
2013-11-12,16.35,16.75,16.05,16.6,499652,TRY
2013-11-13,16.65,16.85,16.2,16.7,380084,TRY
2013-11-14,17.0,17.15,16.8,17.0,523955,TRY
2013-11-15,17.15,17.3,17.0,17.2,829470,TRY
2013-11-18,17.3,17.65,17.15,17.5,1271512,TRY
2013-11-19,17.5,17.7,17.35,17.35,637141,TRY
2013-11-20,17.35,17.5,17.1,17.45,400328,TRY
2013-11-21,17.25,17.6,17.15,17.4,702140,TRY
2013-11-22,17.55,17.85,17.5,17.8,1233376,TRY
2013-11-25,17.9,18.05,17.75,17.75,712799,TRY
2013-11-26,17.75,17.8,17.5,17.75,429313,TRY
2013-11-27,17.7,18.0,17.65,17.65,978517,TRY
2013-11-28,17.7,17.75,17.6,17.6,221963,TRY
2013-11-29,17.65,18.1,17.6,18.05,708171,TRY
2013-12-02,18.15,18.25,17.8,17.9,676081,TRY
2013-12-03,17.8,17.8,17.25,17.3,404648,TRY
2013-12-04,17.3,17.5,17.2,17.5,277335,TRY
2013-12-05,17.5,17.55,17.3,17.35,308401,TRY
2013-12-06,17.35,17.7,17.15,17.7,520614,TRY
2013-12-09,17.8,17.9,17.6,17.65,483177,TRY
2013-12-10,17.65,17.9,17.6,17.7,593484,TRY
2013-12-11,17.7,17.9,17.55,17.55,413687,TRY
2013-12-12,17.5,17.55,17.15,17.2,589422,TRY
2013-12-13,17.3,17.5,17.25,17.3,604319,TRY
2013-12-16,17.35,17.55,17.3,17.5,618916,TRY
2013-12-17,17.3,17.35,16.3,16.4,634468,TRY
2013-12-18,16.05,16.75,15.9,16.65,478477,TRY
2013-12-19,16.55,16.55,15.75,15.95,874508,TRY
2013-12-20,15.95,16.1,15.75,16.1,476064,TRY
2013-12-23,16.2,16.2,15.6,15.65,399036,TRY
2013-12-24,15.7,15.85,15.6,15.65,611416,TRY
2013-12-25,15.75,16.05,15.0,15.1,968381,TRY
2013-12-26,15.2,15.35,14.3,14.5,591484,TRY
2013-12-27,14.5,14.55,13.25,14.4,1060633,TRY
2013-12-30,14.55,15.1,14.45,15.1,720176,TRY
2013-12-31,15.1,16.2,14.4,16.0,753555,TRY
2014-01-02,15.65,15.65,14.95,15.2,509603,TRY
2014-01-03,15.25,15.3,14.75,14.8,446062,TRY
2014-01-06,15.0,15.45,14.65,15.25,495923,TRY
2014-01-07,15.15,15.6,15.0,15.5,837272,TRY
2014-01-08,15.4,15.55,15.0,15.05,339661,TRY
2014-01-09,14.9,15.05,14.65,14.65,311068,TRY
2014-01-10,14.8,14.95,14.65,14.9,497615,TRY
2014-01-13,14.95,15.1,14.8,14.85,382808,TRY
2014-01-14,14.7,14.75,14.6,14.7,382911,TRY
2014-01-15,14.7,14.9,14.55,14.85,556864,TRY
2014-01-16,14.6,14.65,14.4,14.5,325079,TRY
2014-01-17,14.6,14.7,14.35,14.4,305610,TRY
2014-01-20,14.2,14.3,14.0,14.2,501975,TRY
2014-01-21,14.2,14.7,14.15,14.45,568918,TRY
2014-01-22,14.55,14.85,14.55,14.75,581570,TRY
2014-01-23,14.65,14.85,14.55,14.7,690566,TRY
2014-01-24,14.7,14.7,13.85,14.2,517117,TRY
2014-01-27,14.2,14.7,13.95,14.65,566619,TRY
2014-01-28,14.65,14.8,14.0,14.3,1257671,TRY
2014-01-29,14.8,15.5,14.3,14.4,2697447,TRY
2014-01-30,14.3,14.7,14.2,14.6,871120,TRY
2014-01-31,14.6,14.6,14.2,14.6,327793,TRY
2014-02-03,14.6,14.7,14.1,14.15,511878,TRY
2014-02-04,14.1,14.7,14.0,14.7,1304662,TRY
2014-02-05,14.65,14.7,14.5,14.55,379200,TRY
2014-02-06,14.65,15.15,14.6,15.05,820133,TRY
2014-02-07,15.1,15.2,14.8,14.95,681071,TRY
2014-02-10,14.85,15.0,14.75,14.85,397537,TRY
2014-02-11,14.9,15.3,14.85,15.15,962402,TRY
2014-02-12,15.2,15.5,15.15,15.25,1182148,TRY
2014-02-13,15.25,15.6,15.1,15.6,1173619,TRY
2014-02-14,15.65,15.85,15.4,15.75,988860,TRY
2014-02-17,15.9,16.0,15.5,15.5,713398,TRY
2014-02-18,15.5,15.65,15.15,15.3,738534,TRY
2014-02-19,15.2,15.3,14.8,14.9,426085,TRY
2014-02-20,14.75,15.0,14.65,14.95,317273,TRY
2014-02-21,15.05,16.05,15.05,15.35,5995481,TRY
2014-02-24,15.35,15.4,15.05,15.35,1229527,TRY
2014-02-25,14.9,14.95,14.4,14.5,828158,TRY
2014-02-26,14.6,14.7,14.4,14.45,335365,TRY
2014-02-27,14.45,14.85,14.4,14.65,903790,TRY
2014-02-28,14.75,14.9,14.65,14.8,463470,TRY
2014-03-03,14.55,14.75,14.45,14.5,435439,TRY
2014-03-04,14.7,15.0,14.65,15.0,417545,TRY
2014-03-05,15.0,15.2,14.9,15.1,347966,TRY
2014-03-06,15.15,15.3,14.95,15.15,410236,TRY
2014-03-07,15.2,15.3,14.8,14.85,631139,TRY
2014-03-10,14.75,15.15,14.75,15.05,276393,TRY
2014-03-11,15.1,15.3,15.05,15.05,360574,TRY
2014-03-12,14.9,15.3,14.85,15.1,752859,TRY
2014-03-13,15.2,15.55,15.2,15.25,583861,TRY
2014-03-14,15.1,15.35,15.1,15.1,200079,TRY
2014-03-17,15.25,15.45,15.2,15.3,401402,TRY
2014-03-18,15.3,15.5,15.3,15.5,372921,TRY
2014-03-19,15.5,15.75,15.4,15.55,617848,TRY
2014-03-20,15.4,15.6,15.4,15.6,315359,TRY
2014-03-21,15.8,15.9,15.6,15.85,801754,TRY
2014-03-24,15.85,16.05,15.5,15.5,480967,TRY
2014-03-25,15.6,15.9,15.6,15.85,263484,TRY
2014-03-26,16.8,17.0,16.35,16.7,1549959,TRY
2014-03-27,16.7,16.95,16.65,16.65,358182,TRY
2014-03-28,16.8,17.2,16.75,17.1,863407,TRY
2014-03-31,17.4,17.55,17.15,17.5,673920,TRY
2014-04-01,17.55,17.95,17.55,17.85,735093,TRY
2014-04-02,17.95,18.0,17.55,17.65,683363,TRY
2014-04-03,17.65,18.1,17.65,18.05,614557,TRY
2014-04-04,18.05,18.15,17.8,18.15,443992,TRY
2014-04-07,18.05,18.25,18.0,18.05,397885,TRY
2014-04-08,18.15,18.35,18.1,18.35,461409,TRY
2014-04-09,18.35,18.5,18.1,18.15,605482,TRY
2014-04-10,18.2,18.35,18.1,18.35,429957,TRY
2014-04-11,18.1,18.35,18.05,18.35,454157,TRY
2014-04-14,18.3,18.95,18.3,18.9,809148,TRY
2014-04-15,19.0,19.15,18.8,18.9,570321,TRY
2014-04-16,19.0,19.45,18.75,19.15,1281474,TRY
2014-04-17,19.2,19.4,18.95,19.0,462662,TRY
2014-04-18,19.0,19.1,18.8,19.1,236701,TRY
2014-04-21,19.1,19.2,18.95,18.95,242625,TRY
2014-04-22,19.05,19.1,18.8,18.9,203147,TRY
2014-04-24,18.85,19.0,18.5,18.6,350772,TRY
2014-04-25,18.6,18.8,18.25,18.35,975816,TRY
2014-04-28,18.4,18.5,18.2,18.45,321754,TRY
2014-04-29,18.45,19.1,18.45,18.95,1154319,TRY
2014-04-30,19.0,19.2,18.9,19.0,808172,TRY
2014-05-02,19.05,19.65,19.05,19.35,1000695,TRY
2014-05-05,19.4,19.5,19.05,19.35,611864,TRY
2014-05-06,19.4,19.45,19.15,19.15,512914,TRY
2014-05-07,19.15,19.2,18.85,18.95,530819,TRY
2014-05-08,19.0,19.3,19.0,19.25,676787,TRY
2014-05-09,19.2,19.75,19.15,19.65,1660190,TRY
2014-05-12,19.75,19.85,19.35,19.35,633236,TRY
2014-05-13,19.3,19.4,19.15,19.3,875870,TRY
2014-05-14,19.35,19.55,19.25,19.35,1015639,TRY
2014-05-15,19.4,21.1,19.4,20.85,5454408,TRY
2014-05-16,20.85,20.9,20.05,20.15,2555255,TRY
2014-05-20,20.2,20.2,19.45,19.7,1796895,TRY
2014-05-21,19.65,20.3,19.65,19.95,1852509,TRY
2014-05-22,20.05,20.4,19.85,20.15,1786272,TRY
2014-05-23,20.25,20.85,20.2,20.8,2562436,TRY
2014-05-26,20.85,21.0,20.6,21.0,2056438,TRY
2014-05-27,20.0,20.25,19.65,20.1,3367858,TRY
2014-05-28,20.15,20.5,20.15,20.25,1117249,TRY
2014-05-29,20.35,20.45,20.25,20.25,599525,TRY
2014-05-30,20.3,20.75,20.3,20.4,1612556,TRY
2014-06-02,20.4,20.7,20.4,20.45,1041499,TRY
2014-06-03,20.55,20.65,20.45,20.65,792573,TRY
2014-06-04,20.6,20.95,20.6,20.6,2066466,TRY
2014-06-05,20.7,20.9,20.65,20.75,747459,TRY
2014-06-06,20.75,21.15,20.75,21.0,2172267,TRY
2014-06-09,21.15,21.3,20.9,21.0,1702694,TRY
2014-06-10,21.15,21.35,21.1,21.2,1838725,TRY
2014-06-11,21.2,21.35,20.1,20.15,1553823,TRY
2014-06-12,20.0,20.6,19.9,20.4,728689,TRY
2014-06-13,20.45,20.45,19.95,20.05,596757,TRY
2014-06-16,19.9,20.0,19.4,19.85,959881,TRY
2014-06-17,19.9,20.25,19.85,20.1,738816,TRY
2014-06-18,20.2,20.4,20.2,20.2,529226,TRY
2014-06-19,20.4,20.6,20.3,20.3,654858,TRY
2014-06-20,20.25,20.3,20.1,20.15,164530,TRY
2014-06-23,20.3,20.4,20.2,20.25,550308,TRY
2014-06-24,20.3,20.55,20.2,20.2,1028945,TRY
2014-06-25,20.15,20.25,20.0,20.2,391074,TRY
2014-06-26,20.3,20.3,19.95,20.0,483539,TRY
2014-06-27,20.05,20.2,20.0,20.1,313636,TRY
2014-06-30,20.2,20.45,20.15,20.25,534286,TRY
2014-07-01,20.1,20.2,19.7,19.75,548622,TRY
2014-07-02,19.75,19.85,19.15,19.35,584525,TRY
2014-07-03,19.35,19.4,19.1,19.3,564555,TRY
2014-07-04,19.35,19.6,19.25,19.55,803001,TRY
2014-07-07,19.5,19.75,19.5,19.6,484196,TRY
2014-07-08,19.65,19.85,19.55,19.65,598829,TRY
2014-07-09,19.65,19.75,19.25,19.25,1098641,TRY
2014-07-10,19.3,19.35,18.7,18.8,902594,TRY
2014-07-11,18.85,19.05,18.55,18.65,1021627,TRY
2014-07-14,18.75,19.15,18.75,19.15,1016633,TRY
2014-07-15,19.1,19.4,19.1,19.35,933750,TRY
2014-07-16,19.35,19.6,19.3,19.45,1199422,TRY
2014-07-17,19.5,19.6,19.25,19.45,737602,TRY
2014-07-18,19.25,19.6,19.25,19.4,976451,TRY
2014-07-21,19.5,19.6,19.35,19.4,470619,TRY
2014-07-22,19.45,19.8,19.3,19.75,1543690,TRY
2014-07-23,19.8,19.9,19.5,19.5,1400366,TRY
2014-07-24,19.6,19.9,19.5,19.8,1168745,TRY
2014-07-25,19.85,19.9,19.65,19.65,431062,TRY
2014-07-31,19.6,19.65,19.15,19.15,722708,TRY
2014-08-01,19.2,19.3,18.8,18.95,630216,TRY
2014-08-04,19.0,19.4,19.0,19.1,815363,TRY
2014-08-05,19.2,19.5,18.95,19.1,1091699,TRY
2014-08-06,19.0,19.1,18.7,18.75,489146,TRY
2014-08-07,18.75,19.3,18.7,19.15,652864,TRY
2014-08-08,18.95,19.2,18.85,19.15,240236,TRY
2014-08-11,19.35,19.35,18.6,18.6,329977,TRY
2014-08-12,18.6,18.8,18.5,18.75,288706,TRY
2014-08-13,18.85,18.85,18.6,18.65,275610,TRY
2014-08-14,18.65,19.3,18.65,19.1,899120,TRY
2014-08-15,19.3,19.3,18.7,18.7,375949,TRY
2014-08-18,18.75,18.95,18.7,18.85,229688,TRY
2014-08-19,18.95,19.4,18.9,19.1,1132331,TRY
2014-08-20,19.25,19.5,19.15,19.45,1763088,TRY
2014-08-21,19.45,19.75,19.4,19.7,1981042,TRY
2014-08-22,19.65,19.75,19.45,19.5,482551,TRY
2014-08-25,19.55,19.65,19.45,19.45,209430,TRY
2014-08-26,19.45,19.6,19.3,19.5,889784,TRY
2014-08-27,19.5,19.55,19.3,19.3,252767,TRY
2014-08-28,19.35,19.4,19.25,19.35,245839,TRY
2014-08-29,19.35,19.5,19.05,19.2,576548,TRY
2014-09-01,19.2,19.65,19.15,19.55,678897,TRY
2014-09-02,19.55,19.7,19.35,19.4,723157,TRY
2014-09-03,19.4,19.55,19.35,19.5,536213,TRY
2014-09-04,19.5,19.7,19.45,19.7,688296,TRY
2014-09-05,19.65,19.8,19.55,19.65,954236,TRY
2014-09-08,19.65,19.7,19.55,19.55,290603,TRY
2014-09-09,19.55,19.7,19.1,19.1,877324,TRY
2014-09-10,19.1,19.2,18.7,18.9,425747,TRY
2014-09-11,19.0,19.1,18.85,18.9,403339,TRY
2014-09-12,18.9,18.95,18.65,18.7,421256,TRY
2014-09-15,18.6,18.75,18.45,18.7,619821,TRY
2014-09-16,18.65,18.7,18.45,18.55,388448,TRY
2014-09-17,18.65,18.85,18.6,18.6,1332116,TRY
2014-09-18,18.45,18.6,17.95,17.95,984808,TRY
2014-09-19,17.95,18.35,17.95,18.05,982892,TRY
2014-09-22,18.05,18.05,17.65,17.65,380994,TRY
2014-09-23,17.75,17.95,17.75,17.75,555905,TRY
2014-09-24,17.75,18.25,17.75,17.95,600092,TRY
2014-09-25,17.95,18.2,17.8,17.95,623340,TRY
2014-09-26,18.15,18.3,17.8,17.85,870404,TRY
2014-09-29,17.85,18.35,17.8,18.35,634862,TRY
2014-09-30,18.4,18.6,18.3,18.45,916280,TRY
2014-10-01,18.5,19.25,18.3,19.05,2710691,TRY
2014-10-02,19.1,19.35,19.05,19.1,1234871,TRY
2014-10-03,21.05,21.15,20.3,20.5,4060831,TRY
2014-10-08,20.5,20.65,19.5,19.5,3893335,TRY
2014-10-09,19.8,19.9,19.65,19.75,1741897,TRY
2014-10-10,19.65,19.8,19.45,19.5,1203409,TRY
2014-10-13,19.6,19.85,19.6,19.7,780665,TRY
2014-10-14,19.65,19.8,19.3,19.45,821113,TRY
2014-10-15,19.6,19.95,19.4,19.65,2430552,TRY
2014-10-16,19.7,20.0,19.5,19.5,1438059,TRY
2014-10-17,19.6,19.9,19.55,19.85,1069599,TRY
2014-10-20,19.95,20.3,19.8,20.3,2361614,TRY
2014-10-21,20.35,20.35,20.15,20.25,1171796,TRY
2014-10-22,20.25,20.4,20.25,20.25,890197,TRY
2014-10-23,20.25,20.4,20.2,20.35,555970,TRY
2014-10-24,20.35,20.6,20.35,20.35,937960,TRY
2014-10-27,20.4,20.5,19.95,20.25,720004,TRY
2014-10-28,20.25,20.3,20.15,20.2,123421,TRY
2014-10-30,20.15,20.4,20.1,20.25,797603,TRY
2014-10-31,20.35,20.95,20.35,20.65,2263526,TRY
2014-11-03,20.7,20.85,20.55,20.6,869431,TRY
2014-11-04,20.85,21.6,20.8,21.5,5543739,TRY
2014-11-05,21.6,21.75,21.0,21.0,1910430,TRY
2014-11-06,21.1,21.6,21.1,21.35,2530397,TRY
2014-11-07,21.35,21.5,21.15,21.4,1306612,TRY
2014-11-10,21.5,22.0,21.45,21.7,1224414,TRY
2014-11-11,21.75,21.95,21.55,21.7,747044,TRY
2014-11-12,21.75,21.8,21.5,21.65,588864,TRY
2014-11-13,21.7,21.85,21.5,21.6,831046,TRY
2014-11-14,21.55,21.7,21.45,21.45,535516,TRY
2014-11-17,21.6,22.05,21.6,21.9,1471799,TRY
2014-11-18,21.95,21.95,21.5,21.65,746456,TRY
2014-11-19,21.55,21.75,21.35,21.35,705697,TRY
2014-11-20,21.4,21.75,21.35,21.75,1781417,TRY
2014-11-21,21.8,21.85,21.55,21.65,1541982,TRY
2014-11-24,21.65,21.9,21.6,21.85,1066811,TRY
2014-11-25,21.85,22.35,21.85,22.25,2625642,TRY
2014-11-26,22.3,22.65,22.3,22.55,1544154,TRY
2014-11-27,22.55,22.6,22.2,22.3,1206574,TRY
2014-11-28,22.4,22.95,22.4,22.75,1977897,TRY
2014-12-01,22.75,23.15,22.75,22.95,1108017,TRY
2014-12-02,23.0,23.05,22.8,22.85,341793,TRY
2014-12-03,22.8,23.35,22.8,23.3,1303980,TRY
2014-12-04,23.3,23.45,22.9,23.1,1174313,TRY
2014-12-05,23.1,23.2,22.8,22.85,555139,TRY
2014-12-08,22.85,23.1,22.6,22.7,657474,TRY
2014-12-09,22.7,22.85,22.45,22.5,323819,TRY
2014-12-10,22.45,22.45,21.85,22.0,967178,TRY
2014-12-11,21.95,22.85,21.95,22.55,1481693,TRY
2014-12-12,22.55,22.65,22.15,22.15,465497,TRY
2014-12-15,22.1,22.2,21.9,22.1,267744,TRY
2014-12-16,21.9,22.2,21.0,21.15,559481,TRY
2014-12-17,21.15,21.4,20.85,21.3,416670,TRY
2014-12-18,21.5,21.85,21.5,21.75,565262,TRY
2014-12-19,21.8,22.05,21.7,22.0,527841,TRY
2014-12-22,22.0,22.6,21.95,22.5,453500,TRY
2014-12-23,22.55,22.85,22.3,22.7,622152,TRY
2014-12-24,22.75,22.8,22.45,22.45,120688,TRY
2014-12-25,22.55,22.7,22.45,22.55,100260,TRY
2014-12-26,22.55,22.75,22.55,22.65,200630,TRY
2014-12-29,22.65,22.65,22.25,22.25,292678,TRY
2014-12-30,22.2,22.65,22.15,22.6,364834,TRY
2014-12-31,22.6,22.85,22.5,22.75,205824,TRY
2015-01-02,23.05,23.3,22.5,22.5,1746348,TRY
2015-01-05,22.5,22.8,22.3,22.6,978340,TRY
2015-01-06,22.6,22.95,22.6,22.7,1462323,TRY
2015-01-07,22.65,22.9,22.55,22.55,1195903,TRY
2015-01-08,22.7,22.9,22.65,22.75,1100815,TRY
2015-01-09,22.8,23.1,22.7,23.05,1606435,TRY
2015-01-12,23.1,23.2,22.85,22.9,1190607,TRY
2015-01-13,22.95,23.05,22.7,22.7,698285,TRY
2015-01-14,22.65,22.7,22.5,22.6,644182,TRY
2015-01-15,22.7,22.95,22.65,22.9,1468485,TRY
2015-01-16,22.85,23.05,22.55,22.65,1000972,TRY
2015-01-19,22.6,22.8,22.55,22.75,591700,TRY
2015-01-20,22.8,23.05,22.65,22.7,1318818,TRY
2015-01-21,22.75,22.75,22.45,22.5,713097,TRY
2015-01-22,22.55,22.85,22.35,22.75,1131723,TRY
2015-01-23,22.85,23.7,22.85,23.6,3397580,TRY
2015-01-26,23.6,23.8,23.45,23.75,891535,TRY
2015-01-27,23.75,24.05,23.6,23.7,2164209,TRY
2015-01-28,23.9,23.95,23.45,23.6,619847,TRY
2015-01-29,23.5,23.8,23.3,23.4,705068,TRY
2015-01-30,23.4,23.5,22.8,22.95,1075748,TRY
2015-02-02,23.0,23.3,22.85,23.1,576829,TRY
2015-02-03,23.1,23.35,22.95,23.0,787440,TRY
2015-02-04,23.0,23.1,22.7,22.75,516231,TRY
2015-02-05,22.8,23.05,22.75,22.85,812341,TRY
2015-02-06,23.1,23.5,22.85,23.0,1520854,TRY
2015-02-09,23.0,23.05,22.0,22.4,943502,TRY
2015-02-10,22.5,22.6,21.55,21.65,978138,TRY
2015-02-11,21.8,22.0,21.65,21.7,489667,TRY
2015-02-12,21.75,22.4,21.75,22.35,490971,TRY
2015-02-13,22.35,22.55,22.2,22.3,512550,TRY
2015-02-16,22.35,22.5,22.3,22.5,512178,TRY
2015-02-17,22.45,22.45,22.1,22.1,298538,TRY
2015-02-18,22.25,22.3,21.9,22.0,411334,TRY
2015-02-19,22.15,22.7,22.15,22.55,721841,TRY
2015-02-20,22.6,22.65,22.35,22.4,346892,TRY
2015-02-23,22.35,22.45,22.2,22.3,280543,TRY
2015-02-24,22.3,22.6,22.3,22.6,297634,TRY
2015-02-25,22.7,22.95,22.65,22.9,455570,TRY
2015-02-26,22.9,23.25,22.8,22.8,987017,TRY
2015-02-27,22.85,22.95,22.15,22.45,581517,TRY
2015-03-02,22.1,22.3,21.7,22.0,324310,TRY
2015-03-03,22.0,22.15,21.7,21.95,244097,TRY
2015-03-04,21.95,22.0,21.25,21.4,377888,TRY
2015-03-05,21.0,21.6,21.0,21.5,407781,TRY
2015-03-06,21.5,21.85,21.3,21.5,564479,TRY
2015-03-09,21.5,21.8,21.45,21.8,409445,TRY
2015-03-10,21.85,21.9,21.15,21.3,395360,TRY
2015-03-11,21.3,21.55,20.65,21.3,334519,TRY
2015-03-12,21.6,21.9,20.7,21.1,743799,TRY
2015-03-13,21.15,21.5,20.5,20.5,357401,TRY
2015-03-16,20.85,20.85,20.35,20.5,658696,TRY
2015-03-17,20.5,20.7,20.3,20.7,970492,TRY
2015-03-18,20.7,21.25,20.45,21.1,904062,TRY
2015-03-19,21.5,21.7,21.25,21.3,801373,TRY
2015-03-20,21.3,21.7,21.0,21.0,1100474,TRY
2015-03-23,21.15,21.55,20.9,21.5,740145,TRY
2015-03-24,21.45,21.5,20.95,21.2,257926,TRY
2015-03-25,21.3,21.5,21.0,21.4,570510,TRY
2015-03-26,21.0,21.05,20.8,20.95,200459,TRY
2015-03-27,20.85,20.9,20.6,20.75,336764,TRY
2015-03-30,20.7,21.1,20.6,21.0,391152,TRY
2015-03-31,20.95,21.1,20.7,20.85,223613,TRY
2015-04-01,20.8,21.2,20.8,21.15,293847,TRY
2015-04-02,21.25,21.35,21.15,21.3,160469,TRY
2015-04-03,21.3,21.45,21.2,21.4,151002,TRY
2015-04-06,21.4,21.65,21.4,21.5,330221,TRY
2015-04-07,21.5,21.6,21.4,21.5,287052,TRY
2015-04-08,21.5,21.9,21.4,21.8,679636,TRY
2015-04-09,21.7,22.3,21.7,22.2,707657,TRY
2015-04-10,22.1,22.5,21.9,22.15,393569,TRY
2015-04-13,22.1,22.3,21.75,21.95,158451,TRY
2015-04-14,21.75,21.8,21.2,21.65,396505,TRY
2015-04-15,21.65,21.8,21.3,21.65,303438,TRY
2015-04-16,21.75,21.85,21.55,21.85,251272,TRY
2015-04-17,21.95,22.0,21.4,21.45,361033,TRY
2015-04-20,21.5,21.7,21.4,21.5,284815,TRY
2015-04-21,21.45,22.45,21.45,22.4,553786,TRY
2015-04-22,22.35,22.55,22.05,22.25,431426,TRY
2015-04-24,22.05,22.45,22.05,22.35,419157,TRY
2015-04-27,22.45,22.7,22.35,22.55,436370,TRY
2015-04-28,22.6,22.65,22.3,22.4,247081,TRY
2015-04-29,22.4,22.65,22.25,22.45,337631,TRY
2015-04-30,22.45,22.5,21.35,21.4,547151,TRY
2015-05-04,22.4,22.4,21.15,21.35,466376,TRY
2015-05-05,21.35,21.6,21.25,21.25,269376,TRY
2015-05-06,21.35,21.4,21.15,21.2,243190,TRY
2015-05-07,21.3,21.4,20.95,21.3,313972,TRY
2015-05-08,21.3,21.5,21.1,21.4,273378,TRY
2015-05-11,21.3,21.75,21.3,21.5,501659,TRY
2015-05-12,21.65,21.85,21.4,21.85,794172,TRY
2015-05-13,21.9,22.35,21.9,22.2,1057092,TRY
2015-05-14,22.2,22.45,22.15,22.35,783932,TRY
2015-05-15,22.35,22.45,22.0,22.0,738756,TRY
2015-05-18,22.0,22.2,21.95,22.15,635738,TRY
2015-05-20,22.1,22.15,21.9,22.05,346726,TRY
2015-05-21,22.1,22.7,22.05,22.65,976483,TRY
2015-05-22,22.6,22.6,22.35,22.4,282913,TRY
2015-05-25,22.4,22.5,22.0,22.1,123583,TRY
2015-05-26,22.1,22.55,22.1,22.4,224489,TRY
2015-05-27,22.55,22.8,22.0,22.45,494508,TRY
2015-05-28,22.4,22.6,22.0,22.25,456678,TRY
2015-05-29,22.25,22.45,21.75,22.0,256220,TRY
2015-06-01,21.85,22.15,20.9,21.0,423402,TRY
2015-06-02,21.0,21.25,20.7,20.85,195247,TRY
2015-06-03,20.95,21.8,20.85,21.4,453246,TRY
2015-06-04,21.4,21.4,20.7,20.85,604031,TRY
2015-06-05,20.85,21.05,20.7,21.0,243315,TRY
2015-06-08,19.4,20.0,19.3,20.0,360342,TRY
2015-06-09,20.25,20.35,19.9,20.05,367592,TRY
2015-06-10,20.15,20.55,20.15,20.5,342204,TRY
2015-06-11,20.45,21.1,20.35,21.1,405371,TRY
2015-06-12,21.25,21.3,20.85,20.95,688087,TRY
2015-06-15,21.1,21.2,20.75,20.8,347093,TRY
2015-06-16,20.8,21.1,20.75,20.95,166113,TRY
2015-06-17,21.0,21.2,20.8,21.15,363902,TRY
2015-06-18,21.25,21.6,21.2,21.3,613451,TRY
2015-06-19,21.35,21.55,20.75,20.75,370150,TRY
2015-06-22,21.0,21.5,21.0,21.3,322121,TRY
2015-06-23,21.3,21.4,20.95,21.2,252884,TRY
2015-06-24,21.25,21.5,21.2,21.4,327196,TRY
2015-06-25,21.45,21.75,21.4,21.4,456912,TRY
2015-06-26,21.4,21.6,21.25,21.3,164486,TRY
2015-06-29,20.95,21.25,20.65,20.85,237436,TRY
2015-06-30,20.8,21.1,20.8,21.1,248589,TRY
2015-07-01,21.1,21.35,20.55,20.6,674156,TRY
2015-07-02,20.75,20.75,20.45,20.6,195716,TRY
2015-07-03,20.65,20.7,20.35,20.35,162249,TRY
2015-07-06,20.35,20.65,20.25,20.55,281177,TRY
2015-07-07,20.75,20.85,20.5,20.65,360998,TRY
2015-07-08,20.6,20.75,20.3,20.35,320202,TRY
2015-07-09,20.5,20.7,20.4,20.65,142314,TRY
2015-07-10,20.7,21.05,20.7,20.95,344723,TRY
2015-07-13,22.1,22.5,21.3,21.3,1247580,TRY
2015-07-14,21.45,21.6,21.2,21.25,441926,TRY
2015-07-15,21.35,21.4,21.1,21.2,161495,TRY
2015-07-16,21.4,21.6,21.25,21.25,94884,TRY
2015-07-20,21.35,21.5,21.0,21.0,222834,TRY
2015-07-21,21.2,21.4,21.05,21.4,326407,TRY
2015-07-22,21.45,21.45,21.2,21.25,401832,TRY
2015-07-23,21.35,21.55,20.35,20.35,622263,TRY
2015-07-24,20.6,20.75,20.3,20.5,144184,TRY
2015-07-27,20.6,20.75,20.5,20.55,224044,TRY
2015-07-28,20.55,20.8,20.55,20.8,202298,TRY
2015-07-29,20.8,21.2,20.8,20.8,284436,TRY
2015-07-30,20.75,21.0,20.55,20.65,192668,TRY
2015-07-31,20.7,20.85,20.6,20.65,297962,TRY
2015-08-03,20.75,20.75,20.05,20.1,225327,TRY
2015-08-04,20.2,20.3,20.05,20.3,130135,TRY
2015-08-05,20.25,20.3,20.1,20.2,165033,TRY
2015-08-06,20.25,20.45,20.2,20.4,247910,TRY
2015-08-07,20.45,20.6,20.1,20.25,268130,TRY
2015-08-10,20.3,20.3,19.8,19.9,114252,TRY
2015-08-11,20.05,20.5,20.05,20.3,286740,TRY
2015-08-12,20.15,20.25,19.6,19.8,379502,TRY
2015-08-13,19.8,19.8,18.8,19.1,375573,TRY
2015-08-14,18.9,19.1,18.65,18.8,566872,TRY
2015-08-17,18.8,18.95,18.6,18.8,154708,TRY
2015-08-18,18.7,18.85,18.45,18.55,301092,TRY
2015-08-19,18.65,18.65,17.85,18.15,192700,TRY
2015-08-20,18.1,18.1,17.15,17.4,705773,TRY
2015-08-21,17.35,17.4,16.6,16.6,538416,TRY
2015-08-24,16.2,16.2,15.5,15.9,530767,TRY
2015-08-25,16.0,16.55,16.0,16.4,537943,TRY
2015-08-26,16.4,16.85,16.15,16.4,1680739,TRY
2015-08-27,16.7,16.9,16.3,16.3,858402,TRY
2015-08-28,16.45,16.55,16.1,16.5,677598,TRY
2015-08-31,16.5,17.3,16.5,17.1,1022021,TRY
2015-09-01,16.95,16.95,16.4,16.45,597025,TRY
2015-09-02,16.6,17.1,16.55,16.9,592074,TRY
2015-09-03,17.0,17.45,16.7,17.4,442206,TRY
2015-09-04,17.2,17.2,16.65,16.65,915363,TRY
2015-09-07,16.5,16.55,16.0,16.1,478105,TRY
2015-09-08,16.25,16.3,15.9,15.9,665916,TRY
2015-09-09,16.15,16.2,15.85,15.85,567097,TRY
2015-09-10,15.8,16.0,15.75,15.9,193337,TRY
2015-09-11,15.95,16.05,15.8,15.9,209121,TRY
2015-09-14,15.95,15.95,15.55,15.6,431828,TRY
2015-09-15,15.65,16.35,15.65,16.2,613905,TRY
2015-09-16,16.25,16.4,16.2,16.2,367134,TRY
2015-09-17,16.2,16.2,15.9,16.1,362216,TRY
2015-09-18,16.15,16.3,15.95,16.1,300824,TRY
2015-09-21,16.15,16.75,16.05,16.7,326943,TRY
2015-09-22,16.75,17.15,16.4,16.6,263573,TRY
2015-09-23,16.6,16.65,16.5,16.55,29675,TRY
2015-09-28,16.55,17.05,16.5,16.55,747895,TRY
2015-09-29,16.45,16.8,16.45,16.75,709363,TRY
2015-09-30,16.85,17.5,16.65,17.5,1367587,TRY
2015-10-01,17.45,17.6,17.15,17.45,547869,TRY
2015-10-02,17.5,17.55,17.15,17.3,296503,TRY
2015-10-05,17.55,18.2,17.5,18.05,378377,TRY
2015-10-06,18.1,18.15,17.85,17.85,176288,TRY
2015-10-07,17.95,18.3,17.9,18.05,780360,TRY
2015-10-08,18.1,18.1,17.8,18.0,1188094,TRY
2015-10-09,18.2,18.25,17.9,17.95,960070,TRY
2015-10-12,17.8,17.85,17.6,17.65,673065,TRY
2015-10-13,17.65,17.7,17.25,17.4,584020,TRY
2015-10-14,17.4,17.8,17.4,17.7,373591,TRY
2015-10-15,17.8,18.2,17.75,18.1,1055701,TRY
2015-10-16,18.2,18.2,17.8,17.9,274418,TRY
2015-10-19,17.9,18.1,17.9,17.95,249278,TRY
2015-10-20,18.0,18.25,17.95,18.1,427374,TRY
2015-10-21,18.05,18.5,18.05,18.1,891981,TRY
2015-10-22,18.2,18.25,17.95,18.05,560447,TRY
2015-10-23,18.2,18.5,18.1,18.15,1194794,TRY
2015-10-26,18.15,18.25,17.75,17.8,293630,TRY
2015-10-27,17.85,17.85,17.45,17.5,179242,TRY
2015-10-28,17.55,17.6,17.45,17.45,35911,TRY
2015-10-30,17.4,17.4,17.05,17.2,365979,TRY
2015-11-02,18.3,19.1,18.15,18.9,1752051,TRY
2015-11-03,18.95,19.15,18.75,19.05,1093463,TRY
2015-11-04,19.35,19.65,19.1,19.5,1192596,TRY
2015-11-05,19.45,19.6,19.2,19.55,1063709,TRY
2015-11-06,19.65,19.7,18.95,19.05,1214793,TRY
2015-11-09,19.0,19.35,18.95,19.25,406678,TRY
2015-11-10,19.3,19.4,18.9,19.0,288022,TRY
2015-11-11,19.0,19.5,19.0,19.25,415677,TRY
2015-11-12,19.4,19.6,19.2,19.3,445740,TRY
2015-11-13,19.55,19.8,19.45,19.7,1151414,TRY
2015-11-16,19.7,19.8,19.15,19.15,571748,TRY
2015-11-17,19.25,19.35,18.55,18.55,1374558,TRY
2015-11-18,18.55,18.75,18.4,18.4,519325,TRY
2015-11-19,18.6,18.65,18.25,18.3,355569,TRY
2015-11-20,18.35,18.8,18.35,18.7,928553,TRY
2015-11-23,18.7,18.7,18.3,18.4,514815,TRY
2015-11-24,18.4,18.45,17.2,17.7,1265671,TRY
2015-11-25,17.8,18.5,17.55,18.5,597142,TRY
2015-11-26,18.25,18.45,17.6,17.75,630440,TRY
2015-11-27,17.75,18.3,17.75,18.15,879835,TRY
2015-11-30,18.25,18.4,18.1,18.3,893441,TRY
2015-12-01,18.4,18.64,18.32,18.5,482299,TRY
2015-12-02,18.65,18.68,18.16,18.45,941548,TRY
2015-12-03,18.49,18.85,18.2,18.22,573570,TRY
2015-12-04,18.3,18.45,17.6,17.91,660678,TRY
2015-12-07,17.98,17.98,17.64,17.72,219906,TRY
2015-12-08,17.7,17.88,17.48,17.48,174255,TRY
2015-12-09,17.65,17.74,17.31,17.74,353943,TRY
2015-12-10,17.64,17.8,16.92,17.05,391776,TRY
2015-12-11,17.05,17.11,16.41,16.42,216376,TRY
2015-12-14,16.49,16.82,16.46,16.7,350597,TRY
2015-12-15,16.8,17.25,16.8,17.25,200989,TRY
2015-12-16,17.25,17.4,17.0,17.4,159185,TRY
2015-12-17,17.5,17.7,17.37,17.6,326524,TRY
2015-12-18,17.59,17.6,16.96,17.0,402163,TRY
2015-12-21,17.12,17.58,17.1,17.49,199594,TRY
2015-12-22,17.49,17.66,17.42,17.57,205893,TRY
2015-12-23,17.65,18.2,17.6,18.15,447539,TRY
2015-12-24,18.15,18.19,17.96,18.0,122511,TRY
2015-12-25,18.0,18.11,17.98,18.09,32537,TRY
2015-12-28,18.09,18.11,17.97,18.0,80922,TRY
2015-12-29,18.02,18.08,17.89,17.95,128861,TRY
2015-12-30,18.02,18.05,17.69,17.71,142217,TRY
2015-12-31,17.72,17.72,17.32,17.45,160897,TRY
2016-01-04,17.41,17.41,17.11,17.11,142416,TRY
2016-01-05,17.11,17.17,16.77,16.94,246793,TRY
2016-01-06,16.94,16.94,16.71,16.89,501125,TRY
2016-01-07,16.7,16.7,16.42,16.62,323083,TRY
2016-01-08,16.69,16.71,15.96,15.99,1358413,TRY
2016-01-11,15.99,16.06,15.81,16.0,1088909,TRY
2016-01-12,15.91,16.2,15.9,16.09,1039967,TRY
2016-01-13,16.1,16.25,16.07,16.22,1766120,TRY
2016-01-14,16.16,16.28,15.85,15.92,1657924,TRY
2016-01-15,15.92,16.0,15.6,15.7,553577,TRY
2016-01-18,15.74,15.76,15.35,15.36,1100968,TRY
2016-01-19,15.45,15.62,15.32,15.38,1074736,TRY
2016-01-20,15.3,15.36,15.13,15.19,531246,TRY
2016-01-21,15.2,15.25,14.78,14.84,880868,TRY
2016-01-22,15.02,15.06,14.83,15.0,1372237,TRY
2016-01-25,15.05,15.38,15.05,15.31,985129,TRY
2016-01-26,15.2,15.45,15.1,15.4,938957,TRY
2016-01-27,15.4,15.72,15.34,15.44,1780005,TRY
2016-01-28,15.6,15.93,15.6,15.8,1090673,TRY
2016-01-29,15.9,16.06,15.82,15.97,534166,TRY
2016-02-01,15.99,16.0,15.78,15.84,392136,TRY
2016-02-02,15.89,15.95,15.63,15.63,347388,TRY
2016-02-03,15.63,15.67,15.45,15.51,393884,TRY
2016-02-04,15.65,15.84,15.64,15.75,566854,TRY
2016-02-05,15.75,15.87,15.6,15.65,457233,TRY
2016-02-08,15.67,15.74,15.04,15.08,606895,TRY
2016-02-09,15.13,15.13,14.55,14.65,529081,TRY
2016-02-10,14.73,14.98,14.68,14.95,929515,TRY
2016-02-11,14.9,15.0,14.75,14.84,384873,TRY
2016-02-12,14.86,15.0,14.7,14.86,498159,TRY
2016-02-15,14.88,14.98,14.67,14.74,266311,TRY
2016-02-16,14.9,14.9,14.58,14.58,273305,TRY
2016-02-17,14.64,14.82,14.6,14.81,707471,TRY
2016-02-18,14.8,14.85,14.62,14.65,962343,TRY
2016-02-19,14.65,14.75,14.45,14.58,833081,TRY
2016-02-22,14.66,15.27,14.65,15.27,1913844,TRY
2016-02-23,15.25,15.5,15.17,15.44,895707,TRY
2016-02-24,15.46,15.46,15.01,15.01,597978,TRY
2016-02-25,15.1,15.3,15.09,15.25,447309,TRY
2016-02-26,15.3,15.62,15.14,15.23,679670,TRY
2016-02-29,15.1,15.47,15.0,15.25,549969,TRY
2016-03-01,15.2,15.43,15.2,15.41,1230461,TRY
2016-03-02,15.45,15.87,15.41,15.78,1312302,TRY
2016-03-03,15.85,16.13,15.85,15.92,960448,TRY
2016-03-04,15.95,16.2,15.92,16.15,834093,TRY
2016-03-07,16.17,16.86,16.17,16.86,833584,TRY
2016-03-08,16.9,16.9,16.41,16.53,508783,TRY
2016-03-09,16.56,16.68,16.34,16.68,516512,TRY
2016-03-10,16.68,17.37,16.51,17.02,990868,TRY
2016-03-11,17.15,17.3,16.81,16.92,475143,TRY
2016-03-14,16.8,17.2,16.72,17.2,286779,TRY
2016-03-15,17.3,17.3,16.77,16.86,260387,TRY
2016-03-16,16.8,16.9,16.43,16.46,512245,TRY
2016-03-17,16.68,16.99,16.68,16.92,584686,TRY
2016-03-18,17.0,17.19,16.95,17.09,499322,TRY
2016-03-21,17.11,17.53,17.0,17.5,831507,TRY
2016-03-22,17.49,17.49,17.0,17.24,458916,TRY
2016-03-23,17.15,17.33,16.69,17.32,474930,TRY
2016-03-24,17.32,17.64,17.28,17.52,427503,TRY
2016-03-25,17.52,17.75,17.51,17.65,194813,TRY
2016-03-28,17.65,17.79,17.48,17.54,173926,TRY
2016-03-29,17.62,17.62,17.25,17.27,666149,TRY
2016-03-30,17.47,17.83,17.36,17.63,434471,TRY
2016-03-31,17.66,17.95,17.64,17.85,668616,TRY
2016-04-01,17.66,17.99,17.63,17.65,466816,TRY
2016-04-04,17.74,18.07,17.69,18.04,455977,TRY
2016-04-05,18.0,18.0,17.67,17.76,683191,TRY
2016-04-06,17.77,17.95,17.7,17.87,603341,TRY
2016-04-07,17.9,18.11,17.8,17.82,589869,TRY
2016-04-08,17.9,18.16,17.69,18.13,471440,TRY
2016-04-11,18.15,18.5,18.14,18.5,838193,TRY
2016-04-12,18.5,19.35,18.43,19.17,1504145,TRY
2016-04-13,19.22,19.55,19.09,19.55,790525,TRY
2016-04-14,19.55,19.7,19.4,19.5,773247,TRY
2016-04-15,19.51,19.7,19.1,19.3,605331,TRY
2016-04-18,19.29,19.45,18.9,19.21,227607,TRY
2016-04-19,19.25,19.29,19.0,19.14,156685,TRY
2016-04-20,19.15,19.25,18.91,19.16,423930,TRY
2016-04-21,19.2,19.5,19.05,19.27,651148,TRY
2016-04-22,19.38,19.4,19.1,19.2,109590,TRY
2016-04-25,19.2,19.25,19.14,19.2,161005,TRY
2016-04-26,19.22,19.54,19.18,19.5,504819,TRY
2016-04-27,19.5,19.91,19.5,19.55,780389,TRY
2016-04-28,19.7,19.88,19.5,19.64,192060,TRY
2016-04-29,19.64,19.64,19.49,19.55,129213,TRY
2016-05-02,19.54,19.59,19.12,19.28,176243,TRY
2016-05-03,19.3,19.35,18.45,18.7,361522,TRY
2016-05-04,18.7,18.7,18.03,18.03,363482,TRY
2016-05-05,17.44,18.08,17.33,17.83,655742,TRY
2016-05-06,17.8,17.94,17.33,17.4,259951,TRY
2016-05-09,17.34,17.61,17.31,17.6,515617,TRY
2016-05-10,17.76,17.8,17.3,17.5,421952,TRY
2016-05-11,17.55,17.55,16.97,17.27,330763,TRY
2016-05-12,17.19,17.29,16.8,17.0,215517,TRY
2016-05-13,16.87,16.91,16.6,16.79,257211,TRY
2016-05-16,16.8,16.89,16.32,16.43,170491,TRY
2016-05-17,16.38,16.56,16.23,16.5,133506,TRY
2016-05-18,16.54,16.75,16.32,16.56,219525,TRY
2016-05-20,16.57,16.61,16.06,16.08,316626,TRY
2016-05-23,16.12,16.3,16.02,16.19,149208,TRY
2016-05-24,16.15,17.35,16.12,17.32,658003,TRY
2016-05-25,17.39,17.42,16.94,17.02,238094,TRY
2016-05-26,16.98,17.1,16.91,17.06,146034,TRY
2016-05-27,17.06,17.26,17.0,17.1,265045,TRY
2016-05-30,17.23,17.37,17.22,17.23,278631,TRY
2016-05-31,17.3,17.34,16.96,17.09,182626,TRY
2016-06-01,17.08,17.09,16.63,16.89,196749,TRY
2016-06-02,16.89,17.0,16.34,16.48,182448,TRY
2016-06-03,16.48,16.91,16.48,16.79,262217,TRY
2016-06-06,17.01,17.06,16.72,16.87,228522,TRY
2016-06-07,16.9,17.09,16.87,16.96,308607,TRY
2016-06-08,17.05,17.44,17.05,17.3,866650,TRY
2016-06-09,17.31,17.32,16.79,16.99,298594,TRY
2016-06-10,17.7,18.25,17.25,17.56,3708061,TRY
2016-06-13,17.55,17.58,17.01,17.4,376309,TRY
2016-06-14,17.39,17.39,16.75,17.15,463763,TRY
2016-06-15,17.22,17.22,16.92,17.08,503326,TRY
2016-06-16,16.98,17.03,16.73,16.73,231113,TRY
2016-06-17,16.75,16.95,16.32,16.4,378366,TRY
2016-06-20,16.44,16.56,16.39,16.5,445676,TRY
2016-06-21,16.5,16.89,16.47,16.57,452962,TRY
2016-06-22,16.65,16.68,16.35,16.45,173556,TRY
2016-06-23,16.55,16.6,16.31,16.6,169958,TRY
2016-06-24,15.0,16.0,15.0,15.93,238962,TRY
2016-06-27,15.94,15.95,15.68,15.79,142620,TRY
2016-06-28,15.96,16.15,15.86,16.15,259941,TRY
2016-06-29,16.0,16.35,16.0,16.34,220794,TRY
2016-06-30,16.34,16.55,16.32,16.55,236401,TRY
2016-07-01,16.5,16.69,16.44,16.55,184757,TRY
2016-07-04,16.7,16.7,16.3,16.58,34792,TRY
2016-07-08,16.55,16.55,16.24,16.37,105779,TRY
2016-07-11,16.46,16.74,16.46,16.7,254218,TRY
2016-07-12,16.8,17.4,16.7,17.26,287790,TRY
2016-07-13,17.27,17.32,17.02,17.13,340184,TRY
2016-07-14,17.15,17.49,17.15,17.36,413938,TRY
2016-07-15,17.34,17.61,17.34,17.57,207703,TRY
2016-07-18,16.88,17.22,15.5,15.9,516770,TRY
2016-07-19,15.77,16.85,15.7,16.09,971723,TRY
2016-07-20,16.13,16.18,15.74,15.9,292319,TRY
2016-07-21,15.48,15.84,14.15,15.11,971136,TRY
2016-07-22,15.3,15.45,14.88,15.0,432929,TRY
2016-07-25,15.04,15.76,15.04,15.76,679892,TRY
2016-07-26,15.81,15.91,15.49,15.6,335567,TRY
2016-07-27,15.65,16.0,15.63,15.87,676105,TRY
2016-07-28,16.04,16.1,15.86,16.0,331356,TRY
2016-07-29,16.0,16.24,15.84,16.24,335167,TRY
2016-08-01,16.28,16.64,16.28,16.6,303429,TRY
2016-08-02,16.66,16.66,16.2,16.2,163658,TRY
2016-08-03,16.2,16.2,15.89,16.06,122860,TRY
2016-08-04,16.07,16.2,16.02,16.17,135270,TRY
2016-08-05,16.2,16.3,15.8,15.92,173676,TRY
2016-08-08,16.2,16.26,16.0,16.11,391119,TRY
2016-08-09,16.24,16.49,16.17,16.49,372070,TRY
2016-08-10,16.49,16.49,16.02,16.26,281289,TRY
2016-08-11,16.21,16.31,16.11,16.31,369715,TRY
2016-08-12,16.26,16.42,15.97,15.97,345099,TRY
2016-08-15,16.14,16.2,15.99,16.11,162116,TRY
2016-08-16,16.14,16.19,15.9,15.9,130175,TRY
2016-08-17,15.99,16.0,15.81,15.97,168201,TRY
2016-08-18,15.99,16.31,15.99,16.05,335358,TRY
2016-08-19,16.14,16.5,16.13,16.5,530734,TRY
2016-08-22,16.5,17.4,16.44,17.0,1064999,TRY
2016-08-23,17.1,17.26,16.86,16.86,445225,TRY
2016-08-24,16.7,17.15,16.5,17.09,436056,TRY
2016-08-25,17.09,18.0,17.09,17.7,665946,TRY
2016-08-26,17.54,17.7,17.35,17.55,405319,TRY
2016-08-29,17.9,17.9,17.36,17.36,113407,TRY
2016-08-31,17.43,17.79,17.38,17.6,388619,TRY
2016-09-01,17.7,18.2,17.7,18.1,1208969,TRY
2016-09-02,18.2,18.47,17.93,18.3,337231,TRY
2016-09-05,18.39,18.67,18.26,18.27,160985,TRY
2016-09-06,18.3,18.38,18.0,18.15,162847,TRY
2016-09-07,18.14,18.14,17.75,17.85,362234,TRY
2016-09-08,17.88,18.28,17.88,18.0,536047,TRY
2016-09-09,17.98,18.07,17.76,17.93,217159,TRY
2016-09-16,18.0,18.09,17.51,17.9,230679,TRY
2016-09-19,18.0,18.26,17.93,18.26,323848,TRY
2016-09-20,18.4,18.4,18.13,18.24,337550,TRY
2016-09-21,18.33,18.45,18.28,18.42,550402,TRY
2016-09-22,18.58,18.99,18.47,18.96,908481,TRY
2016-09-23,18.82,19.29,18.82,19.15,656530,TRY
2016-09-26,18.45,18.61,18.0,18.51,891668,TRY
2016-09-27,18.53,18.66,18.5,18.55,303647,TRY
2016-09-28,18.56,18.7,18.56,18.62,277660,TRY
2016-09-29,18.63,18.73,18.41,18.53,253642,TRY
2016-09-30,18.41,18.55,18.26,18.28,228806,TRY
2016-10-03,19.02,19.02,18.38,18.47,175598,TRY
2016-10-04,18.6,18.6,17.75,17.76,494795,TRY
2016-10-05,17.5,17.87,17.36,17.87,1121097,TRY
2016-10-06,17.79,17.87,17.47,17.5,534476,TRY
2016-10-07,17.5,17.53,17.28,17.34,520011,TRY
2016-10-10,17.43,17.58,17.36,17.49,304721,TRY
2016-10-11,17.47,17.5,17.14,17.3,463617,TRY
2016-10-12,17.3,17.33,16.95,17.0,370079,TRY
2016-10-13,16.99,16.99,16.7,16.8,486963,TRY
2016-10-14,16.79,17.25,16.76,17.25,273819,TRY
2016-10-17,17.24,17.24,17.0,17.14,147468,TRY
2016-10-18,17.09,17.25,17.09,17.11,500582,TRY
2016-10-19,17.18,17.65,17.17,17.58,545636,TRY
2016-10-20,17.58,17.69,17.48,17.65,1260340,TRY
2016-10-21,17.64,17.72,17.44,17.65,332503,TRY
2016-10-24,17.65,18.02,17.65,17.85,543241,TRY
2016-10-25,17.89,17.95,17.78,17.85,460371,TRY
2016-10-26,17.84,17.98,17.79,17.79,311532,TRY
2016-10-27,17.77,17.86,17.67,17.84,283234,TRY
2016-10-28,17.85,17.85,17.56,17.71,132395,TRY
2016-10-31,17.7,17.85,17.52,17.79,357370,TRY
2016-11-01,17.81,17.81,17.28,17.5,363595,TRY
2016-11-02,17.49,17.49,17.08,17.21,243089,TRY
2016-11-03,17.3,17.36,17.16,17.26,115403,TRY
2016-11-04,17.16,17.2,16.6,16.8,302368,TRY
2016-11-07,17.0,17.3,17.0,17.3,260097,TRY
2016-11-08,17.27,17.33,16.99,17.26,902282,TRY
2016-11-09,16.85,17.6,16.85,17.57,783491,TRY
2016-11-10,17.67,17.88,17.65,17.85,370286,TRY
2016-11-11,17.85,18.01,17.74,17.9,347278,TRY
2016-11-14,17.9,17.93,17.54,17.67,318993,TRY
2016-11-15,17.79,17.94,17.74,17.9,320956,TRY
2016-11-16,17.91,17.94,17.66,17.74,121429,TRY
2016-11-17,17.74,18.17,17.74,18.0,1200183,TRY
2016-11-18,17.94,17.95,17.55,17.62,552819,TRY
2016-11-21,17.67,17.75,17.27,17.42,726253,TRY
2016-11-22,17.45,18.18,17.42,17.96,471073,TRY
2016-11-23,18.0,18.1,17.56,17.56,144426,TRY
2016-11-24,17.6,17.85,17.14,17.18,408402,TRY
2016-11-25,17.16,17.26,16.96,16.96,402123,TRY
2016-11-28,17.09,17.82,17.08,17.25,474706,TRY
2016-11-29,17.28,17.49,17.04,17.18,235114,TRY
2016-11-30,17.2,17.31,17.04,17.31,394278,TRY
2016-12-01,17.31,17.46,16.61,16.61,519055,TRY
2016-12-02,16.72,16.73,16.15,16.67,1016596,TRY
2016-12-05,16.66,17.08,16.54,17.02,451942,TRY
2016-12-06,17.04,17.89,17.04,17.63,641473,TRY
2016-12-07,17.62,17.9,17.54,17.77,440488,TRY
2016-12-08,17.83,18.1,17.41,17.75,389433,TRY
2016-12-09,17.9,17.9,17.69,17.73,261348,TRY
2016-12-12,17.43,18.0,17.43,18.0,419276,TRY
2016-12-13,18.08,18.19,17.9,17.97,831608,TRY
2016-12-14,17.98,18.18,17.77,17.96,255382,TRY
2016-12-15,17.73,18.33,17.72,18.32,434511,TRY
2016-12-16,18.35,18.43,18.17,18.2,190408,TRY
2016-12-19,18.2,18.36,18.17,18.24,224167,TRY
2016-12-20,18.16,18.29,18.07,18.15,507060,TRY
2016-12-21,18.18,18.33,17.93,17.95,323012,TRY
2016-12-22,17.95,17.95,17.5,17.52,515405,TRY
2016-12-23,17.55,17.68,17.47,17.5,174138,TRY
2016-12-26,17.46,17.69,17.43,17.48,131033,TRY
2016-12-27,17.48,17.58,17.04,17.32,212980,TRY
2016-12-28,17.37,17.61,17.33,17.61,609208,TRY
2016-12-29,17.61,17.83,17.4,17.47,425596,TRY
2016-12-30,17.57,17.65,17.51,17.58,391677,TRY
2017-01-02,17.58,17.91,17.58,17.85,222659,TRY
2017-01-03,17.87,18.02,17.55,17.55,515607,TRY
2017-01-04,17.58,17.65,17.38,17.55,421986,TRY
2017-01-05,17.6,17.66,17.36,17.4,269210,TRY
2017-01-06,17.64,17.67,17.46,17.61,564092,TRY
2017-01-09,17.55,17.68,17.36,17.51,279610,TRY
2017-01-10,17.46,17.57,17.35,17.39,266816,TRY
2017-01-11,17.35,17.36,17.08,17.32,393955,TRY
2017-01-12,17.34,17.78,17.32,17.74,1098690,TRY
2017-01-13,17.78,17.96,17.73,17.75,580065,TRY
2017-01-16,17.76,17.93,17.72,17.84,487179,TRY
2017-01-17,17.89,18.28,17.86,18.25,1378697,TRY
2017-01-18,18.29,18.6,18.06,18.56,1560198,TRY
2017-01-19,18.59,18.6,18.23,18.23,537532,TRY
2017-01-20,18.25,18.4,18.08,18.3,381472,TRY
2017-01-23,18.3,18.48,18.2,18.23,287592,TRY
2017-01-24,18.29,18.45,18.07,18.45,643486,TRY
2017-01-25,18.45,18.45,18.1,18.3,324508,TRY
2017-01-26,18.35,18.4,18.17,18.34,337520,TRY
2017-01-27,18.28,18.37,18.14,18.2,250068,TRY
2017-01-30,18.1,18.62,18.1,18.5,1560741,TRY
2017-01-31,18.6,18.6,18.39,18.45,336710,TRY
2017-02-01,18.41,18.73,18.41,18.63,1659984,TRY
2017-02-02,18.68,18.75,18.54,18.61,589768,TRY
2017-02-03,18.63,19.24,18.49,19.2,1750233,TRY
2017-02-06,19.28,19.48,19.0,19.2,753095,TRY
2017-02-07,19.29,19.36,19.07,19.1,543033,TRY
2017-02-08,19.1,19.86,19.1,19.85,981931,TRY
2017-02-09,19.85,20.4,19.82,20.22,1021862,TRY
2017-02-10,20.76,20.86,20.04,20.1,901650,TRY
2017-02-13,20.2,20.44,20.12,20.22,478915,TRY
2017-02-14,20.34,20.42,20.0,20.2,462603,TRY
2017-02-15,19.99,20.38,19.99,20.1,295055,TRY
2017-02-16,20.2,20.2,19.81,20.04,317738,TRY
2017-02-17,20.1,20.4,20.08,20.32,295874,TRY
2017-02-20,20.48,20.48,19.97,20.04,297278,TRY
2017-02-21,20.14,20.24,20.08,20.14,325570,TRY
2017-02-22,20.18,20.36,20.16,20.2,284073,TRY
2017-02-23,20.28,20.5,20.28,20.38,191476,TRY
2017-02-24,20.3,20.4,20.02,20.14,323622,TRY
2017-02-27,20.14,20.26,19.9,20.02,216008,TRY
2017-02-28,20.0,20.14,19.7,19.7,342020,TRY
2017-03-01,19.76,20.28,19.76,20.2,287129,TRY
2017-03-02,20.2,20.34,19.92,19.95,382792,TRY
2017-03-03,19.95,20.06,19.81,19.81,236831,TRY
2017-03-06,19.95,20.06,19.89,19.92,534858,TRY
2017-03-07,19.94,20.38,19.84,20.36,788864,TRY
2017-03-08,20.36,20.44,20.24,20.38,590417,TRY
2017-03-09,20.38,20.48,20.3,20.42,482430,TRY
2017-03-10,20.38,21.16,20.36,21.0,1335199,TRY
2017-03-13,21.0,21.62,20.88,21.5,574538,TRY
2017-03-14,21.56,21.64,21.38,21.6,672223,TRY
2017-03-15,21.72,22.0,21.52,21.9,522731,TRY
2017-03-16,22.0,22.2,21.74,21.86,380398,TRY
2017-03-17,21.88,21.92,21.46,21.92,147618,TRY
2017-03-20,21.9,21.92,21.62,21.82,92892,TRY
2017-03-21,21.82,21.94,21.6,21.76,193422,TRY
2017-03-22,21.68,21.82,21.5,21.82,120111,TRY
2017-03-23,21.86,22.28,21.86,22.2,274726,TRY
2017-03-24,22.2,22.28,22.02,22.06,62636,TRY
2017-03-27,21.92,22.06,21.9,21.98,75151,TRY
2017-03-28,22.02,22.28,21.88,22.24,233521,TRY
2017-03-29,22.12,22.12,21.88,21.92,222236,TRY
2017-03-30,21.88,22.16,21.88,21.94,132234,TRY
2017-03-31,22.12,22.22,21.96,22.16,189180,TRY
2017-04-03,22.22,22.5,22.06,22.3,397414,TRY
2017-04-04,22.3,22.6,22.3,22.46,214475,TRY
2017-04-05,22.52,22.96,22.52,22.9,472096,TRY
2017-04-06,22.88,22.88,22.6,22.76,124484,TRY
2017-04-07,22.74,23.14,22.38,22.54,698608,TRY
2017-04-10,22.48,22.98,22.32,22.86,280869,TRY
2017-04-11,22.72,22.94,22.6,22.66,177448,TRY
2017-04-12,22.66,22.84,22.46,22.6,291663,TRY
2017-04-13,22.6,22.76,22.16,22.38,134364,TRY
2017-04-14,22.26,22.44,22.06,22.44,80390,TRY
2017-04-17,22.82,22.82,22.36,22.74,245989,TRY
2017-04-18,22.68,22.72,22.46,22.68,173798,TRY
2017-04-19,22.7,22.7,22.38,22.6,146344,TRY
2017-04-20,22.66,23.44,22.66,23.44,520388,TRY
2017-04-21,23.52,23.62,23.3,23.54,396696,TRY
2017-04-24,23.56,23.84,23.48,23.8,303397,TRY
2017-04-25,23.82,23.94,23.68,23.8,364748,TRY
2017-04-26,23.8,24.48,23.8,24.24,500969,TRY
2017-04-27,24.46,24.46,24.04,24.2,263738,TRY
2017-04-28,24.2,24.48,24.16,24.32,197437,TRY
2017-05-02,24.5,25.0,24.32,24.5,282338,TRY
2017-05-03,24.5,24.78,24.34,24.44,152881,TRY
2017-05-04,24.78,24.9,24.4,24.54,311539,TRY
2017-05-05,24.76,24.76,24.18,24.64,201203,TRY
2017-05-08,24.64,25.0,24.58,24.94,406339,TRY
2017-05-09,24.94,25.4,24.24,25.3,659181,TRY
2017-05-10,26.4,26.62,25.42,25.66,3008120,TRY
2017-05-11,25.74,26.28,25.68,25.74,1017229,TRY
2017-05-12,25.76,26.0,25.34,25.6,704573,TRY
2017-05-15,25.72,25.9,25.46,25.56,220404,TRY
2017-05-16,25.62,25.88,25.62,25.7,413836,TRY
2017-05-17,25.6,26.0,25.42,25.62,478765,TRY
2017-05-18,25.62,25.68,25.16,25.28,465010,TRY
2017-05-22,25.42,25.98,25.42,25.96,549367,TRY
2017-05-23,25.96,26.36,25.8,26.36,399941,TRY
2017-05-24,26.4,26.76,26.28,26.7,388204,TRY
2017-05-25,26.72,26.78,25.94,26.08,835597,TRY
2017-05-26,26.22,26.44,26.12,26.28,480731,TRY
2017-05-29,26.28,26.42,26.0,26.42,237706,TRY
2017-05-30,26.42,26.88,26.32,26.76,672472,TRY
2017-05-31,26.84,27.0,26.82,26.96,475130,TRY
2017-06-01,26.98,27.0,26.34,26.66,611146,TRY
2017-06-02,26.76,26.8,26.16,26.56,1494913,TRY
2017-06-05,26.68,26.68,26.12,26.18,595929,TRY
2017-06-06,26.26,26.32,25.9,25.9,329129,TRY
2017-06-07,25.94,26.22,25.68,25.9,771226,TRY
2017-06-08,25.96,26.2,25.82,26.2,332053,TRY
2017-06-09,26.2,26.88,26.2,26.38,842873,TRY
2017-06-12,26.38,26.8,26.38,26.78,524858,TRY
2017-06-13,26.86,27.12,26.48,26.7,495834,TRY
2017-06-14,26.82,26.82,26.6,26.64,408298,TRY
2017-06-15,26.64,26.82,26.38,26.76,180889,TRY
2017-06-16,26.62,27.2,26.32,26.76,362057,TRY
2017-06-19,27.0,27.8,26.64,27.8,1229558,TRY
2017-06-20,28.0,28.0,27.4,27.62,392884,TRY
2017-06-21,27.78,27.78,27.24,27.36,228049,TRY
2017-06-22,27.46,27.64,27.36,27.46,165203,TRY
2017-06-23,27.36,27.52,27.3,27.38,77747,TRY
2017-06-28,27.38,27.5,27.06,27.32,222053,TRY
2017-06-29,27.32,27.5,27.24,27.24,126382,TRY
2017-06-30,27.24,27.62,27.04,27.56,507174,TRY
2017-07-03,27.56,27.6,27.22,27.4,141145,TRY
2017-07-04,27.3,27.44,27.14,27.3,116164,TRY
2017-07-05,27.3,27.3,26.92,27.04,136669,TRY
2017-07-06,27.08,27.12,26.8,26.92,290050,TRY
2017-07-07,26.92,26.92,26.44,26.7,199824,TRY
2017-07-10,26.7,27.0,26.6,26.8,534395,TRY
2017-07-11,26.8,27.14,26.6,27.14,244904,TRY
2017-07-12,27.16,27.8,26.92,27.8,600762,TRY
2017-07-13,27.88,27.88,27.42,27.54,263522,TRY
2017-07-14,27.5,27.66,27.46,27.6,928061,TRY
2017-07-17,27.74,28.22,27.74,28.0,490133,TRY
2017-07-18,28.0,28.04,27.8,27.82,187851,TRY
2017-07-19,27.92,28.14,27.92,28.0,807926,TRY
2017-07-20,28.2,28.56,28.16,28.38,1042002,TRY
2017-07-21,28.4,28.6,28.2,28.6,176423,TRY
2017-07-24,28.6,28.84,28.46,28.84,525158,TRY
2017-07-25,28.9,29.18,28.72,29.1,660437,TRY
2017-07-26,29.1,29.4,29.06,29.32,362222,TRY
2017-07-27,29.38,30.16,29.38,30.02,499188,TRY
2017-07-28,30.0,30.0,29.56,29.96,207163,TRY
2017-07-31,29.94,30.42,29.62,29.76,202565,TRY
2017-08-01,29.62,29.92,29.08,29.48,231735,TRY
2017-08-02,29.48,29.58,29.24,29.4,52637,TRY
2017-08-03,29.42,29.6,29.2,29.2,89005,TRY
2017-08-04,29.4,29.5,29.24,29.48,127681,TRY
2017-08-07,29.48,29.74,29.3,29.56,176987,TRY
2017-08-08,29.56,29.66,29.18,29.36,151163,TRY
2017-08-09,29.36,29.36,28.8,29.0,109274,TRY
2017-08-10,29.0,29.0,28.32,28.52,181216,TRY
2017-08-11,28.58,29.18,28.36,29.12,304701,TRY
2017-08-14,29.5,29.58,28.7,29.26,179962,TRY
2017-08-15,29.3,30.1,29.2,29.94,719255,TRY
2017-08-16,30.02,30.5,28.82,29.26,205928,TRY
2017-08-17,29.26,29.28,28.44,28.6,201029,TRY
2017-08-18,28.6,29.36,28.5,29.18,98183,TRY
2017-08-21,29.3,29.88,29.08,29.72,205934,TRY
2017-08-22,29.86,30.02,29.36,29.44,345052,TRY
2017-08-23,29.6,29.8,29.5,29.7,152759,TRY
2017-08-24,29.7,29.9,29.52,29.52,445516,TRY
2017-08-25,29.42,29.52,29.06,29.34,210695,TRY
2017-08-28,29.34,29.34,29.08,29.16,164488,TRY
2017-08-29,29.16,29.44,28.82,29.0,189415,TRY
2017-08-31,29.0,29.0,28.52,28.9,105782,TRY
2017-09-05,28.9,29.0,27.98,28.42,301917,TRY
2017-09-06,28.42,28.8,28.1,28.2,427150,TRY
2017-09-07,28.2,28.46,28.08,28.08,574208,TRY
2017-09-08,28.18,28.46,28.16,28.32,289375,TRY
2017-09-11,28.5,29.1,28.24,29.0,226975,TRY
2017-09-12,28.8,29.0,27.76,28.1,575502,TRY
2017-09-13,28.12,28.14,27.82,28.0,252356,TRY
2017-09-14,27.86,28.0,27.32,27.54,247312,TRY
2017-09-15,27.54,27.58,27.34,27.5,88926,TRY
2017-09-18,27.34,27.6,27.08,27.36,248020,TRY
2017-09-19,27.36,27.36,26.46,26.5,355692,TRY
2017-09-20,26.7,26.7,25.88,26.26,504968,TRY
2017-09-21,26.16,26.6,25.62,25.66,339724,TRY
2017-09-22,25.66,25.96,25.48,25.72,71182,TRY
2017-09-25,25.74,25.82,24.5,25.24,430112,TRY
2017-09-26,25.24,25.48,24.72,25.36,209325,TRY
2017-09-27,25.36,25.7,24.86,25.2,178988,TRY
2017-09-28,25.06,25.7,25.0,25.7,394134,TRY
2017-09-29,25.98,25.98,25.42,25.74,189807,TRY
2017-10-02,25.78,26.2,25.66,26.02,189777,TRY
2017-10-03,26.14,26.4,25.92,26.1,157569,TRY
2017-10-04,26.12,26.5,25.82,25.88,224921,TRY
2017-10-05,26.0,26.04,25.58,25.7,171723,TRY
2017-10-06,25.7,25.7,25.22,25.32,102471,TRY
2017-10-09,24.6,24.6,23.0,24.4,373912,TRY
2017-10-10,24.6,25.02,23.14,24.62,1083649,TRY
2017-10-11,24.62,24.86,24.18,24.32,807506,TRY
2017-10-12,24.5,24.66,24.44,24.6,209393,TRY
2017-10-13,24.64,25.66,24.52,25.5,698741,TRY
2017-10-16,25.7,26.26,25.6,26.12,696293,TRY
2017-10-17,26.18,26.58,26.14,26.54,378269,TRY
2017-10-18,26.54,27.12,26.36,26.86,572211,TRY
2017-10-19,27.04,27.12,26.2,26.52,204562,TRY
2017-10-20,26.58,26.84,26.1,26.42,151239,TRY
2017-10-23,26.46,26.54,26.0,26.38,144617,TRY
2017-10-24,26.38,26.78,26.1,26.46,260566,TRY
2017-10-25,26.3,26.58,26.3,26.56,277228,TRY
2017-10-26,26.52,26.56,26.32,26.48,286899,TRY
2017-10-27,26.44,26.66,26.32,26.6,137586,TRY
2017-10-30,26.6,26.8,26.44,26.64,135438,TRY
2017-10-31,26.64,26.64,26.02,26.1,248644,TRY
2017-11-01,26.18,26.66,25.9,26.54,395383,TRY
2017-11-02,26.62,26.84,26.18,26.24,262887,TRY
2017-11-03,26.26,26.4,25.4,25.6,230505,TRY
2017-11-06,25.6,26.2,25.4,26.2,446850,TRY
2017-11-07,26.28,26.28,25.86,26.04,109293,TRY
2017-11-08,26.04,26.24,25.82,26.0,177166,TRY
2017-11-09,26.4,29.0,26.4,27.9,1609307,TRY
2017-11-10,27.92,28.7,27.36,28.1,549086,TRY
2017-11-13,28.12,30.4,28.12,29.76,1218438,TRY
2017-11-14,30.0,30.1,27.16,29.4,554644,TRY
2017-11-15,29.2,29.2,27.62,28.94,542073,TRY
2017-11-16,28.8,28.8,27.26,27.66,524492,TRY
2017-11-17,27.9,27.9,26.54,27.2,360704,TRY
2017-11-20,27.2,27.42,26.38,26.98,215158,TRY
2017-11-21,25.9,27.28,25.9,27.2,453903,TRY
2017-11-22,27.0,27.06,24.5,24.88,4109016,TRY
2017-11-23,25.0,25.44,23.82,24.0,1644532,TRY
2017-11-24,23.9,24.04,23.26,23.46,1819030,TRY
2017-11-27,23.68,23.68,23.02,23.1,970772,TRY
2017-11-28,23.2,23.62,22.8,22.94,1868085,TRY
2017-11-29,22.94,23.52,22.6,22.9,1305776,TRY
2017-11-30,22.92,23.96,22.92,23.74,2219147,TRY
2017-12-01,23.74,24.18,23.42,23.68,1535602,TRY
2017-12-04,23.68,23.7,23.3,23.56,1012612,TRY
2017-12-05,23.7,24.1,22.9,23.08,2289466,TRY
2017-12-06,23.2,23.54,22.92,23.0,1558188,TRY
2017-12-07,23.06,23.96,23.04,23.7,1862843,TRY
2017-12-08,23.76,24.58,23.6,24.48,1895538,TRY
2017-12-11,24.78,25.12,24.52,25.02,1860917,TRY
2017-12-12,25.06,25.24,24.54,24.86,688963,TRY
2017-12-13,24.86,25.0,24.4,24.46,945151,TRY
2017-12-14,24.6,24.9,24.56,24.9,787155,TRY
2017-12-15,24.9,25.16,24.78,25.0,557367,TRY
2017-12-18,25.1,25.22,24.82,25.0,1072883,TRY
2017-12-19,25.0,25.38,24.94,25.12,1218268,TRY
2017-12-20,25.16,25.62,25.12,25.5,1345202,TRY
2017-12-21,25.52,25.84,25.52,25.8,708222,TRY
2017-12-22,25.92,26.26,25.7,26.0,569726,TRY
2017-12-25,26.2,26.84,26.16,26.76,583108,TRY
2017-12-26,26.9,26.92,26.42,26.8,376204,TRY
2017-12-27,26.82,26.96,26.4,26.68,532461,TRY
2017-12-28,26.8,27.22,26.72,27.22,571400,TRY
2017-12-29,27.42,28.0,27.2,27.56,656276,TRY
2018-01-02,27.5,27.92,27.4,27.86,624960,TRY
2018-01-03,27.84,28.02,27.2,27.24,694275,TRY
2018-01-04,27.16,27.98,26.8,27.0,908985,TRY
2018-01-05,27.12,27.4,26.9,27.12,676791,TRY
2018-01-08,27.2,27.48,27.2,27.48,1081690,TRY
2018-01-09,27.5,27.7,26.58,26.8,678558,TRY
2018-01-10,26.76,26.76,25.66,25.72,1108165,TRY
2018-01-11,25.88,26.22,25.74,25.9,840976,TRY
2018-01-12,26.0,26.28,25.94,26.04,655887,TRY
2018-01-15,25.96,26.24,25.52,25.54,402983,TRY
2018-01-16,25.52,26.04,25.02,25.98,442203,TRY
2018-01-17,25.96,26.22,25.5,26.18,498453,TRY
2018-01-18,26.24,26.5,25.8,25.96,704730,TRY
2018-01-19,25.96,26.2,25.2,25.66,610637,TRY
2018-01-22,25.64,26.28,25.58,26.18,417063,TRY
2018-01-23,26.3,26.94,26.14,26.78,667104,TRY
2018-01-24,26.74,27.1,26.62,26.72,570055,TRY
2018-01-25,26.82,27.02,26.54,26.66,409417,TRY
2018-01-26,26.72,26.96,26.5,26.96,313158,TRY
2018-01-29,27.06,27.46,26.8,26.9,571873,TRY
2018-01-30,26.84,26.96,26.26,26.46,576748,TRY
2018-01-31,26.5,26.7,26.22,26.22,365773,TRY
2018-02-01,26.42,26.64,26.1,26.14,378451,TRY
2018-02-02,26.22,26.36,25.76,25.82,264766,TRY
2018-02-05,25.84,26.18,25.42,25.7,271864,TRY
2018-02-06,25.3,25.4,24.98,25.18,412557,TRY
2018-02-07,25.3,25.82,24.84,24.92,679003,TRY
2018-02-08,25.0,25.38,24.8,25.2,679168,TRY
2018-02-09,25.02,25.02,24.3,24.48,397107,TRY
2018-02-12,24.8,24.84,24.26,24.5,348542,TRY
2018-02-13,24.62,24.68,23.72,23.88,465141,TRY
2018-02-14,24.12,24.3,23.52,23.52,595744,TRY
2018-02-15,23.72,23.92,23.5,23.7,437003,TRY
2018-02-16,23.8,24.24,23.7,24.0,305106,TRY
2018-02-19,24.02,24.38,24.02,24.02,271217,TRY
2018-02-20,24.1,24.2,23.3,23.5,507559,TRY
2018-02-21,23.8,23.96,23.64,23.86,427565,TRY
2018-02-22,23.86,23.98,23.66,23.84,265070,TRY
2018-02-23,23.9,24.46,23.88,24.36,683776,TRY
2018-02-26,24.46,24.96,24.46,24.82,1136186,TRY
2018-02-27,24.9,24.98,24.42,24.58,492728,TRY
2018-02-28,24.4,24.56,24.08,24.08,357352,TRY
2018-03-01,24.0,24.2,22.98,23.0,1138031,TRY
2018-03-02,23.0,23.46,23.0,23.26,619991,TRY
2018-03-05,23.4,23.84,23.36,23.8,791215,TRY
2018-03-06,23.9,24.44,23.84,24.22,487495,TRY
2018-03-07,24.22,24.62,23.8,24.5,785884,TRY
2018-03-08,24.52,25.36,24.14,24.24,1684718,TRY
2018-03-09,24.4,24.8,24.14,24.66,1635182,TRY
2018-03-12,25.08,25.36,24.26,24.84,1874194,TRY
2018-03-13,24.96,25.0,24.2,24.26,864097,TRY
2018-03-14,24.18,24.46,24.18,24.2,760349,TRY
2018-03-15,24.24,24.42,23.92,23.94,498329,TRY
2018-03-16,23.86,24.88,23.86,24.22,1133617,TRY
2018-03-19,24.26,24.68,23.64,23.7,622235,TRY
2018-03-20,23.82,23.96,23.22,23.4,1160005,TRY
2018-03-21,23.44,24.1,23.42,24.0,904659,TRY
2018-03-22,24.24,24.42,23.96,23.96,732764,TRY
2018-03-23,23.52,23.74,23.48,23.72,537081,TRY
2018-03-26,23.76,24.2,23.76,23.94,570437,TRY
2018-03-27,24.04,24.14,23.5,23.58,475010,TRY
2018-03-28,23.58,23.78,23.48,23.7,400062,TRY
2018-03-29,23.7,23.9,23.5,23.7,282159,TRY
2018-03-30,23.92,23.92,23.68,23.78,131728,TRY
2018-04-02,23.88,23.92,23.7,23.8,116110,TRY
2018-04-03,23.78,24.28,23.68,24.14,654824,TRY
2018-04-04,24.2,24.34,23.5,23.74,483401,TRY
2018-04-05,23.8,24.3,23.7,24.06,513152,TRY
2018-04-06,24.06,24.56,23.78,24.5,951309,TRY
2018-04-09,24.56,24.7,23.7,23.82,482635,TRY
2018-04-10,23.82,23.9,22.66,23.0,629705,TRY
2018-04-11,23.0,23.16,21.06,21.76,1768116,TRY
2018-04-12,21.76,22.5,21.38,22.04,1513056,TRY
2018-04-13,22.2,22.4,21.96,22.0,538866,TRY
2018-04-16,22.16,22.4,22.06,22.18,548064,TRY
2018-04-17,22.3,22.4,21.28,21.5,906345,TRY
2018-04-18,21.4,22.46,20.84,22.46,1678370,TRY
2018-04-19,22.6,24.38,22.6,23.8,3210918,TRY
2018-04-20,23.8,24.04,23.4,23.76,840423,TRY
2018-04-24,23.78,24.04,22.86,23.16,771152,TRY
2018-04-25,23.16,23.98,23.0,23.1,931753,TRY
2018-04-26,23.16,23.5,22.88,22.88,595752,TRY
2018-04-27,22.98,23.44,22.88,23.0,648160,TRY
2018-04-30,23.02,23.68,22.72,22.8,596692,TRY
2018-05-02,22.82,23.2,22.14,22.18,861556,TRY
2018-05-03,22.18,22.64,22.06,22.2,626019,TRY
2018-05-04,22.22,22.38,21.32,21.68,860548,TRY
2018-05-07,21.78,21.8,21.4,21.5,527430,TRY
2018-05-08,21.48,21.48,20.5,20.72,949444,TRY
2018-05-09,20.54,21.16,19.75,20.94,680947,TRY
2018-05-10,20.94,21.06,20.42,21.0,499607,TRY
2018-05-11,21.0,21.24,20.22,20.32,360833,TRY
2018-05-14,20.34,20.56,20.26,20.28,346895,TRY
2018-05-15,20.3,20.56,19.85,19.87,641523,TRY
2018-05-16,19.95,19.98,19.28,19.45,966384,TRY
2018-05-17,19.56,19.65,18.86,18.92,786791,TRY
2018-05-18,19.0,19.74,19.0,19.44,2011801,TRY
2018-05-21,19.41,19.87,18.96,19.0,1256653,TRY
2018-05-22,19.1,19.33,18.96,19.15,822923,TRY
2018-05-23,19.15,19.24,18.54,18.73,1256486,TRY
2018-05-24,18.89,19.18,18.73,18.9,1097636,TRY
2018-05-25,18.9,19.25,18.83,19.02,661328,TRY
2018-05-28,19.28,20.66,19.2,20.32,1505522,TRY
2018-05-29,20.32,21.3,20.22,20.3,1430563,TRY
2018-05-30,20.34,20.92,20.24,20.46,854581,TRY
2018-05-31,20.5,20.62,19.41,19.87,1055750,TRY
2018-06-01,19.9,19.94,19.17,19.51,622985,TRY
2018-06-04,19.51,20.26,19.51,19.9,375987,TRY
2018-06-05,20.06,20.1,19.35,19.5,366498,TRY
2018-06-06,19.58,19.61,18.73,18.79,832406,TRY
2018-06-07,18.85,19.79,18.73,19.51,648675,TRY
2018-06-08,19.56,19.59,18.75,19.03,485354,TRY
2018-06-11,19.04,19.26,18.54,18.88,353813,TRY
2018-06-12,19.0,19.13,18.63,18.78,273682,TRY
2018-06-13,18.7,18.82,18.41,18.41,289898,TRY
2018-06-14,18.3,18.7,18.25,18.7,197758,TRY
2018-06-18,18.3,18.65,18.2,18.29,209042,TRY
2018-06-19,18.11,18.69,17.98,18.59,213302,TRY
2018-06-20,18.55,19.33,18.53,19.33,295972,TRY
2018-06-21,19.33,19.33,18.71,18.92,381204,TRY
2018-06-22,19.01,19.06,18.55,18.69,322187,TRY
2018-06-25,19.5,19.55,18.79,18.98,635572,TRY
2018-06-26,18.97,19.23,18.89,19.16,270950,TRY
2018-06-27,19.06,19.9,19.05,19.75,317418,TRY
2018-06-28,19.72,20.08,19.65,19.88,238384,TRY
2018-06-29,20.0,20.84,19.94,20.54,570020,TRY
2018-07-02,20.2,20.92,19.91,20.18,385704,TRY
2018-07-03,20.18,20.5,19.8,19.81,423318,TRY
2018-07-04,19.81,20.1,19.81,20.0,206710,TRY
2018-07-05,20.1,20.88,20.1,20.58,373983,TRY
2018-07-06,20.64,20.9,20.24,20.48,206021,TRY
2018-07-09,20.5,20.84,20.12,20.2,287900,TRY
2018-07-10,20.0,20.0,19.08,19.08,312563,TRY
2018-07-11,19.1,19.1,17.63,17.8,420342,TRY
2018-07-12,17.82,18.06,17.2,17.41,424970,TRY
2018-07-13,17.43,18.12,17.41,18.1,442026,TRY
2018-07-16,18.12,18.34,17.23,17.59,978876,TRY
2018-07-17,17.59,18.43,17.4,18.4,481205,TRY
2018-07-18,18.4,18.67,18.14,18.6,356429,TRY
2018-07-19,18.58,19.01,18.58,18.8,219921,TRY
2018-07-20,19.56,19.64,18.97,19.1,774153,TRY
2018-07-23,19.19,20.7,19.19,20.26,997772,TRY
2018-07-24,20.3,20.42,18.76,19.14,1229122,TRY
2018-07-25,19.34,20.06,18.95,19.75,1044848,TRY
2018-07-26,19.8,20.56,19.7,19.79,826761,TRY
2018-07-27,19.75,20.24,19.53,19.79,347508,TRY
2018-07-30,19.79,19.85,19.2,19.46,450273,TRY
2018-07-31,19.42,19.57,19.28,19.3,367972,TRY
2018-08-01,19.32,19.36,19.05,19.16,227789,TRY
2018-08-02,18.62,19.0,18.62,18.7,305102,TRY
2018-08-03,18.6,19.2,18.6,18.9,378954,TRY
2018-08-06,18.9,18.99,18.16,18.36,380958,TRY
2018-08-07,18.36,18.64,18.15,18.48,298360,TRY
2018-08-08,18.6,19.2,18.48,19.17,622783,TRY
2018-08-09,18.82,19.32,18.78,18.88,526572,TRY
2018-08-10,18.75,18.75,16.2,17.75,1182528,TRY
2018-08-13,17.6,17.6,14.5,14.98,3257687,TRY
2018-08-14,15.5,16.0,14.94,15.44,2587218,TRY
2018-08-15,15.74,15.82,14.4,14.41,2389123,TRY
2018-08-16,14.63,14.65,13.98,14.0,1538610,TRY
2018-08-17,13.97,14.19,13.47,14.14,847063,TRY
2018-08-20,14.14,14.24,14.0,14.01,318724,TRY
2018-08-27,14.03,14.18,13.69,13.72,1155090,TRY
2018-08-28,13.76,14.08,13.72,13.95,2180358,TRY
2018-08-29,13.95,14.08,13.79,13.8,1438862,TRY
2018-08-31,13.86,14.06,13.5,13.5,1593025,TRY
2018-09-03,13.6,13.84,13.55,13.62,2028812,TRY
2018-09-04,13.64,13.71,13.13,13.21,2144746,TRY
2018-09-05,13.22,13.3,12.99,13.01,1783829,TRY
2018-09-06,13.05,13.67,13.05,13.2,3342481,TRY
2018-09-07,13.32,14.0,13.23,13.92,3218060,TRY
2018-09-10,14.0,14.43,13.75,13.8,3210585,TRY
2018-09-11,13.85,13.94,13.53,13.65,1408705,TRY
2018-09-12,13.7,14.07,13.67,13.71,2918154,TRY
2018-09-13,13.8,15.02,13.6,14.92,5148843,TRY
2018-09-14,15.2,15.79,15.07,15.15,3533926,TRY
2018-09-17,15.13,15.36,14.26,14.4,2630583,TRY
2018-09-18,14.43,14.68,14.17,14.3,1875715,TRY
2018-09-19,14.4,14.97,14.4,14.84,3357526,TRY
2018-09-20,14.87,15.19,14.6,14.74,3089810,TRY
2018-09-21,14.84,14.96,14.66,14.75,1945623,TRY
2018-09-24,14.78,15.35,14.77,15.18,2871914,TRY
2018-09-25,15.32,15.72,15.18,15.5,2529878,TRY
2018-09-26,15.5,15.7,15.19,15.4,736438,TRY
2018-09-27,15.45,15.96,15.37,15.94,1449057,TRY
2018-09-28,16.05,16.49,15.89,16.18,2030858,TRY
2018-10-01,16.33,16.34,15.78,15.92,1207643,TRY
2018-10-02,15.91,15.91,15.15,15.36,1226404,TRY
2018-10-03,15.36,15.6,15.07,15.1,929687,TRY
2018-10-04,15.01,15.07,13.86,13.9,1754985,TRY
2018-10-05,13.89,14.14,13.5,14.05,2247425,TRY
2018-10-08,14.05,14.57,13.85,14.45,1506827,TRY
2018-10-09,14.49,14.72,14.16,14.39,1154829,TRY
2018-10-10,14.42,14.75,14.16,14.28,2419507,TRY
2018-10-11,14.18,14.75,14.06,14.58,1316595,TRY
2018-10-12,14.8,15.04,14.5,14.99,1840300,TRY
2018-10-15,15.3,15.5,15.25,15.43,1700510,TRY
2018-10-16,15.5,15.84,15.45,15.72,1712881,TRY
2018-10-17,15.9,16.21,15.9,16.17,1542814,TRY
2018-10-18,16.17,16.25,15.7,15.7,1314079,TRY
2018-10-19,15.71,15.9,15.25,15.37,753900,TRY
2018-10-22,15.43,15.64,14.76,14.8,1320270,TRY
2018-10-23,14.8,14.8,13.92,14.41,980219,TRY
2018-10-24,14.6,14.9,14.23,14.69,736987,TRY
2018-10-25,14.59,14.85,14.39,14.72,851402,TRY
2018-10-26,15.0,15.0,14.5,14.5,699113,TRY
2018-10-30,14.51,14.93,14.09,14.42,1729047,TRY
2018-10-31,14.58,15.26,14.35,14.62,2218602,TRY
2018-11-01,14.6,15.64,14.45,15.58,2519497,TRY
2018-11-02,15.6,16.18,15.42,16.16,2175750,TRY
2018-11-05,16.16,16.52,15.74,16.25,3110564,TRY
2018-11-06,16.25,16.42,15.65,15.74,2237219,TRY
2018-11-07,15.8,16.21,15.8,16.11,1409564,TRY
2018-11-08,16.27,16.64,16.13,16.13,3112992,TRY
2018-11-09,16.13,16.33,15.38,15.64,1807506,TRY
2018-11-12,15.64,15.71,14.96,14.96,1701597,TRY
2018-11-13,15.02,15.11,14.63,14.77,1737898,TRY
2018-11-14,14.84,14.84,14.43,14.58,1765455,TRY
2018-11-15,14.59,14.85,14.46,14.53,2381104,TRY
2018-11-16,14.71,14.94,14.59,14.73,1610632,TRY
2018-11-19,14.79,15.02,14.68,14.85,3170286,TRY
2018-11-20,14.86,14.92,14.2,14.2,2653831,TRY
2018-11-21,14.3,14.4,14.0,14.3,3546737,TRY
2018-11-22,14.35,14.67,14.22,14.62,2303909,TRY
2018-11-23,14.62,15.07,14.62,14.9,2087194,TRY
2018-11-26,15.05,15.32,14.9,15.17,1288416,TRY
2018-11-27,15.29,15.62,15.23,15.53,1416908,TRY
2018-11-28,15.6,15.72,15.33,15.45,1035040,TRY
2018-11-29,15.46,15.98,15.46,15.92,1620876,TRY
2018-11-30,15.9,16.08,15.66,15.66,895919,TRY
2018-12-03,15.88,15.95,15.35,15.4,1046885,TRY
2018-12-04,15.36,15.55,15.05,15.1,949332,TRY
2018-12-05,15.0,15.42,14.79,15.3,1286565,TRY
2018-12-06,15.3,15.37,15.01,15.12,411319,TRY
2018-12-07,15.2,15.47,15.15,15.27,788429,TRY
2018-12-10,15.27,15.36,15.03,15.17,692430,TRY
2018-12-11,15.17,15.44,14.98,15.3,721999,TRY
2018-12-12,15.35,15.43,14.67,14.67,817467,TRY
2018-12-13,14.68,15.2,14.68,14.8,371451,TRY
2018-12-14,14.77,14.77,14.38,14.44,722424,TRY
2018-12-17,14.44,14.78,14.41,14.55,501843,TRY
2018-12-18,14.59,14.73,14.51,14.64,416380,TRY
2018-12-19,14.82,15.05,14.64,15.0,917026,TRY
2018-12-20,14.81,15.43,14.77,15.21,1088506,TRY
2018-12-21,15.24,15.33,14.88,15.21,820575,TRY
2018-12-24,15.3,15.38,15.16,15.29,462068,TRY
2018-12-25,15.06,15.2,14.38,15.15,226258,TRY
2018-12-26,15.2,15.2,15.03,15.12,107383,TRY
2018-12-27,15.2,15.25,14.67,14.78,750179,TRY
2018-12-28,14.78,15.08,14.78,15.08,614493,TRY
2018-12-31,15.06,15.1,14.86,14.9,355770,TRY
2019-01-02,14.89,15.04,14.41,14.49,560128,TRY
2019-01-03,14.41,14.45,13.88,13.88,947395,TRY
2019-01-04,13.98,14.22,13.92,14.13,742133,TRY
2019-01-07,14.2,14.43,14.2,14.27,714037,TRY
2019-01-08,14.34,14.35,13.94,14.15,874010,TRY
2019-01-09,14.21,14.24,14.08,14.1,794518,TRY
2019-01-10,14.12,14.42,14.02,14.13,1662248,TRY
2019-01-11,14.21,14.4,14.2,14.31,1085787,TRY
2019-01-14,14.17,14.17,13.97,14.11,896871,TRY
2019-01-15,14.22,14.27,14.08,14.08,942960,TRY
2019-01-16,14.14,14.59,14.11,14.52,2495811,TRY
2019-01-17,14.6,14.95,14.56,14.6,1866464,TRY
2019-01-18,14.66,15.13,14.61,15.11,2212743,TRY
2019-01-21,15.13,15.41,14.91,14.93,1802843,TRY
2019-01-22,14.98,15.45,14.96,15.42,2384662,TRY
2019-01-23,15.45,15.65,15.3,15.48,1606371,TRY
2019-01-24,15.59,16.0,15.52,15.83,2739609,TRY
2019-01-25,15.88,16.15,15.67,16.12,2477174,TRY
2019-01-28,16.16,16.21,15.94,16.0,2653811,TRY
2019-01-29,15.95,16.61,15.87,16.61,4079946,TRY
2019-01-30,16.63,16.98,16.62,16.75,2095031,TRY
2019-01-31,17.0,17.25,16.85,17.0,2222905,TRY
2019-02-01,17.01,17.4,17.01,17.24,2865350,TRY
2019-02-04,17.29,17.61,17.01,17.06,1578575,TRY
2019-02-05,17.12,17.36,16.83,17.07,1980198,TRY
2019-02-06,17.2,17.2,16.37,16.54,1398689,TRY
2019-02-07,16.54,16.97,16.35,16.56,1947245,TRY
2019-02-08,16.57,16.79,16.38,16.45,1123882,TRY
2019-02-11,16.65,16.85,16.58,16.65,1217491,TRY
2019-02-12,16.74,16.76,16.06,16.09,1086165,TRY
2019-02-13,16.13,16.21,15.48,15.53,2032894,TRY
2019-02-14,15.58,15.7,15.2,15.65,1341050,TRY
2019-02-15,15.59,15.8,15.39,15.68,1031954,TRY
2019-02-18,15.7,15.79,15.16,15.16,837343,TRY
2019-02-19,15.16,15.48,14.93,15.47,1313101,TRY
2019-02-20,15.53,15.7,15.34,15.58,1480696,TRY
2019-02-21,15.6,15.7,15.43,15.6,1752067,TRY
2019-02-22,15.69,15.72,15.48,15.55,1084547,TRY
2019-02-25,15.64,16.08,15.64,16.05,1787472,TRY
2019-02-26,16.1,16.17,15.86,15.96,1194546,TRY
2019-02-27,15.95,16.21,15.9,15.99,1306698,TRY
2019-02-28,16.05,16.13,15.64,15.7,1532783,TRY
2019-03-01,15.74,15.79,15.33,15.46,970879,TRY
2019-03-04,15.5,15.67,15.48,15.63,1203649,TRY
2019-03-05,15.67,16.0,15.63,15.83,1518516,TRY
2019-03-06,15.8,16.66,15.75,16.52,5539410,TRY
2019-03-07,16.52,16.98,16.35,16.67,2268423,TRY
2019-03-08,16.63,16.65,15.6,15.82,2169243,TRY
2019-03-11,15.9,16.14,15.2,15.25,1820995,TRY
2019-03-12,15.47,15.64,15.33,15.4,1239434,TRY
2019-03-13,15.4,15.55,15.08,15.14,918732,TRY
2019-03-14,15.15,15.5,15.12,15.3,1175168,TRY
2019-03-15,15.37,15.43,15.23,15.32,1089726,TRY
2019-03-18,15.36,15.65,15.36,15.63,1367136,TRY
2019-03-19,15.69,15.8,15.4,15.41,1175623,TRY
2019-03-20,15.47,15.54,15.24,15.28,959702,TRY
2019-03-21,15.38,15.45,15.04,15.08,1426902,TRY
2019-03-22,15.12,15.22,14.25,14.25,1908047,TRY
2019-03-25,14.3,14.5,13.97,14.2,1330867,TRY
2019-03-26,14.35,14.62,14.22,14.38,1783837,TRY
2019-03-27,14.45,14.53,13.24,13.39,2458875,TRY
2019-03-28,13.4,13.67,13.1,13.54,1927531,TRY
2019-03-29,13.54,13.62,13.46,13.56,1374460,TRY
2019-04-01,13.63,14.05,13.21,13.82,1486880,TRY
2019-04-02,13.89,14.0,13.7,13.74,1502931,TRY
2019-04-03,13.86,14.22,13.79,14.2,1410430,TRY
2019-04-04,14.25,14.7,14.12,14.67,1739358,TRY
2019-04-05,14.69,14.75,14.23,14.4,1602352,TRY
2019-04-08,14.41,14.47,13.9,13.96,1956597,TRY
2019-04-09,14.08,14.24,14.08,14.22,1011424,TRY
2019-04-10,14.26,14.27,14.02,14.07,784896,TRY
2019-04-11,14.07,14.18,13.81,13.87,944448,TRY
2019-04-12,13.83,13.83,13.54,13.65,1122371,TRY
2019-04-15,13.63,13.8,13.58,13.72,561796,TRY
2019-04-16,13.75,13.92,13.72,13.84,867099,TRY
2019-04-17,13.9,13.98,13.79,13.93,1012025,TRY
2019-04-18,13.92,13.92,13.65,13.71,928231,TRY
2019-04-19,13.75,13.75,13.67,13.73,343598,TRY
2019-04-22,13.71,13.72,13.64,13.7,320727,TRY
2019-04-24,13.68,13.8,13.67,13.67,659810,TRY
2019-04-25,13.69,13.76,13.34,13.4,1068948,TRY
2019-04-26,13.47,13.59,13.33,13.55,793269,TRY
2019-04-29,13.55,13.6,13.41,13.56,603317,TRY
2019-04-30,13.56,13.78,13.49,13.78,862868,TRY
2019-05-02,13.78,13.81,13.47,13.59,609440,TRY
2019-05-03,13.59,13.64,13.45,13.51,564855,TRY
2019-05-06,13.45,13.46,12.98,13.14,1202996,TRY
2019-05-07,12.92,12.92,12.68,12.89,1151298,TRY
2019-05-08,12.9,13.05,12.7,12.99,774167,TRY
2019-05-09,12.97,12.98,12.51,12.52,1321548,TRY
2019-05-10,12.67,12.71,12.38,12.47,823348,TRY
2019-05-13,12.47,12.49,11.79,11.86,1298286,TRY
2019-05-14,11.92,12.09,11.76,11.95,1110506,TRY
2019-05-15,11.97,12.0,11.55,11.95,1465925,TRY
2019-05-16,11.96,12.23,11.92,11.94,1735452,TRY
2019-05-17,11.9,11.96,11.79,11.88,677078,TRY
2019-05-20,11.88,11.9,11.78,11.9,362819,TRY
2019-05-21,11.9,11.96,11.65,11.69,436100,TRY
2019-05-22,11.68,11.68,11.27,11.33,847508,TRY
2019-05-23,11.29,11.41,11.2,11.34,678652,TRY
2019-05-24,11.35,11.81,11.35,11.63,816918,TRY
2019-05-27,11.72,11.99,11.65,11.79,573359,TRY
2019-05-28,11.86,12.13,11.75,12.13,1404887,TRY
2019-05-29,12.02,12.11,11.89,11.99,841086,TRY
2019-05-30,12.12,12.5,12.12,12.43,1482899,TRY
2019-05-31,12.44,12.89,12.34,12.89,1467254,TRY
2019-06-03,12.9,13.14,12.89,12.99,339871,TRY
2019-06-07,13.05,13.17,12.9,13.14,783176,TRY
2019-06-10,13.13,13.41,12.98,13.29,1405954,TRY
2019-06-11,13.4,13.46,12.99,13.06,991552,TRY
2019-06-12,13.07,13.25,12.92,13.03,721123,TRY
2019-06-13,12.96,12.96,12.54,12.58,671826,TRY
2019-06-14,12.62,12.7,12.25,12.69,738488,TRY
2019-06-17,12.61,12.99,12.55,12.96,679167,TRY
2019-06-18,12.96,13.4,12.95,13.33,1125857,TRY
2019-06-19,13.25,13.37,13.04,13.22,691562,TRY
2019-06-20,13.4,13.57,13.18,13.22,1222085,TRY
2019-06-21,13.2,13.23,12.95,13.15,920047,TRY
2019-06-24,13.45,13.48,13.2,13.26,1409893,TRY
2019-06-25,13.22,13.51,13.13,13.44,1401205,TRY
2019-06-26,13.47,13.71,13.44,13.49,1553335,TRY
2019-06-27,13.52,13.67,13.52,13.56,585408,TRY
2019-06-28,13.59,13.65,13.47,13.53,770670,TRY
2019-07-01,13.78,14.38,13.78,14.28,2159153,TRY
2019-07-02,14.28,14.38,14.06,14.23,1233948,TRY
2019-07-03,14.25,14.38,14.06,14.09,706637,TRY
2019-07-04,14.15,14.57,14.15,14.53,1355988,TRY
2019-07-05,14.56,14.77,14.39,14.42,915300,TRY
2019-07-08,14.11,14.38,14.06,14.26,660187,TRY
2019-07-09,14.28,14.33,13.85,13.92,1055738,TRY
2019-07-10,13.9,14.14,13.66,14.12,926494,TRY
2019-07-11,14.21,14.41,14.19,14.3,761882,TRY
2019-07-12,14.33,14.4,13.68,13.69,712544,TRY
2019-07-16,13.8,13.97,13.77,13.88,523072,TRY
2019-07-17,13.91,14.32,13.89,14.25,811809,TRY
2019-07-18,14.2,14.49,14.15,14.4,939954,TRY
2019-07-19,14.59,15.17,14.5,14.94,3186629,TRY
2019-07-22,15.05,15.37,14.96,14.98,2336498,TRY
2019-07-23,15.0,15.38,15.0,15.23,1653902,TRY
2019-07-24,15.27,15.45,15.09,15.39,1200734,TRY
2019-07-25,15.45,15.76,14.92,15.59,1869895,TRY
2019-07-26,15.59,16.48,15.58,16.4,2770087,TRY
2019-07-29,16.5,16.93,16.5,16.81,1776989,TRY
2019-07-30,16.98,17.14,16.79,16.94,1816206,TRY
2019-07-31,17.0,17.04,16.2,16.99,2356289,TRY
2019-08-01,16.78,16.92,16.55,16.8,1120603,TRY
2019-08-02,16.78,17.12,16.5,17.01,2299911,TRY
2019-08-05,16.98,17.19,16.63,16.65,1066443,TRY
2019-08-06,16.65,16.94,16.18,16.69,902823,TRY
2019-08-07,16.94,17.64,16.85,17.11,3355294,TRY
2019-08-08,17.45,18.22,17.05,18.2,2980595,TRY
2019-08-09,18.2,18.6,17.95,18.3,1608485,TRY
2019-08-15,18.05,18.24,17.77,17.78,1277025,TRY
2019-08-16,18.0,18.9,18.0,18.47,1976277,TRY
2019-08-19,18.56,19.2,18.56,18.65,1719090,TRY
2019-08-20,18.79,18.9,18.33,18.73,1005236,TRY
2019-08-21,18.74,18.86,18.07,18.17,925093,TRY
2019-08-22,18.14,18.74,18.05,18.4,1371479,TRY
2019-08-23,18.39,18.63,18.19,18.61,694476,TRY
2019-08-26,18.1,18.65,18.1,18.23,1288116,TRY
2019-08-27,18.4,18.5,18.13,18.3,956452,TRY
2019-08-28,18.31,18.58,18.19,18.24,1095514,TRY
2019-08-29,18.33,18.87,18.27,18.45,2091032,TRY
2019-09-02,18.5,18.85,18.5,18.66,1639842,TRY
2019-09-03,18.72,19.26,18.68,19.2,1792154,TRY
2019-09-04,19.37,19.95,19.25,19.95,1120104,TRY
2019-09-05,20.0,20.88,20.0,20.8,2003222,TRY
2019-09-06,20.76,21.0,20.1,20.56,1663486,TRY
2019-09-09,20.56,20.94,20.1,20.26,1071181,TRY
2019-09-10,20.24,20.38,19.57,19.59,1371728,TRY
2019-09-11,19.65,20.4,19.6,20.3,1534847,TRY
2019-09-12,20.32,20.62,19.74,20.22,1464478,TRY
2019-09-13,20.36,20.46,19.99,20.2,558549,TRY
2019-09-16,20.16,20.4,19.87,20.04,652828,TRY
2019-09-17,20.04,20.22,19.67,19.8,725001,TRY
2019-09-18,19.9,20.64,19.81,20.4,1033910,TRY
2019-09-19,20.58,21.0,20.18,20.34,1290924,TRY
2019-09-20,20.34,20.5,19.93,20.24,632613,TRY
2019-09-23,20.36,20.4,19.97,20.2,434063,TRY
2019-09-24,20.4,20.96,20.34,20.7,1736344,TRY
2019-09-25,20.68,20.68,20.26,20.36,963094,TRY
2019-09-26,20.4,20.52,20.02,20.06,603103,TRY
2019-09-27,20.12,20.42,20.1,20.2,1156900,TRY
2019-09-30,20.4,20.78,20.18,20.76,1991268,TRY
2019-10-01,20.8,20.88,20.48,20.58,1416755,TRY
2019-10-02,20.56,20.82,20.48,20.6,1123892,TRY
2019-10-03,20.62,21.38,20.62,20.86,1650668,TRY
2019-10-04,21.04,21.86,21.0,21.4,1684662,TRY
2019-10-07,21.5,21.76,20.78,20.88,1195277,TRY
2019-10-08,20.38,20.68,19.75,20.42,1286712,TRY
2019-10-09,20.46,20.8,19.99,19.99,924767,TRY
2019-10-10,19.99,20.1,19.35,19.62,1228924,TRY
2019-10-11,19.8,19.91,19.52,19.66,707519,TRY
2019-10-14,19.58,19.58,18.06,18.24,1059430,TRY
2019-10-15,18.4,19.22,18.4,19.1,699374,TRY
2019-10-16,18.99,19.0,18.55,19.0,526363,TRY
2019-10-17,19.0,19.34,18.82,19.2,437263,TRY
2019-10-18,20.1,20.74,20.08,20.26,924187,TRY
2019-10-21,20.36,20.4,19.79,19.89,751932,TRY
2019-10-22,19.99,19.99,19.73,19.83,779211,TRY
2019-10-23,20.1,20.34,20.06,20.34,704081,TRY
2019-10-24,20.54,20.7,20.44,20.56,977303,TRY
2019-10-25,20.56,20.78,20.34,20.46,664635,TRY
2019-10-28,20.54,20.54,20.26,20.4,170077,TRY
2019-10-30,20.34,20.48,19.8,20.22,734327,TRY
2019-10-31,20.24,20.58,20.22,20.52,804750,TRY
2019-11-01,20.7,21.44,20.58,21.24,1568379,TRY
2019-11-04,21.74,21.86,21.46,21.8,923755,TRY
2019-11-05,21.9,22.0,21.58,21.64,742124,TRY
2019-11-06,21.94,22.04,21.18,21.34,1295726,TRY
2019-11-07,21.6,21.74,21.32,21.6,1183629,TRY
2019-11-08,21.62,21.64,21.22,21.22,1081602,TRY
2019-11-11,21.0,21.42,20.6,21.18,1400302,TRY
2019-11-12,21.24,21.7,21.2,21.62,1702035,TRY
2019-11-13,21.62,22.7,21.5,22.46,2247113,TRY
2019-11-14,22.5,22.8,22.22,22.28,878265,TRY
2019-11-15,22.52,23.62,22.38,23.42,2383591,TRY
2019-11-18,23.68,24.68,23.68,24.34,1751475,TRY
2019-11-19,24.42,25.04,24.16,24.7,1663099,TRY
2019-11-20,25.0,25.08,24.1,24.24,980075,TRY
2019-11-21,24.18,24.94,24.14,24.74,1069484,TRY
2019-11-22,23.1,23.4,22.68,22.8,10138782,TRY
2019-11-25,22.96,23.0,22.14,22.14,3226464,TRY
2019-11-26,22.18,22.92,22.12,22.86,3761867,TRY
2019-11-27,22.86,22.86,21.84,21.9,7047173,TRY
2019-11-28,22.0,22.14,21.54,21.96,2715144,TRY
2019-11-29,22.06,22.3,21.94,22.12,3897557,TRY
2019-12-02,22.28,22.7,22.24,22.4,3972910,TRY
2019-12-03,22.38,22.86,22.22,22.22,3416626,TRY
2019-12-04,22.42,22.62,22.36,22.56,2292399,TRY
2019-12-05,22.76,23.08,22.62,23.04,2781755,TRY
2019-12-06,23.14,23.48,22.88,23.2,3542724,TRY
2019-12-09,23.3,23.54,23.14,23.3,2291130,TRY
2019-12-10,23.42,23.46,22.64,22.74,2345824,TRY
2019-12-11,22.72,23.08,22.6,22.82,1896281,TRY
2019-12-12,23.0,23.34,22.88,23.34,2242821,TRY
2019-12-13,23.66,24.5,23.66,24.34,6482098,TRY
2019-12-16,24.48,24.66,24.02,24.2,2928010,TRY
2019-12-17,24.36,24.4,23.9,24.38,1749805,TRY
2019-12-18,24.18,24.34,23.9,24.06,1985753,TRY
2019-12-19,24.2,24.4,24.0,24.0,1403261,TRY
2019-12-20,24.1,24.22,23.72,23.72,1613092,TRY
2019-12-23,23.72,24.1,23.72,24.0,1573155,TRY
2019-12-24,24.16,24.74,24.08,24.36,2358042,TRY
2019-12-25,24.48,24.68,24.38,24.58,1105576,TRY
2019-12-26,24.7,24.9,24.44,24.6,1607070,TRY
2019-12-27,24.78,24.86,24.24,24.3,1378106,TRY
2019-12-30,24.48,24.7,24.32,24.4,1904408,TRY
2019-12-31,24.5,24.52,24.22,24.22,1070159,TRY
