Date,Open,High,Low,Close,Volume,Currency
2013-04-29,18.8,18.85,18.2,18.2,5000340,TRY
2013-04-30,18.2,18.4,18.2,18.3,786027,TRY
2013-05-02,18.35,18.6,18.25,18.55,1388581,TRY
2013-05-03,18.55,18.65,18.4,18.45,1260141,TRY
2013-05-06,18.5,18.6,18.4,18.45,650143,TRY
2013-05-07,18.45,18.55,18.25,18.3,738989,TRY
2013-05-08,18.3,18.45,18.3,18.35,418630,TRY
2013-05-09,18.4,18.65,18.35,18.6,1336515,TRY
2013-05-10,18.6,18.95,18.45,18.95,1592025,TRY
2013-05-13,18.85,19.05,18.8,18.9,1167870,TRY
2013-05-14,18.95,19.1,18.8,19.05,908029,TRY
2013-05-15,19.1,19.45,18.95,19.45,1340282,TRY
2013-05-16,19.45,21.45,19.35,21.35,6406122,TRY
2013-05-17,21.4,23.7,21.0,22.2,11543291,TRY
2013-05-20,22.2,23.65,22.2,23.2,5149517,TRY
2013-05-21,23.3,24.9,23.3,24.35,8526035,TRY
2013-05-22,24.5,25.1,23.8,23.9,3295076,TRY
2013-05-23,23.7,23.7,22.55,23.0,2957217,TRY
2013-05-24,23.15,23.65,23.05,23.1,2347894,TRY
2013-05-27,23.4,23.5,22.9,22.95,1391329,TRY
2013-05-28,23.05,24.1,23.0,23.7,4301513,TRY
2013-05-29,23.65,24.0,22.15,22.2,3464131,TRY
2013-05-30,22.25,22.55,21.6,21.7,1337892,TRY
2013-05-31,21.8,21.9,20.7,20.95,1581517,TRY
2013-06-03,18.9,19.85,18.1,19.0,2096342,TRY
2013-06-04,19.1,21.05,19.1,20.8,2302325,TRY
2013-06-05,20.8,22.95,20.5,22.65,5929417,TRY
2013-06-06,22.6,23.05,20.1,20.95,6805581,TRY
2013-06-07,20.95,22.4,20.6,22.25,4870468,TRY
2013-06-10,21.1,22.2,21.1,21.35,2874031,TRY
2013-06-11,21.6,21.95,20.35,20.5,2728917,TRY
2013-06-12,20.75,21.25,20.7,20.95,2043000,TRY
2013-06-13,20.95,21.25,20.75,20.8,2034396,TRY
2013-06-14,21.05,22.2,21.05,22.0,2468266,TRY
2013-06-17,21.5,22.05,21.35,21.4,2984727,TRY
2013-06-18,21.55,21.7,21.15,21.25,1507498,TRY
2013-06-19,21.45,21.85,21.25,21.5,2005710,TRY
2013-06-20,21.0,21.25,20.9,21.1,1701388,TRY
2013-06-21,21.35,21.65,20.6,21.4,1925544,TRY
2013-06-24,21.4,21.95,21.4,21.45,1710058,TRY
2013-06-25,21.6,22.45,21.5,22.2,2316916,TRY
2013-06-26,22.8,24.1,22.7,23.5,4202591,TRY
2013-06-27,23.7,23.8,23.25,23.4,1652479,TRY
2013-06-28,23.6,23.7,22.9,22.9,1497176,TRY
2013-07-01,23.0,23.1,22.7,22.9,569490,TRY
2013-07-02,22.95,23.75,22.85,23.7,1748093,TRY
2013-07-03,23.4,23.65,22.9,23.1,1549563,TRY
2013-07-04,23.15,24.25,23.15,24.25,2001911,TRY
2013-07-05,24.25,24.65,24.05,24.25,2530540,TRY
2013-07-08,24.3,24.6,24.0,24.4,2080657,TRY
2013-07-09,24.5,25.9,24.4,25.85,4213309,TRY
2013-07-10,25.9,26.9,25.7,26.1,3610968,TRY
2013-07-11,26.3,26.7,26.0,26.2,1676092,TRY
2013-07-12,26.3,27.8,26.2,27.7,2570837,TRY
2013-07-15,27.9,28.1,27.3,27.3,1417798,TRY
2013-07-16,27.3,27.7,25.9,26.3,2589498,TRY
2013-07-17,26.5,27.6,26.3,27.6,1473184,TRY
2013-07-18,27.7,28.4,27.3,27.9,1844357,TRY
2013-07-19,28.0,28.5,27.7,27.9,1323435,TRY
2013-07-22,27.9,28.0,27.3,27.5,573138,TRY
2013-07-23,27.7,28.9,27.5,28.7,3082248,TRY
2013-07-24,28.7,29.2,27.6,27.6,1986575,TRY
2013-07-25,27.6,27.9,26.9,27.6,1714963,TRY
2013-07-26,27.7,27.9,27.3,27.4,500852,TRY
2013-07-29,27.5,27.8,27.1,27.1,681088,TRY
2013-07-30,27.3,28.4,27.3,27.9,1350699,TRY
2013-07-31,28.0,28.3,27.8,28.0,1250474,TRY
2013-08-01,28.1,29.0,28.1,28.8,1363440,TRY
2013-08-02,28.9,29.8,28.7,29.8,1017163,TRY
2013-08-05,29.8,31.9,29.8,31.7,2141034,TRY
2013-08-06,31.7,33.3,31.7,33.2,1972792,TRY
2013-08-07,33.3,33.6,32.2,32.3,923193,TRY
2013-08-12,32.4,32.9,31.9,32.0,1119584,TRY
2013-08-13,32.1,32.2,30.9,31.2,1945366,TRY
2013-08-14,31.5,32.8,31.5,32.7,1682542,TRY
2013-08-15,32.7,32.7,31.5,31.5,909766,TRY
2013-08-16,31.8,33.0,31.4,32.9,851177,TRY
2013-08-19,32.5,33.1,31.3,31.3,1689706,TRY
2013-08-20,31.7,31.8,29.3,29.5,2441569,TRY
2013-08-21,29.4,29.4,26.7,27.2,2028879,TRY
2013-08-22,26.7,28.4,25.9,27.9,2234003,TRY
2013-08-23,28.4,29.6,28.4,29.5,1840608,TRY
2013-08-26,29.6,29.8,29.1,29.5,1184387,TRY
2013-08-27,29.2,29.2,27.0,27.1,1167077,TRY
2013-08-28,26.3,27.9,25.3,27.0,2754065,TRY
2013-08-29,27.5,28.4,27.3,27.9,1220775,TRY
2013-09-02,28.3,29.0,28.3,28.3,561069,TRY
2013-09-03,28.7,28.8,26.5,26.7,769485,TRY
2013-09-04,27.0,27.2,26.4,26.4,971075,TRY
2013-09-05,26.4,26.8,25.8,26.1,916111,TRY
2013-09-06,26.2,26.4,25.6,25.8,1075373,TRY
2013-09-09,26.1,27.4,26.0,27.4,1092921,TRY
2013-09-10,27.8,28.8,27.8,28.6,2213727,TRY
2013-09-11,28.6,29.5,28.2,28.9,1683997,TRY
2013-09-12,29.1,30.2,29.1,29.9,1754432,TRY
2013-09-13,29.7,30.3,29.1,30.0,2047552,TRY
2013-09-16,31.0,32.1,31.0,31.9,1666783,TRY
2013-09-17,31.8,32.4,31.2,31.2,1131435,TRY
2013-09-18,31.5,32.4,31.5,31.7,1575113,TRY
2013-09-19,33.1,34.2,32.8,33.2,3382486,TRY
2013-09-20,33.4,33.7,32.7,33.1,1597293,TRY
2013-09-23,33.1,33.4,32.5,32.9,973369,TRY
2013-09-24,32.5,33.3,32.0,32.1,3282005,TRY
2013-09-25,32.1,32.5,31.9,32.0,855200,TRY
2013-09-26,32.2,32.4,32.0,32.0,504145,TRY
2013-09-27,32.1,32.4,32.0,32.1,331515,TRY
2013-09-30,32.1,33.7,32.0,33.4,1263584,TRY
2013-10-01,33.8,34.3,33.5,33.9,1456875,TRY
2013-10-02,33.9,34.4,33.2,33.5,1988449,TRY
2013-10-03,33.7,34.4,33.6,34.0,814472,TRY
2013-10-04,34.2,36.3,34.2,35.9,2295279,TRY
2013-10-07,36.0,37.3,35.9,36.2,1557494,TRY
2013-10-08,36.3,36.8,36.1,36.3,733126,TRY
2013-10-09,36.3,38.2,36.3,37.8,1916787,TRY
2013-10-10,38.0,39.1,36.6,37.3,1758144,TRY
2013-10-11,37.7,38.2,37.4,38.1,611699,TRY
2013-10-14,38.1,38.6,38.1,38.5,181064,TRY
2013-10-21,39.0,40.3,38.9,39.6,1608969,TRY
2013-10-22,39.8,40.3,39.5,39.5,643010,TRY
2013-10-23,39.8,39.8,37.7,38.0,758489,TRY
2013-10-24,38.3,38.6,37.6,37.7,952546,TRY
2013-10-25,37.9,38.5,37.8,38.5,582470,TRY
2013-10-28,38.7,38.8,38.1,38.2,226102,TRY
2013-10-30,38.5,38.9,37.8,38.3,841116,TRY
2013-10-31,38.0,38.6,37.7,37.9,648563,TRY
2013-11-01,38.4,38.4,36.6,37.0,606745,TRY
2013-11-04,37.1,37.6,36.0,37.3,793157,TRY
2013-11-05,37.5,38.7,37.4,38.0,1001498,TRY
2013-11-06,38.3,38.6,37.6,38.1,406441,TRY
2013-11-07,38.3,39.8,38.3,39.5,1272258,TRY
2013-11-08,38.7,39.0,37.5,37.8,1370308,TRY
2013-11-11,37.9,38.3,37.1,37.3,690423,TRY
2013-11-12,37.6,38.1,37.0,37.0,1131258,TRY
2013-11-13,37.1,37.8,36.7,37.5,782195,TRY
2013-11-14,38.0,39.0,37.9,38.9,697827,TRY
2013-11-15,39.1,40.0,39.1,39.5,1091873,TRY
2013-11-18,39.7,42.1,39.7,42.1,2125228,TRY
2013-11-19,42.2,42.5,40.6,40.7,1106791,TRY
2013-11-20,40.8,42.1,40.8,42.0,895670,TRY
2013-11-21,41.3,42.6,41.1,41.8,1045732,TRY
2013-11-22,42.1,42.7,42.0,42.3,963566,TRY
2013-11-25,42.6,43.7,42.6,43.5,1033183,TRY
2013-11-26,43.7,44.0,42.2,42.7,1471167,TRY
2013-11-27,42.8,43.5,42.5,42.8,1044788,TRY
2013-11-28,42.9,43.1,41.2,41.3,801070,TRY
2013-11-29,41.4,42.5,41.1,42.3,895243,TRY
2013-12-02,42.7,43.1,42.1,42.4,951846,TRY
2013-12-03,42.4,42.4,40.6,40.6,1097481,TRY
2013-12-04,40.5,40.6,38.6,39.1,1728090,TRY
2013-12-05,39.0,39.2,38.2,39.0,1283948,TRY
2013-12-06,39.1,40.6,38.3,40.5,1582590,TRY
2013-12-09,41.0,41.4,40.6,41.1,1096833,TRY
2013-12-10,41.1,41.4,40.6,40.6,653033,TRY
2013-12-11,40.4,40.7,39.2,39.3,841344,TRY
2013-12-12,39.2,39.6,38.6,38.8,827941,TRY
2013-12-13,39.0,39.8,39.0,39.6,696229,TRY
2013-12-16,39.6,39.8,39.4,39.7,516723,TRY
2013-12-17,39.2,39.2,36.6,37.9,987820,TRY
2013-12-18,37.3,37.9,35.3,37.2,2123936,TRY
2013-12-19,36.9,37.7,34.3,34.9,1751358,TRY
2013-12-20,35.2,35.6,33.9,34.5,1311793,TRY
2013-12-23,35.0,35.1,33.9,34.3,1045004,TRY
2013-12-24,34.5,37.0,34.2,37.0,1325023,TRY
2013-12-25,37.2,38.4,35.0,35.2,1433730,TRY
2013-12-26,35.7,36.6,34.7,35.7,1687257,TRY
2013-12-27,35.8,35.9,33.8,34.6,1629734,TRY
2013-12-30,35.2,37.3,34.8,37.2,1975719,TRY
2013-12-31,37.3,37.8,35.6,36.3,1496545,TRY
2014-01-02,36.1,36.3,35.3,36.2,942950,TRY
2014-01-03,36.4,36.8,35.6,35.8,845386,TRY
2014-01-06,36.0,37.4,35.6,37.3,1259764,TRY
2014-01-07,37.0,38.1,36.8,38.0,1645493,TRY
2014-01-08,38.0,38.6,37.3,37.5,1315888,TRY
2014-01-09,37.1,38.3,36.7,38.3,836105,TRY
2014-01-10,38.5,39.6,38.2,39.4,1573527,TRY
2014-01-13,39.6,40.4,39.2,40.1,2125402,TRY
2014-01-14,39.5,40.0,38.3,38.6,2311182,TRY
2014-01-15,38.7,39.4,38.5,38.7,1253780,TRY
2014-01-16,38.0,38.6,37.7,38.0,842294,TRY
2014-01-17,38.3,38.4,36.0,36.0,1501956,TRY
2014-01-20,35.5,36.7,34.6,35.4,2069577,TRY
2014-01-21,36.9,36.9,35.3,35.3,1554325,TRY
2014-01-22,35.7,36.2,35.2,35.6,1581910,TRY
2014-01-23,35.3,35.6,34.0,34.0,2210474,TRY
2014-01-24,34.2,34.4,33.1,33.4,1978261,TRY
2014-01-27,33.2,33.9,32.1,32.9,2245480,TRY
2014-01-28,33.3,33.6,32.2,32.2,1348287,TRY
2014-01-29,33.2,33.4,30.3,31.1,3303106,TRY
2014-01-30,31.2,31.2,29.8,29.9,3894276,TRY
2014-01-31,29.7,29.8,26.0,26.0,8575482,TRY
2014-02-03,25.6,28.6,24.5,27.5,15815066,TRY
2014-02-04,27.6,28.7,27.0,28.5,7105324,TRY
2014-02-05,28.5,30.7,28.4,30.1,5789760,TRY
2014-02-06,30.4,32.4,30.4,32.3,7349330,TRY
2014-02-07,32.4,32.8,30.2,31.0,8821612,TRY
2014-02-10,30.9,31.3,30.1,30.5,3467956,TRY
2014-02-11,30.7,31.9,30.6,31.6,5512103,TRY
2014-02-12,32.0,32.5,31.7,32.2,3415411,TRY
2014-02-13,31.8,32.1,31.3,31.3,2773288,TRY
2014-02-14,31.6,31.8,31.1,31.2,2048007,TRY
2014-02-17,31.5,31.7,30.9,31.3,2405022,TRY
2014-02-18,31.4,31.6,30.5,30.5,1936939,TRY
2014-02-19,30.4,30.6,28.7,29.0,4044067,TRY
2014-02-20,28.8,29.3,28.5,29.0,3916483,TRY
2014-02-21,29.3,30.6,29.3,30.2,4493108,TRY
2014-02-24,30.3,30.4,29.7,29.8,1950328,TRY
2014-02-25,28.6,29.1,28.0,28.4,2525042,TRY
2014-02-26,28.7,28.9,27.7,28.2,2760687,TRY
2014-02-27,28.0,28.7,27.5,28.3,2476318,TRY
2014-02-28,28.7,28.8,28.2,28.3,2071926,TRY
2014-03-03,27.8,28.0,27.5,27.5,1342356,TRY
2014-03-04,28.1,29.4,28.1,29.3,2364110,TRY
2014-03-05,28.7,28.9,28.0,28.8,3369643,TRY
2014-03-06,28.9,29.1,28.6,28.7,1831293,TRY
2014-03-07,28.8,28.8,27.6,27.6,1668722,TRY
2014-03-10,27.2,27.9,26.4,26.7,3050600,TRY
2014-03-11,27.0,27.25,26.6,26.6,1845722,TRY
2014-03-12,26.35,26.6,26.2,26.55,1483806,TRY
2014-03-13,26.65,27.25,26.65,26.85,2249552,TRY
2014-03-14,26.75,27.05,26.5,26.55,1448327,TRY
2014-03-17,26.75,27.0,26.7,26.8,1315458,TRY
2014-03-18,26.9,27.75,26.85,27.7,3405184,TRY
2014-03-19,27.8,28.0,27.1,27.1,2994617,TRY
2014-03-20,26.7,27.15,26.7,26.75,1680798,TRY
2014-03-21,26.6,26.75,26.25,26.5,1552054,TRY
2014-03-24,26.6,26.8,26.0,26.0,1143604,TRY
2014-03-25,26.15,26.5,26.1,26.15,1404037,TRY
2014-03-26,26.4,27.55,26.35,27.5,3564702,TRY
2014-03-27,27.5,27.65,26.6,26.7,2315474,TRY
2014-03-28,26.9,27.35,26.8,27.15,1956690,TRY
2014-03-31,27.55,28.9,27.4,28.6,4175864,TRY
2014-04-01,28.6,29.85,28.45,29.65,3443346,TRY
2014-04-02,29.85,31.05,29.75,30.6,3152815,TRY
2014-04-03,30.8,31.1,30.4,30.4,1692069,TRY
2014-04-04,30.5,30.7,29.8,30.25,1552156,TRY
2014-04-07,30.25,30.8,29.9,30.35,2039086,TRY
2014-04-08,30.65,30.85,30.5,30.6,1676866,TRY
2014-04-09,30.6,30.85,27.55,29.7,1630491,TRY
2014-04-10,30.05,30.4,29.75,29.85,1330714,TRY
2014-04-11,29.1,29.45,29.05,29.3,1005834,TRY
2014-04-14,29.2,29.65,29.15,29.55,1366910,TRY
2014-04-15,29.55,29.75,28.7,28.75,1374261,TRY
2014-04-16,29.0,29.1,28.55,28.85,1210422,TRY
2014-04-17,28.9,29.4,28.9,29.25,1510297,TRY
2014-04-18,29.25,29.45,29.2,29.4,793569,TRY
2014-04-21,29.45,30.1,29.3,29.9,2144275,TRY
2014-04-22,29.95,30.1,29.55,29.55,2299027,TRY
2014-04-24,29.5,29.6,28.8,28.8,1536305,TRY
2014-04-25,28.85,28.95,27.7,27.7,1730220,TRY
2014-04-28,27.7,27.7,26.9,27.3,2646961,TRY
2014-04-29,27.45,27.65,27.2,27.2,1457944,TRY
2014-04-30,27.3,28.35,27.15,28.2,2886335,TRY
2014-05-02,28.5,29.0,28.35,28.6,2822795,TRY
2014-05-05,28.7,29.15,28.4,28.8,2310150,TRY
2014-05-06,29.0,29.3,28.7,28.8,1760380,TRY
2014-05-07,28.75,29.1,28.6,28.65,1220198,TRY
2014-05-08,28.8,29.15,28.8,29.05,1968368,TRY
2014-05-09,29.05,29.6,29.05,29.5,3244958,TRY
2014-05-12,29.6,29.7,29.2,29.2,2109445,TRY
2014-05-13,29.0,29.3,28.6,28.9,2351179,TRY
2014-05-14,28.9,29.1,28.7,29.0,1580401,TRY
2014-05-15,29.0,29.2,28.25,28.25,1503161,TRY
2014-05-16,28.35,28.4,27.8,28.1,1369148,TRY
2014-05-20,28.25,28.4,28.05,28.2,514373,TRY
2014-05-21,28.2,28.5,28.05,28.3,1314011,TRY
2014-05-22,28.4,28.5,28.1,28.5,1944018,TRY
2014-05-23,28.6,28.8,28.4,28.45,1846282,TRY
2014-05-26,28.5,28.9,28.35,28.8,1727181,TRY
2014-05-27,28.85,29.05,28.35,28.35,1909779,TRY
2014-05-28,28.4,28.7,28.25,28.35,1113737,TRY
2014-05-29,28.45,28.65,28.4,28.45,734391,TRY
2014-05-30,28.5,28.6,28.25,28.25,1296372,TRY
2014-06-02,28.35,28.6,28.3,28.35,1547895,TRY
2014-06-03,28.45,28.6,28.2,28.25,1027754,TRY
2014-06-04,28.2,28.35,28.05,28.1,630378,TRY
2014-06-05,28.25,28.5,28.15,28.4,922142,TRY
2014-06-06,28.45,28.6,28.4,28.45,1286509,TRY
2014-06-09,28.55,29.9,28.55,29.8,6436976,TRY
2014-06-10,29.9,30.65,29.65,30.05,5695055,TRY
2014-06-11,30.1,30.5,28.5,28.6,3416652,TRY
2014-06-12,28.4,29.1,28.1,28.65,2411966,TRY
2014-06-13,28.5,28.7,28.15,28.35,1393472,TRY
2014-06-16,27.95,28.1,27.4,27.45,2008404,TRY
2014-06-17,27.55,28.6,27.55,28.25,2639931,TRY
2014-06-18,28.4,29.4,28.4,29.05,3479614,TRY
2014-06-19,29.45,29.55,28.9,28.9,1105192,TRY
2014-06-20,28.75,28.85,28.55,28.65,602511,TRY
2014-06-23,28.9,28.95,28.35,28.4,1368325,TRY
2014-06-24,28.5,28.65,28.25,28.25,921747,TRY
2014-06-25,28.2,28.5,27.9,28.35,728653,TRY
2014-06-26,28.5,28.55,27.9,28.05,738438,TRY
2014-06-27,28.1,28.25,28.0,28.05,417623,TRY
2014-06-30,28.15,28.4,27.85,27.95,517179,TRY
2014-07-01,28.0,28.05,27.45,27.5,624514,TRY
2014-07-02,27.5,27.65,27.1,27.2,642327,TRY
2014-07-03,27.2,27.35,26.85,27.2,2142357,TRY
2014-07-04,27.25,27.65,27.0,27.0,1220748,TRY
2014-07-07,26.9,27.35,26.85,27.2,1935650,TRY
2014-07-08,27.3,27.4,26.9,26.95,1819571,TRY
2014-07-09,27.05,27.2,26.95,27.0,1343443,TRY
2014-07-10,27.1,27.15,26.4,26.4,1660543,TRY
2014-07-11,26.45,26.8,26.45,26.6,1135150,TRY
2014-07-14,26.75,26.95,26.65,26.75,1318766,TRY
2014-07-15,26.85,27.0,26.65,26.8,2211297,TRY
2014-07-16,26.85,26.95,26.65,26.85,2108922,TRY
2014-07-17,26.9,26.9,26.55,26.55,1168931,TRY
2014-07-18,26.35,26.45,26.2,26.25,1069717,TRY
2014-07-21,26.3,26.65,26.2,26.25,1317951,TRY
2014-07-22,26.4,26.4,26.0,26.0,942621,TRY
2014-07-23,26.05,26.3,25.9,25.9,2144472,TRY
2014-07-24,25.9,26.05,25.05,25.15,3268635,TRY
2014-07-25,25.2,26.0,25.2,25.8,4418655,TRY
2014-07-31,25.8,26.05,25.15,25.15,1683801,TRY
2014-08-01,25.3,25.3,24.55,24.55,1945995,TRY
2014-08-04,24.65,25.5,24.65,25.3,3007701,TRY
2014-08-05,25.6,26.1,25.6,25.7,4223683,TRY
2014-08-06,25.6,25.7,25.1,25.15,1990614,TRY
2014-08-07,25.25,25.4,24.95,25.1,962662,TRY
2014-08-08,24.75,25.25,24.65,25.1,1155597,TRY
2014-08-11,25.4,25.55,25.0,25.0,2597675,TRY
2014-08-12,25.0,26.0,24.95,25.95,3108730,TRY
2014-08-13,26.25,26.4,25.85,25.9,4282118,TRY
2014-08-14,25.9,26.2,25.9,25.95,1726818,TRY
2014-08-15,26.05,26.55,26.0,26.0,2961590,TRY
2014-08-18,26.2,26.6,25.95,26.55,2581187,TRY
2014-08-19,26.65,27.45,26.4,27.45,5226209,TRY
2014-08-20,27.55,27.85,27.0,27.2,3663389,TRY
2014-08-21,27.15,27.65,27.1,27.55,1200424,TRY
2014-08-22,27.65,27.8,27.4,27.65,1207369,TRY
2014-08-25,27.75,27.95,27.6,27.9,1106952,TRY
2014-08-26,27.95,28.1,27.75,27.9,1771489,TRY
2014-08-27,27.95,27.95,27.15,27.15,1926537,TRY
2014-08-28,27.25,27.3,27.05,27.05,928301,TRY
2014-08-29,27.1,27.35,26.85,26.9,1382647,TRY
2014-09-01,27.05,27.45,26.95,27.35,946918,TRY
2014-09-02,27.4,27.85,27.4,27.7,2040978,TRY
2014-09-03,27.8,28.05,27.65,27.8,1927846,TRY
2014-09-04,27.8,27.95,27.65,27.9,955308,TRY
2014-09-05,27.85,28.85,27.85,28.85,4477139,TRY
2014-09-08,28.95,29.3,28.75,29.2,2718481,TRY
2014-09-09,29.1,29.2,28.05,28.05,2242777,TRY
2014-09-10,28.1,28.35,27.7,28.35,1898434,TRY
2014-09-11,28.4,28.75,28.15,28.6,2212005,TRY
2014-09-12,28.55,28.75,27.9,27.95,1585988,TRY
2014-09-15,27.95,28.25,27.9,28.0,1222463,TRY
2014-09-16,28.0,28.45,27.95,28.4,1205536,TRY
2014-09-17,28.5,28.65,28.2,28.25,1047115,TRY
2014-09-18,28.0,28.15,27.75,27.75,1063690,TRY
2014-09-19,27.85,28.0,27.55,27.55,720689,TRY
2014-09-22,27.6,27.6,27.05,27.1,1016816,TRY
2014-09-23,27.2,27.65,27.2,27.35,1031728,TRY
2014-09-24,27.45,27.6,26.65,26.7,1026441,TRY
2014-09-25,26.7,26.95,26.35,26.45,579844,TRY
2014-09-26,26.5,26.6,25.8,26.05,853476,TRY
2014-09-29,26.1,26.2,25.55,25.95,897912,TRY
2014-09-30,26.05,26.95,26.05,26.6,2086549,TRY
2014-10-01,26.75,26.8,26.05,26.05,800225,TRY
2014-10-02,26.1,26.3,25.65,25.9,1614259,TRY
2014-10-03,26.0,26.0,25.65,25.85,397643,TRY
2014-10-08,25.55,25.55,24.9,25.0,1244460,TRY
2014-10-09,25.4,25.9,25.4,25.85,1606095,TRY
2014-10-10,25.6,25.6,25.2,25.25,1404544,TRY
2014-10-13,25.35,25.8,25.25,25.5,1591220,TRY
2014-10-14,25.55,25.8,25.1,25.15,1909783,TRY
2014-10-15,25.3,26.1,25.25,25.9,4689162,TRY
2014-10-16,26.0,26.15,25.25,25.45,2086102,TRY
2014-10-17,25.6,25.95,25.5,25.7,2114826,TRY
2014-10-20,25.95,26.45,25.9,26.4,2633684,TRY
2014-10-21,26.45,27.15,26.35,27.15,3245010,TRY
2014-10-22,27.15,27.75,27.1,27.7,3052768,TRY
2014-10-23,27.8,28.1,27.5,27.7,2174698,TRY
2014-10-24,27.75,27.9,27.45,27.5,1082041,TRY
2014-10-27,27.65,27.85,27.15,27.75,1371397,TRY
2014-10-28,27.85,27.85,27.65,27.65,462499,TRY
2014-10-30,27.5,28.35,27.5,28.35,2305568,TRY
2014-10-31,28.55,28.9,28.4,28.6,2266227,TRY
2014-11-03,28.65,29.25,28.6,29.1,1799980,TRY
2014-11-04,29.2,29.85,29.15,29.75,2517732,TRY
2014-11-05,29.85,30.05,28.4,28.45,2995594,TRY
2014-11-06,28.65,28.9,28.45,28.55,1436521,TRY
2014-11-07,28.5,28.85,28.3,28.75,1201559,TRY
2014-11-10,28.8,29.45,28.45,28.45,1207072,TRY
2014-11-11,29.4,30.1,28.95,30.1,4722150,TRY
2014-11-12,30.2,31.35,30.1,31.3,4759282,TRY
2014-11-13,31.4,31.9,30.5,30.8,3848992,TRY
2014-11-14,30.0,30.6,29.8,30.0,3663443,TRY
2014-11-17,30.15,30.25,28.8,28.85,3091598,TRY
2014-11-18,29.0,29.6,28.85,29.6,2576586,TRY
2014-11-19,29.7,29.95,29.25,29.4,1861758,TRY
2014-11-20,29.6,30.4,29.45,30.35,2547133,TRY
2014-11-21,30.5,30.55,29.65,29.9,2453669,TRY
2014-11-24,29.85,29.95,29.5,29.65,1255992,TRY
2014-11-25,29.75,30.6,29.75,30.45,3023733,TRY
2014-11-26,30.6,30.95,30.4,30.55,2098611,TRY
2014-11-27,30.7,31.5,30.55,31.25,3209642,TRY
2014-11-28,32.0,33.7,31.95,32.4,10505076,TRY
2014-12-01,33.0,33.65,31.45,31.6,5643955,TRY
2014-12-02,31.55,32.1,31.35,32.0,3267295,TRY
2014-12-03,32.1,32.35,31.8,31.85,2135069,TRY
2014-12-04,31.95,33.05,31.85,33.05,4576094,TRY
2014-12-05,33.1,33.4,32.55,32.9,2664443,TRY
2014-12-08,33.0,33.25,32.75,33.0,2401084,TRY
2014-12-09,33.3,33.6,32.0,32.0,2787297,TRY
2014-12-10,32.4,33.0,32.2,33.0,1607804,TRY
2014-12-11,33.0,34.2,32.9,33.8,4118842,TRY
2014-12-12,33.9,34.3,33.65,34.05,2887536,TRY
2014-12-15,33.9,35.2,33.4,34.95,3066417,TRY
2014-12-16,34.95,35.4,32.6,34.0,3065880,TRY
2014-12-17,34.05,34.7,33.1,33.9,1845079,TRY
2014-12-18,34.5,34.65,33.05,34.0,2160902,TRY
2014-12-19,34.5,34.95,33.55,33.8,1677974,TRY
2014-12-22,33.5,34.45,33.4,34.45,1693007,TRY
2014-12-23,34.5,34.55,33.5,33.5,1047189,TRY
2014-12-24,33.6,33.95,33.6,33.7,696363,TRY
2014-12-25,33.75,33.9,33.5,33.7,537449,TRY
2014-12-26,33.7,33.75,33.35,33.4,510655,TRY
2014-12-29,33.3,33.5,32.65,32.65,613536,TRY
2014-12-30,32.75,33.2,32.55,32.65,1316199,TRY
2014-12-31,32.75,33.45,32.75,33.15,1321956,TRY
2015-01-02,33.35,33.8,33.05,33.5,845993,TRY
2015-01-05,33.6,34.75,33.6,34.7,2555377,TRY
2015-01-06,34.95,35.0,34.2,34.55,1690288,TRY
2015-01-07,34.8,34.9,33.85,34.15,1064414,TRY
2015-01-08,34.45,34.6,34.25,34.55,820743,TRY
2015-01-09,34.55,34.6,34.25,34.25,938739,TRY
2015-01-12,34.6,34.9,34.5,34.7,936155,TRY
2015-01-13,34.85,35.55,34.6,34.6,2276980,TRY
2015-01-14,34.4,34.65,33.65,33.7,1352535,TRY
2015-01-15,33.85,33.9,32.05,32.1,1617379,TRY
2015-01-16,32.1,32.45,31.35,31.35,1237782,TRY
2015-01-19,31.5,31.55,30.55,30.9,1355915,TRY
2015-01-20,31.4,32.4,31.3,32.4,3040167,TRY
2015-01-21,32.55,32.8,31.95,31.95,1231641,TRY
2015-01-22,32.05,32.3,31.55,32.15,1006737,TRY
2015-01-23,32.25,32.3,31.8,31.8,801607,TRY
2015-01-26,31.8,32.15,31.6,31.85,1462275,TRY
2015-01-27,31.95,32.4,31.85,31.85,1629038,TRY
2015-01-28,32.0,32.2,31.2,31.2,1194602,TRY
2015-01-29,31.0,31.15,30.45,30.45,1479636,TRY
2015-01-30,30.6,31.0,30.3,30.45,969686,TRY
2015-02-02,30.5,30.7,30.25,30.4,1065162,TRY
2015-02-03,30.4,30.5,29.1,29.3,1758146,TRY
2015-02-04,29.3,29.5,29.0,29.25,2284122,TRY
2015-02-05,29.35,29.8,28.75,28.9,2124567,TRY
2015-02-06,28.9,28.9,27.95,27.95,2819553,TRY
2015-02-09,28.05,28.15,27.3,27.45,1489867,TRY
2015-02-10,27.65,28.35,27.5,28.05,1693997,TRY
2015-02-11,28.3,28.6,27.25,27.6,5966701,TRY
2015-02-12,27.6,28.15,27.45,28.05,1503573,TRY
2015-02-13,28.05,28.1,27.4,27.45,1096826,TRY
2015-02-16,27.7,28.45,27.6,28.2,1831868,TRY
2015-02-17,28.1,28.8,28.0,28.45,2399471,TRY
2015-02-18,28.5,28.85,28.5,28.5,1388027,TRY
2015-02-19,28.9,29.4,28.85,29.4,2139475,TRY
2015-02-20,29.4,29.6,28.85,29.0,1002506,TRY
2015-02-23,29.1,29.3,28.8,29.2,921725,TRY
2015-02-24,29.3,29.3,28.9,29.05,800391,TRY
2015-02-25,29.25,29.4,28.6,28.6,1198184,TRY
2015-02-26,28.4,28.9,28.25,28.4,630725,TRY
2015-02-27,28.4,28.6,27.8,28.05,1141842,TRY
2015-03-02,28.1,28.3,27.75,27.75,587562,TRY
2015-03-03,27.9,28.2,27.85,27.85,532328,TRY
2015-03-04,27.9,27.9,27.05,27.05,740757,TRY
2015-03-05,26.8,26.9,25.1,25.75,3315735,TRY
2015-03-06,25.75,26.05,25.25,25.3,1922403,TRY
2015-03-09,25.6,25.85,25.4,25.5,605683,TRY
2015-03-10,25.5,25.7,24.65,24.65,1236608,TRY
2015-03-11,24.65,24.95,23.85,24.1,1780432,TRY
2015-03-12,24.45,24.55,23.85,24.0,884199,TRY
2015-03-13,24.2,24.3,23.35,23.35,901838,TRY
2015-03-16,23.85,23.9,23.3,23.85,1392066,TRY
2015-03-17,23.95,24.8,23.85,24.75,1491170,TRY
2015-03-18,24.8,25.1,24.55,24.8,1088744,TRY
2015-03-19,25.3,25.65,25.15,25.3,1346682,TRY
2015-03-20,25.4,25.5,24.8,24.8,1335603,TRY
2015-03-23,24.9,25.25,24.9,25.05,1324535,TRY
2015-03-24,25.05,25.1,24.35,24.35,1131348,TRY
2015-03-25,24.5,24.95,24.5,24.7,1010454,TRY
2015-03-26,24.0,24.15,23.5,23.6,2134359,TRY
2015-03-27,23.6,23.7,23.25,23.45,1989955,TRY
2015-03-30,23.5,24.85,23.4,24.85,4161488,TRY
2015-03-31,24.9,25.1,24.2,24.25,2057458,TRY
2015-04-01,24.4,24.7,24.15,24.4,1578869,TRY
2015-04-02,24.5,24.9,24.35,24.45,2131791,TRY
2015-04-03,24.8,25.0,24.55,24.9,1917734,TRY
2015-04-06,25.0,25.5,24.9,25.5,3032722,TRY
2015-04-07,25.5,25.5,25.05,25.15,2143866,TRY
2015-04-08,25.2,25.8,25.15,25.75,3465599,TRY
2015-04-09,25.75,26.65,25.75,26.6,3656493,TRY
2015-04-10,26.6,26.7,26.05,26.05,2224815,TRY
2015-04-13,26.0,26.25,25.65,25.7,1539132,TRY
2015-04-14,25.5,25.75,25.0,25.7,1924144,TRY
2015-04-15,25.5,25.6,25.15,25.15,1524009,TRY
2015-04-16,25.3,25.5,25.2,25.3,1188783,TRY
2015-04-17,25.5,25.75,25.35,25.5,1205335,TRY
2015-04-20,25.6,26.2,25.6,26.1,2932684,TRY
2015-04-21,26.05,26.35,26.0,26.3,2328903,TRY
2015-04-22,26.4,26.5,26.2,26.25,2132778,TRY
2015-04-24,26.35,26.9,26.15,26.85,5794986,TRY
2015-04-27,27.0,27.45,27.0,27.3,1413104,TRY
2015-04-28,27.35,27.95,27.3,27.55,1512601,TRY
2015-04-29,27.65,27.8,27.35,27.35,762762,TRY
2015-04-30,27.5,27.5,26.25,26.4,1452524,TRY
2015-05-04,26.45,26.5,26.0,26.25,998240,TRY
2015-05-05,26.25,26.6,26.05,26.05,1517414,TRY
2015-05-06,26.05,26.25,25.65,25.7,953085,TRY
2015-05-07,25.75,25.9,25.3,25.5,2053652,TRY
2015-05-08,25.6,25.65,25.05,25.55,2018876,TRY
2015-05-11,25.55,25.9,25.35,25.6,1670096,TRY
2015-05-12,25.45,25.55,25.05,25.05,2423640,TRY
2015-05-13,25.3,25.7,25.25,25.5,2197945,TRY
2015-05-14,25.6,26.25,25.5,26.2,3179155,TRY
2015-05-15,26.3,26.4,26.1,26.1,1652629,TRY
2015-05-18,26.25,26.85,26.15,26.8,2026082,TRY
2015-05-20,26.8,27.0,26.6,26.85,3916167,TRY
2015-05-21,26.9,26.95,25.65,25.7,2961353,TRY
2015-05-22,25.75,26.0,25.55,25.7,1097302,TRY
2015-05-25,25.6,25.85,25.4,25.5,599284,TRY
2015-05-26,25.4,26.05,25.4,25.7,1077842,TRY
2015-05-27,25.85,25.9,25.55,25.9,943691,TRY
2015-05-28,25.95,26.4,25.85,26.35,2233653,TRY
2015-05-29,26.35,26.4,25.85,26.05,1495283,TRY
2015-06-01,25.95,25.95,24.9,24.95,933853,TRY
2015-06-02,25.05,25.2,24.65,24.9,1009801,TRY
2015-06-03,24.9,25.45,24.9,25.3,1087878,TRY
2015-06-04,25.2,25.3,24.9,25.1,587037,TRY
2015-06-05,25.0,25.3,24.95,25.05,701341,TRY
2015-06-08,22.55,24.05,22.55,23.5,917096,TRY
2015-06-09,23.7,24.1,23.5,24.05,893786,TRY
2015-06-10,24.15,24.6,24.1,24.45,742120,TRY
2015-06-11,24.5,24.65,24.4,24.55,775103,TRY
2015-06-12,24.6,24.6,24.3,24.4,539537,TRY
2015-06-15,24.4,24.8,24.4,24.6,867783,TRY
2015-06-16,24.65,24.9,24.6,24.8,1024672,TRY
2015-06-17,24.85,25.15,24.8,25.1,914699,TRY
2015-06-18,25.25,25.3,25.1,25.1,697591,TRY
2015-06-19,25.1,25.4,25.05,25.4,677597,TRY
2015-06-22,25.5,26.05,25.3,25.9,1456395,TRY
2015-06-23,25.95,25.95,25.45,25.5,663058,TRY
2015-06-24,25.65,25.8,25.55,25.65,733646,TRY
2015-06-25,25.7,26.0,25.4,25.5,1017602,TRY
2015-06-26,25.5,25.75,25.45,25.55,516773,TRY
2015-06-29,25.05,25.3,24.55,24.55,966772,TRY
2015-06-30,24.65,24.8,24.25,24.3,928817,TRY
2015-07-01,24.4,24.7,24.35,24.4,1097797,TRY
2015-07-02,24.4,24.65,24.25,24.5,650473,TRY
2015-07-03,24.5,24.9,24.5,24.5,1027846,TRY
2015-07-06,24.5,25.25,24.45,25.2,1352858,TRY
2015-07-07,25.3,25.4,24.8,24.9,1626021,TRY
2015-07-08,24.85,24.95,24.35,24.35,929125,TRY
2015-07-09,24.55,24.95,24.55,24.85,825961,TRY
2015-07-10,24.95,25.05,24.7,24.8,1746761,TRY
2015-07-13,24.85,25.25,24.7,25.05,1871531,TRY
2015-07-14,25.25,25.55,25.0,25.1,2025514,TRY
2015-07-15,25.15,25.25,24.85,25.0,723871,TRY
2015-07-16,25.0,25.0,24.9,24.9,247225,TRY
2015-07-20,24.95,25.15,24.6,24.7,853105,TRY
2015-07-21,24.8,25.05,24.75,24.9,694484,TRY
2015-07-22,25.0,25.15,24.7,25.05,951531,TRY
2015-07-23,25.05,25.05,23.5,23.6,723898,TRY
2015-07-24,23.45,24.15,23.3,23.95,431483,TRY
2015-07-27,23.95,24.15,23.5,23.5,328415,TRY
2015-07-28,23.65,24.15,23.65,23.9,366644,TRY
2015-07-29,24.05,24.45,24.0,24.05,520044,TRY
2015-07-30,23.9,24.25,23.9,24.1,228307,TRY
2015-07-31,24.15,24.4,24.05,24.4,697469,TRY
2015-08-03,24.35,24.35,23.85,23.85,355342,TRY
2015-08-04,24.0,24.25,23.85,23.95,264307,TRY
2015-08-05,23.95,24.05,23.75,23.8,263212,TRY
2015-08-06,23.85,24.1,23.85,24.0,332806,TRY
2015-08-07,24.1,24.1,23.75,23.75,256550,TRY
2015-08-10,23.8,23.9,23.2,23.35,378599,TRY
2015-08-11,23.55,23.95,23.55,23.75,976772,TRY
2015-08-12,23.6,23.6,23.2,23.25,358413,TRY
2015-08-13,23.0,23.2,21.2,21.6,1970212,TRY
2015-08-14,21.6,21.7,21.3,21.4,1246877,TRY
2015-08-17,21.5,21.55,20.9,21.0,801760,TRY
2015-08-18,20.9,20.9,20.2,20.2,1413806,TRY
2015-08-19,20.35,20.5,19.15,19.4,2230294,TRY
2015-08-20,19.3,19.35,18.6,18.8,3385334,TRY
2015-08-21,18.7,18.9,18.55,18.65,1453934,TRY
2015-08-24,18.35,18.35,17.25,17.85,1435139,TRY
2015-08-25,18.1,18.65,18.0,18.4,1745059,TRY
2015-08-26,18.25,18.95,18.1,18.75,1256736,TRY
2015-08-27,19.2,19.4,18.9,18.95,1397007,TRY
2015-08-28,19.0,19.1,18.5,18.5,1263292,TRY
2015-08-31,18.5,18.7,18.35,18.45,1024042,TRY
2015-09-01,18.35,18.4,17.95,18.0,872294,TRY
2015-09-02,18.05,18.1,17.65,17.7,1772242,TRY
2015-09-03,17.75,17.9,17.4,17.45,1878662,TRY
2015-09-04,17.35,17.75,17.3,17.65,1011769,TRY
2015-09-07,17.5,17.7,17.4,17.7,659011,TRY
2015-09-08,17.75,18.1,17.75,18.05,1444772,TRY
2015-09-09,18.2,18.3,17.75,17.75,1322361,TRY
2015-09-10,17.65,17.85,17.55,17.6,690121,TRY
2015-09-11,17.7,17.75,17.4,17.5,540307,TRY
2015-09-14,17.6,17.65,17.15,17.2,1857563,TRY
2015-09-15,17.25,17.25,16.7,17.1,4257639,TRY
2015-09-16,17.15,17.75,17.1,17.6,2648818,TRY
2015-09-17,17.65,17.95,17.65,17.7,1617083,TRY
2015-09-18,17.8,17.9,17.5,17.75,1048897,TRY
2015-09-21,17.75,18.45,17.65,18.45,2086575,TRY
2015-09-22,18.5,18.7,18.1,18.2,1623394,TRY
2015-09-23,18.1,18.3,18.05,18.15,367876,TRY
2015-09-28,18.2,18.3,17.65,17.65,2480133,TRY
2015-09-29,17.55,17.8,17.35,17.75,1342086,TRY
2015-09-30,17.95,17.95,17.65,17.65,750686,TRY
2015-10-01,17.8,17.9,17.6,17.65,1027336,TRY
2015-10-02,17.65,17.8,17.5,17.55,1101150,TRY
2015-10-05,17.75,18.25,17.75,18.2,2143628,TRY
2015-10-06,18.15,18.45,18.1,18.25,2897073,TRY
2015-10-07,18.4,18.65,18.3,18.35,2668202,TRY
2015-10-08,18.3,18.95,18.25,18.85,4813569,TRY
2015-10-09,18.95,19.35,18.8,19.1,5354392,TRY
2015-10-12,18.9,19.95,18.8,19.8,9513616,TRY
2015-10-13,19.85,19.95,19.15,19.55,3278246,TRY
2015-10-14,19.55,19.75,19.5,19.75,1939240,TRY
2015-10-15,19.95,20.2,19.75,19.75,4057110,TRY
2015-10-16,19.85,19.9,19.1,19.15,2297758,TRY
2015-10-19,19.2,19.55,19.2,19.25,1533418,TRY
2015-10-20,19.3,19.65,19.2,19.65,2386491,TRY
2015-10-21,19.65,19.7,19.2,19.25,2329017,TRY
2015-10-22,19.25,19.45,19.25,19.25,1584078,TRY
2015-10-23,19.4,19.55,19.1,19.1,1888541,TRY
2015-10-26,19.15,19.25,18.35,18.4,1996304,TRY
2015-10-27,18.5,18.55,18.3,18.5,1988145,TRY
2015-10-28,18.55,18.55,18.25,18.3,614194,TRY
2015-10-30,18.25,18.7,18.2,18.7,1411661,TRY
2015-11-02,19.7,20.0,19.5,19.55,6115180,TRY
2015-11-03,19.6,19.65,19.15,19.2,2204228,TRY
2015-11-04,19.3,19.6,19.25,19.55,2208243,TRY
2015-11-05,19.45,19.7,19.4,19.45,1972597,TRY
2015-11-06,19.5,19.5,19.1,19.35,1399259,TRY
2015-11-09,19.45,19.7,19.25,19.5,3148604,TRY
2015-11-10,19.7,19.85,19.5,19.55,4477826,TRY
2015-11-11,19.65,20.75,19.65,20.75,10996889,TRY
2015-11-12,20.8,21.1,20.45,20.65,6943639,TRY
2015-11-13,20.7,20.75,20.3,20.55,4286768,TRY
2015-11-16,20.4,20.45,20.2,20.25,2804583,TRY
2015-11-17,20.35,20.5,19.9,20.0,3036760,TRY
2015-11-18,20.0,20.0,19.55,19.6,1762432,TRY
2015-11-19,19.75,19.95,19.5,19.65,1818195,TRY
2015-11-20,19.7,19.85,19.65,19.75,1396148,TRY
2015-11-23,19.75,19.8,19.3,19.3,1397330,TRY
2015-11-24,19.4,19.45,18.1,18.25,3861198,TRY
2015-11-25,18.4,18.55,17.95,18.15,3260330,TRY
2015-11-26,18.0,18.15,17.35,17.35,2161045,TRY
2015-11-27,17.35,18.1,17.3,18.05,2297530,TRY
2015-11-30,18.1,18.19,17.8,17.83,446175,TRY
2015-12-01,17.89,18.17,17.87,18.1,1144030,TRY
2015-12-02,18.25,18.53,18.16,18.16,1802791,TRY
2015-12-03,18.25,18.34,17.8,17.85,1058058,TRY
2015-12-04,17.95,18.0,17.42,17.64,1345930,TRY
2015-12-07,17.64,17.67,17.43,17.52,893771,TRY
2015-12-08,17.55,17.74,17.21,17.23,1122422,TRY
2015-12-09,17.25,17.55,17.19,17.55,1098794,TRY
2015-12-10,17.5,17.65,16.86,16.9,1136996,TRY
2015-12-11,17.0,17.02,16.28,16.28,1107845,TRY
2015-12-14,16.4,16.55,15.92,16.09,980529,TRY
2015-12-15,16.14,16.82,16.14,16.73,1218074,TRY
2015-12-16,16.71,16.92,16.53,16.81,878842,TRY
2015-12-17,17.05,17.39,16.95,17.3,1284137,TRY
2015-12-18,17.3,17.3,16.88,16.93,1451073,TRY
2015-12-21,17.0,17.35,16.95,17.19,1124286,TRY
2015-12-22,17.24,17.95,17.21,17.7,2038461,TRY
2015-12-23,17.69,18.24,17.65,18.08,1356204,TRY
2015-12-24,18.13,18.17,17.86,17.9,635574,TRY
2015-12-25,17.95,18.05,17.83,17.85,361353,TRY
2015-12-28,17.95,18.57,17.9,18.3,1442646,TRY
2015-12-29,18.34,18.47,18.03,18.03,1011344,TRY
2015-12-30,18.05,18.12,17.74,17.77,736063,TRY
2015-12-31,17.78,17.87,17.56,17.56,574353,TRY
2016-01-04,17.45,17.45,16.85,16.95,822582,TRY
2016-01-05,17.04,17.13,16.51,16.87,1098668,TRY
2016-01-06,16.75,16.96,16.55,16.86,790821,TRY
2016-01-07,16.72,17.08,16.53,17.07,1036396,TRY
2016-01-08,17.2,17.3,16.76,16.81,996278,TRY
2016-01-11,16.7,16.99,16.62,16.81,905335,TRY
2016-01-12,16.9,17.01,16.79,16.89,1089753,TRY
2016-01-13,16.95,17.14,16.95,16.97,1432200,TRY
2016-01-14,16.85,16.95,16.65,16.7,1618091,TRY
2016-01-15,16.7,16.8,16.55,16.59,882800,TRY
2016-01-18,16.71,16.73,16.62,16.66,564910,TRY
2016-01-19,16.75,16.85,16.66,16.66,851489,TRY
2016-01-20,16.55,16.59,16.3,16.3,714224,TRY
2016-01-21,16.29,16.29,15.94,15.95,1149824,TRY
2016-01-22,16.11,16.17,16.03,16.15,955805,TRY
2016-01-25,16.2,16.35,16.19,16.22,825364,TRY
2016-01-26,16.12,16.36,15.97,16.34,1701500,TRY
2016-01-27,16.38,16.58,16.3,16.45,1010845,TRY
2016-01-28,16.54,16.77,16.47,16.48,867813,TRY
2016-01-29,16.82,16.93,16.61,16.63,1030321,TRY
2016-02-01,16.67,16.74,16.58,16.73,733153,TRY
2016-02-02,16.78,16.87,16.38,16.48,763210,TRY
2016-02-03,16.41,16.6,16.33,16.48,785727,TRY
2016-02-04,16.6,16.75,16.6,16.64,1008246,TRY
2016-02-05,16.66,16.86,16.65,16.66,902970,TRY
2016-02-08,16.69,16.73,16.14,16.14,559685,TRY
2016-02-09,16.02,16.18,15.9,16.07,488189,TRY
2016-02-10,16.15,16.26,16.07,16.18,391992,TRY
2016-02-11,16.08,16.1,15.95,16.02,440292,TRY
2016-02-12,16.1,16.14,15.92,15.92,648623,TRY
2016-02-15,15.92,15.95,15.5,15.69,749564,TRY
2016-02-16,15.7,15.81,15.55,15.57,526997,TRY
2016-02-17,15.55,16.02,15.51,16.02,744206,TRY
2016-02-18,16.0,16.08,15.89,16.08,751883,TRY
2016-02-19,16.17,16.85,16.15,16.57,1510895,TRY
2016-02-22,16.65,17.07,16.65,16.99,1374102,TRY
2016-02-23,17.0,17.29,16.95,17.13,866339,TRY
2016-02-24,17.13,17.25,16.98,17.01,851088,TRY
2016-02-25,17.05,17.38,17.05,17.3,861418,TRY
2016-02-26,17.4,17.58,17.07,17.1,931583,TRY
2016-02-29,17.1,17.47,17.01,17.38,876376,TRY
2016-03-01,17.47,17.5,17.32,17.32,606234,TRY
2016-03-02,17.4,17.52,17.37,17.45,974694,TRY
2016-03-03,17.5,17.9,17.49,17.85,1408428,TRY
2016-03-04,17.54,17.54,17.03,17.23,1780312,TRY
2016-03-07,17.24,17.48,17.24,17.24,1028954,TRY
2016-03-08,17.25,17.28,16.92,17.01,1138555,TRY
2016-03-09,17.01,17.05,16.9,16.94,1042260,TRY
2016-03-10,16.98,17.04,16.7,16.75,1720773,TRY
2016-03-11,16.84,16.92,16.65,16.9,1158889,TRY
2016-03-14,16.83,17.03,16.75,16.83,1818370,TRY
2016-03-15,16.86,17.15,16.73,16.77,2857004,TRY
2016-03-16,16.87,16.9,16.64,16.78,1384603,TRY
2016-03-17,16.98,17.0,16.85,16.95,1683416,TRY
2016-03-18,16.98,17.36,16.95,17.32,3544304,TRY
2016-03-21,17.29,17.55,17.16,17.46,3735004,TRY
2016-03-22,17.42,17.42,16.82,16.91,2264664,TRY
2016-03-23,16.86,16.96,16.65,16.65,1318488,TRY
2016-03-24,16.66,16.79,16.53,16.67,1661438,TRY
2016-03-25,16.7,16.79,16.68,16.7,845025,TRY
2016-03-28,16.73,16.85,16.73,16.73,980652,TRY
2016-03-29,17.0,17.06,16.89,16.99,2119731,TRY
2016-03-30,17.15,17.17,16.95,17.07,3653657,TRY
2016-03-31,17.09,17.3,17.07,17.19,2551057,TRY
2016-04-01,17.19,17.31,17.11,17.14,1965103,TRY
2016-04-04,17.24,17.47,17.19,17.42,2632930,TRY
2016-04-05,17.43,17.64,17.39,17.57,4730327,TRY
2016-04-06,17.63,17.67,17.25,17.25,3315166,TRY
2016-04-07,17.34,17.39,16.93,16.93,2732515,TRY
2016-04-08,16.96,16.99,16.82,16.88,2033279,TRY
2016-04-11,16.9,17.32,16.83,17.26,3721141,TRY
2016-04-12,17.28,17.41,17.05,17.09,2864368,TRY
2016-04-13,17.18,17.86,17.12,17.74,7110383,TRY
2016-04-14,17.86,18.22,17.73,18.17,4285310,TRY
2016-04-15,18.23,18.37,17.86,17.98,2813940,TRY
2016-04-18,17.95,18.19,17.75,18.01,1795411,TRY
2016-04-19,18.1,18.13,17.86,17.87,1110293,TRY
2016-04-20,17.85,17.87,16.48,16.7,6677577,TRY
2016-04-21,16.78,16.83,16.47,16.54,3205576,TRY
2016-04-22,16.6,16.71,16.3,16.42,2375256,TRY
2016-04-25,16.4,16.5,16.17,16.17,1894708,TRY
2016-04-26,16.2,16.38,16.15,16.26,1643816,TRY
2016-04-27,16.28,16.47,16.24,16.41,1646685,TRY
2016-04-28,16.42,16.54,16.41,16.41,1324953,TRY
2016-04-29,16.43,16.5,16.23,16.31,1127612,TRY
2016-05-02,16.28,16.3,16.17,16.17,577703,TRY
2016-05-03,16.21,16.24,15.75,15.75,1103116,TRY
2016-05-04,15.78,16.08,15.6,15.73,1587376,TRY
2016-05-05,15.4,15.88,15.35,15.65,1155971,TRY
2016-05-06,15.65,15.77,15.51,15.62,619726,TRY
2016-05-09,15.75,15.8,15.66,15.72,728755,TRY
2016-05-10,15.7,15.71,15.56,15.56,746348,TRY
2016-05-11,15.55,15.6,15.43,15.54,583542,TRY
2016-05-12,15.54,15.59,15.27,15.27,631575,TRY
2016-05-13,15.22,15.34,15.1,15.1,552211,TRY
2016-05-16,15.15,15.25,15.02,15.03,405685,TRY
2016-05-17,15.13,15.16,14.94,15.07,758529,TRY
2016-05-18,15.0,15.04,14.94,14.97,391872,TRY
2016-05-20,15.0,15.03,14.92,14.94,373287,TRY
2016-05-23,15.07,15.07,14.9,14.97,640696,TRY
2016-05-24,14.96,15.22,14.94,15.16,1698179,TRY
2016-05-25,15.22,15.31,15.17,15.18,837109,TRY
2016-05-26,15.13,15.22,15.08,15.15,629587,TRY
2016-05-27,15.2,15.22,15.01,15.01,709287,TRY
2016-05-30,15.03,15.21,15.01,15.15,779626,TRY
2016-05-31,15.21,15.24,15.04,15.04,1025779,TRY
2016-06-01,15.06,15.07,14.89,14.89,669351,TRY
2016-06-02,14.95,14.97,14.81,14.83,345630,TRY
2016-06-03,14.9,14.99,14.82,14.94,597536,TRY
2016-06-06,15.0,15.08,14.97,15.01,540915,TRY
2016-06-07,15.01,15.07,14.71,14.8,874867,TRY
2016-06-08,14.85,14.86,14.71,14.76,737508,TRY
2016-06-09,14.77,14.78,13.83,13.9,3295080,TRY
2016-06-10,13.89,13.95,13.4,13.5,1623310,TRY
2016-06-13,13.47,13.47,13.06,13.17,994071,TRY
2016-06-14,13.17,13.44,13.08,13.23,1156989,TRY
2016-06-15,13.37,14.1,13.35,13.63,2607971,TRY
2016-06-16,13.6,13.81,13.36,13.47,733424,TRY
2016-06-17,13.57,13.62,13.52,13.55,475355,TRY
2016-06-20,13.82,13.82,13.61,13.66,540407,TRY
2016-06-21,13.68,13.9,13.59,13.73,1140748,TRY
2016-06-22,13.75,13.8,13.53,13.61,568249,TRY
2016-06-23,13.61,13.69,13.57,13.64,362642,TRY
2016-06-24,13.06,13.35,13.06,13.35,644102,TRY
2016-06-27,13.35,13.8,13.33,13.65,1335210,TRY
2016-06-28,13.77,14.04,13.77,13.91,1569659,TRY
2016-06-29,13.73,13.91,13.6,13.74,880622,TRY
2016-06-30,13.8,13.86,13.57,13.57,556018,TRY
2016-07-01,13.63,13.7,13.57,13.68,243374,TRY
2016-07-04,13.69,13.85,13.68,13.81,88599,TRY
2016-07-08,13.81,14.05,13.79,13.8,267097,TRY
2016-07-11,13.85,13.98,13.85,13.88,640002,TRY
2016-07-12,13.92,14.11,13.9,13.94,2083637,TRY
2016-07-13,13.94,14.26,13.91,14.1,3205884,TRY
2016-07-14,14.16,14.31,14.05,14.09,1475449,TRY
2016-07-15,14.05,14.06,13.94,13.97,929284,TRY
2016-07-18,13.2,13.47,12.02,12.55,1699320,TRY
2016-07-19,12.5,12.76,12.25,12.3,1092388,TRY
2016-07-20,12.31,12.44,11.82,11.82,1832346,TRY
2016-07-21,11.6,11.6,11.06,11.1,825557,TRY
2016-07-22,11.2,11.36,11.09,11.25,728041,TRY
2016-07-25,11.35,11.67,11.35,11.62,585348,TRY
2016-07-26,11.7,11.73,11.36,11.38,774637,TRY
2016-07-27,11.41,11.55,11.37,11.49,716751,TRY
2016-07-28,11.54,11.63,11.46,11.46,828545,TRY
2016-07-29,11.51,11.67,11.39,11.64,1336836,TRY
2016-08-01,11.71,11.9,11.63,11.69,663061,TRY
2016-08-02,11.76,11.78,11.65,11.65,471276,TRY
2016-08-03,11.65,11.69,11.4,11.4,455213,TRY
2016-08-04,11.45,11.5,11.36,11.46,397554,TRY
2016-08-05,11.48,11.58,11.36,11.4,540670,TRY
2016-08-08,11.58,11.88,11.53,11.85,1363582,TRY
2016-08-09,11.95,13.3,11.94,13.09,6029674,TRY
2016-08-10,13.2,13.74,13.1,13.24,4436182,TRY
2016-08-11,13.32,13.38,13.13,13.28,1042808,TRY
2016-08-12,13.31,13.45,13.0,13.0,873764,TRY
2016-08-15,13.15,13.22,13.01,13.01,468935,TRY
2016-08-16,13.08,13.1,12.4,12.41,1116155,TRY
2016-08-17,12.44,13.2,12.43,12.89,1741708,TRY
2016-08-18,13.08,13.15,12.59,12.7,1092463,TRY
2016-08-19,12.68,12.95,12.6,12.89,816422,TRY
2016-08-22,12.8,12.84,12.6,12.64,711460,TRY
2016-08-23,12.73,12.78,12.54,12.55,628382,TRY
2016-08-24,12.4,12.4,12.13,12.26,788180,TRY
2016-08-25,12.31,12.38,12.13,12.15,1303524,TRY
2016-08-26,12.15,12.18,12.06,12.12,868200,TRY
2016-08-29,12.26,12.69,12.18,12.18,1748385,TRY
2016-08-31,12.18,12.28,12.11,12.11,1127803,TRY
2016-09-01,12.15,12.18,12.07,12.08,791395,TRY
2016-09-02,12.12,12.14,12.02,12.09,1081116,TRY
2016-09-05,12.13,12.21,12.11,12.21,1437861,TRY
2016-09-06,12.25,12.29,12.14,12.18,1457940,TRY
2016-09-07,12.2,12.21,11.97,12.02,1128567,TRY
2016-09-08,12.05,12.23,12.03,12.13,1408022,TRY
2016-09-09,12.11,12.4,12.1,12.21,2148148,TRY
2016-09-16,12.3,12.31,12.01,12.18,1312098,TRY
2016-09-19,12.12,12.15,12.1,12.14,590515,TRY
2016-09-20,12.17,12.3,12.13,12.14,961675,TRY
2016-09-21,12.17,12.27,12.09,12.16,1733735,TRY
2016-09-22,12.22,12.46,12.21,12.38,3639904,TRY
2016-09-23,12.39,12.59,12.34,12.43,2122306,TRY
2016-09-26,11.8,11.99,11.75,11.83,1383427,TRY
2016-09-27,11.92,11.98,11.86,11.91,1067199,TRY
2016-09-28,11.92,12.13,11.92,11.94,1444368,TRY
2016-09-29,11.97,12.04,11.87,11.88,1134793,TRY
2016-09-30,11.8,11.97,11.71,11.97,817226,TRY
2016-10-03,12.0,12.06,11.87,11.87,864765,TRY
2016-10-04,11.92,11.93,11.74,11.74,1227667,TRY
2016-10-05,11.72,11.94,11.7,11.91,1793254,TRY
2016-10-06,12.03,12.09,11.9,11.94,1049072,TRY
2016-10-07,11.92,12.05,11.87,11.96,1193134,TRY
2016-10-10,11.99,12.09,11.95,12.0,1702166,TRY
2016-10-11,12.02,12.06,11.94,12.0,1128543,TRY
2016-10-12,12.05,12.48,12.05,12.36,4078041,TRY
2016-10-13,12.45,12.47,12.1,12.15,1631032,TRY
2016-10-14,12.18,12.32,12.09,12.17,1563581,TRY
2016-10-17,12.2,12.8,12.16,12.8,5446179,TRY
2016-10-18,13.0,13.02,12.76,12.84,3114251,TRY
2016-10-19,12.87,13.81,12.87,13.75,6759157,TRY
2016-10-20,13.7,13.82,13.4,13.48,3312848,TRY
2016-10-21,13.48,13.78,13.47,13.48,1717918,TRY
2016-10-24,13.57,13.71,13.48,13.6,1743541,TRY
2016-10-25,13.63,13.93,13.58,13.61,4006655,TRY
2016-10-26,13.67,13.74,13.35,13.36,1780535,TRY
2016-10-27,13.3,13.45,13.09,13.11,1333217,TRY
2016-10-28,13.12,13.13,12.96,12.97,563449,TRY
2016-10-31,13.02,13.15,12.97,13.05,705025,TRY
2016-11-01,13.08,13.5,13.05,13.06,2149076,TRY
2016-11-02,13.16,13.32,13.12,13.22,853893,TRY
2016-11-03,13.26,13.3,13.03,13.04,583845,TRY
2016-11-04,12.99,13.0,12.48,12.51,795083,TRY
2016-11-07,12.67,13.0,12.67,12.82,1835730,TRY
2016-11-08,12.83,12.85,12.51,12.8,1095647,TRY
2016-11-09,12.5,12.99,12.44,12.87,1382605,TRY
2016-11-10,13.45,13.55,13.17,13.42,3878553,TRY
2016-11-11,13.41,13.51,13.16,13.16,1158265,TRY
2016-11-14,13.21,13.32,12.93,13.0,857683,TRY
2016-11-15,13.05,13.22,13.05,13.11,2157875,TRY
2016-11-16,13.17,13.37,13.12,13.32,3516536,TRY
2016-11-17,13.36,13.49,13.25,13.25,1846445,TRY
2016-11-18,13.26,13.28,13.01,13.18,1535943,TRY
2016-11-21,13.31,13.41,13.27,13.32,1242838,TRY
2016-11-22,13.33,13.42,13.3,13.3,894103,TRY
2016-11-23,13.32,13.39,13.12,13.2,565400,TRY
2016-11-24,13.19,13.25,12.8,12.99,1284418,TRY
2016-11-25,12.99,13.02,12.8,12.89,1544452,TRY
2016-11-28,12.95,12.99,12.77,12.78,1166880,TRY
2016-11-29,12.8,12.81,12.59,12.59,751424,TRY
2016-11-30,12.62,12.66,12.3,12.5,883882,TRY
2016-12-01,12.53,12.53,12.06,12.12,764123,TRY
2016-12-02,12.16,12.35,11.99,12.23,1024206,TRY
2016-12-05,12.23,12.31,12.16,12.24,803759,TRY
2016-12-06,12.28,12.5,12.26,12.5,1332370,TRY
2016-12-07,12.51,12.73,12.44,12.59,1099909,TRY
2016-12-08,12.65,12.74,12.31,12.49,933671,TRY
2016-12-09,12.53,12.58,12.4,12.47,461795,TRY
2016-12-12,12.4,12.45,12.27,12.45,694389,TRY
2016-12-13,12.47,12.55,12.41,12.47,1029242,TRY
2016-12-14,12.48,12.63,12.3,12.3,3470828,TRY
2016-12-15,12.32,12.61,12.3,12.58,3163786,TRY
2016-12-16,12.63,12.64,12.51,12.51,1404385,TRY
2016-12-19,12.55,12.7,12.55,12.64,1805129,TRY
2016-12-20,12.56,12.87,12.56,12.83,1741787,TRY
2016-12-21,12.91,13.01,12.8,12.85,1390378,TRY
2016-12-22,12.84,12.88,12.67,12.72,775340,TRY
2016-12-23,12.72,12.8,12.63,12.65,750239,TRY
2016-12-26,12.66,12.72,12.66,12.66,209218,TRY
2016-12-27,12.66,12.7,12.53,12.62,427139,TRY
2016-12-28,12.59,13.84,12.59,13.54,4925028,TRY
2016-12-29,13.56,13.69,13.31,13.32,2670605,TRY
2016-12-30,13.45,14.4,13.39,14.15,7057863,TRY
2017-01-02,14.3,14.55,14.17,14.27,7832963,TRY
2017-01-03,14.27,14.3,13.27,13.27,9085602,TRY
2017-01-04,13.35,13.41,13.05,13.05,2178745,TRY
2017-01-05,13.12,13.28,13.02,13.1,2741375,TRY
2017-01-06,13.12,13.18,13.07,13.1,1397902,TRY
2017-01-09,13.05,13.17,13.04,13.13,1406473,TRY
2017-01-10,13.12,13.35,13.1,13.16,2100170,TRY
2017-01-11,13.14,13.35,13.09,13.21,1664889,TRY
2017-01-12,13.25,13.67,13.25,13.55,3917292,TRY
2017-01-13,13.57,14.23,13.53,13.9,8687575,TRY
2017-01-16,14.0,14.52,14.0,14.4,7487792,TRY
2017-01-17,14.49,15.0,14.42,14.87,8615782,TRY
2017-01-18,14.96,14.99,14.62,14.67,4138765,TRY
2017-01-19,14.72,15.23,14.68,15.07,10894765,TRY
2017-01-20,15.15,16.19,15.15,16.05,18786852,TRY
2017-01-23,16.3,16.88,15.89,16.0,13875963,TRY
2017-01-24,16.15,16.57,15.72,16.51,15289523,TRY
2017-01-25,16.6,16.6,15.84,15.85,6558224,TRY
2017-01-26,16.02,16.27,15.96,16.03,6712959,TRY
2017-01-27,16.1,16.18,15.71,15.72,4927418,TRY
2017-01-30,15.7,16.42,15.7,16.2,6961924,TRY
2017-01-31,16.3,16.3,15.86,15.86,4371580,TRY
2017-02-01,15.92,16.26,15.88,16.15,4999907,TRY
2017-02-02,16.24,16.42,16.15,16.18,4731638,TRY
2017-02-03,16.18,16.28,16.02,16.14,2780647,TRY
2017-02-06,16.25,16.34,15.87,15.87,4451333,TRY
2017-02-07,15.85,16.17,15.83,16.0,4193793,TRY
2017-02-08,16.06,16.35,16.05,16.27,6721346,TRY
2017-02-09,16.35,16.56,16.25,16.3,7680571,TRY
2017-02-10,16.35,16.43,15.88,15.91,3689259,TRY
2017-02-13,16.0,16.25,15.97,16.19,3809950,TRY
2017-02-14,16.26,16.32,16.02,16.15,3344070,TRY
2017-02-15,16.27,16.43,15.88,15.9,7774438,TRY
2017-02-16,15.95,16.05,15.9,15.92,3417309,TRY
2017-02-17,15.95,15.97,15.84,15.88,2472893,TRY
2017-02-20,15.95,16.1,15.88,15.92,3275559,TRY
2017-02-21,15.95,16.05,15.91,15.95,2256433,TRY
2017-02-22,15.96,16.04,15.81,15.87,2452722,TRY
2017-02-23,15.95,16.0,15.89,15.93,1337523,TRY
2017-02-24,15.95,16.09,15.73,15.73,3955938,TRY
2017-02-27,15.77,15.8,15.42,15.47,1388083,TRY
2017-02-28,15.47,15.5,15.05,15.16,2130832,TRY
2017-03-01,15.21,15.7,15.13,15.65,2869713,TRY
2017-03-02,15.72,15.74,15.55,15.56,1302194,TRY
2017-03-03,15.53,15.67,15.48,15.48,1813317,TRY
2017-03-06,15.6,15.65,15.49,15.54,1693075,TRY
2017-03-07,15.35,15.35,15.02,15.02,3289319,TRY
2017-03-08,15.06,15.12,14.5,14.5,3211808,TRY
2017-03-09,14.53,14.57,14.3,14.3,2069380,TRY
2017-03-10,14.32,14.58,14.32,14.4,1633631,TRY
2017-03-13,14.4,14.41,14.15,14.17,1631386,TRY
2017-03-14,14.18,14.46,14.17,14.4,2050373,TRY
2017-03-15,14.48,14.86,14.42,14.69,3801490,TRY
2017-03-16,14.82,14.94,14.65,14.69,1838573,TRY
2017-03-17,14.74,14.77,14.46,14.53,1596904,TRY
2017-03-20,14.48,15.14,14.48,15.06,4740309,TRY
2017-03-21,15.13,15.26,14.72,14.76,3354833,TRY
2017-03-22,14.66,14.66,14.39,14.44,2004604,TRY
2017-03-23,14.54,14.59,14.38,14.43,1452879,TRY
2017-03-24,14.49,14.52,14.42,14.45,868331,TRY
2017-03-27,14.47,14.61,14.46,14.53,1525357,TRY
2017-03-28,14.6,14.69,14.51,14.52,1650530,TRY
2017-03-29,14.4,14.41,14.23,14.27,1475737,TRY
2017-03-30,14.31,14.47,14.31,14.33,856629,TRY
2017-03-31,14.35,14.47,14.34,14.36,876918,TRY
2017-04-03,14.41,14.48,14.38,14.41,645667,TRY
2017-04-04,14.4,14.69,14.4,14.68,2000715,TRY
2017-04-05,14.7,14.73,14.55,14.57,906118,TRY
2017-04-06,14.53,14.92,14.5,14.84,3530557,TRY
2017-04-07,14.8,14.83,14.47,14.53,1512914,TRY
2017-04-10,14.6,14.95,14.57,14.87,2154502,TRY
2017-04-11,14.92,14.94,14.68,14.68,1421422,TRY
2017-04-12,14.72,14.83,14.68,14.68,769350,TRY
2017-04-13,14.73,15.02,14.5,14.54,6797292,TRY
2017-04-14,14.53,14.64,14.5,14.51,1447787,TRY
2017-04-17,14.88,15.59,14.79,15.54,13589330,TRY
2017-04-18,15.53,15.66,15.34,15.45,4203498,TRY
2017-04-19,15.5,15.91,15.46,15.84,8195026,TRY
2017-04-20,15.91,16.04,15.82,15.91,3861435,TRY
2017-04-21,15.99,16.01,15.78,15.8,3055610,TRY
2017-04-24,15.99,16.12,15.84,16.07,5259608,TRY
2017-04-25,16.1,16.14,15.86,15.97,2749598,TRY
2017-04-26,15.99,16.36,15.95,16.18,8122330,TRY
2017-04-27,16.25,16.35,16.04,16.05,2458256,TRY
2017-04-28,16.05,16.09,15.91,15.94,961776,TRY
2017-05-02,16.0,16.16,15.96,16.04,1417856,TRY
2017-05-03,16.06,16.67,16.04,16.5,7614229,TRY
2017-05-04,16.5,16.58,16.27,16.47,3858684,TRY
2017-05-05,16.49,16.56,16.29,16.38,2215069,TRY
2017-05-08,16.44,17.21,16.43,17.05,8675485,TRY
2017-05-09,17.06,17.12,16.89,16.97,2488116,TRY
2017-05-10,16.9,17.46,16.85,17.45,4493264,TRY
2017-05-11,17.2,17.2,16.49,16.49,7801769,TRY
2017-05-12,16.53,16.9,16.5,16.53,5754794,TRY
2017-05-15,16.69,16.91,16.65,16.88,5105359,TRY
2017-05-16,16.9,17.11,16.85,16.93,3938294,TRY
2017-05-17,17.05,17.42,16.98,17.3,5842471,TRY
2017-05-18,17.37,17.37,15.71,16.74,3641659,TRY
2017-05-22,17.05,17.22,16.97,17.04,10011254,TRY
2017-05-23,17.02,17.33,17.0,17.24,6305740,TRY
2017-05-24,17.35,18.16,17.34,17.95,6060484,TRY
2017-05-25,18.0,18.35,17.86,18.31,3065687,TRY
2017-05-26,18.37,18.62,18.15,18.37,2325155,TRY
2017-05-29,18.49,19.06,18.4,18.76,4523647,TRY
2017-05-30,18.8,18.92,18.53,18.53,1908230,TRY
2017-05-31,18.58,18.83,18.3,18.32,3164078,TRY
2017-06-01,18.5,18.81,18.47,18.65,2906184,TRY
2017-06-02,18.81,19.04,18.72,18.9,2736012,TRY
2017-06-05,18.94,19.15,18.62,18.67,5335798,TRY
2017-06-06,18.73,19.47,18.72,19.45,7735127,TRY
2017-06-07,19.41,19.47,18.76,18.88,3660502,TRY
2017-06-08,18.94,19.24,18.89,19.12,3713543,TRY
2017-06-09,19.19,19.36,19.01,19.01,2325621,TRY
2017-06-12,19.1,19.27,19.01,19.04,1280789,TRY
2017-06-13,19.19,19.21,18.81,18.84,2715297,TRY
2017-06-14,18.87,19.21,18.78,19.09,2226683,TRY
2017-06-15,19.1,19.48,19.08,19.38,4746872,TRY
2017-06-16,19.41,19.46,18.69,18.77,3744535,TRY
2017-06-19,18.93,19.16,18.73,19.0,1619721,TRY
2017-06-20,19.1,19.12,18.68,18.72,1507657,TRY
2017-06-21,18.71,18.72,18.41,18.56,1187582,TRY
2017-06-22,18.69,18.81,18.66,18.77,1356986,TRY
2017-06-23,18.81,18.96,18.65,18.7,1808714,TRY
2017-06-28,18.7,18.9,18.67,18.88,1657883,TRY
2017-06-29,18.91,18.99,18.66,18.66,1594495,TRY
2017-06-30,18.69,18.86,18.62,18.77,1148193,TRY
2017-07-03,18.85,18.88,18.62,18.63,1245908,TRY
2017-07-04,18.68,18.88,18.66,18.8,1854035,TRY
2017-07-05,18.84,18.85,18.5,18.5,1271050,TRY
2017-07-06,18.5,18.64,18.28,18.58,1269237,TRY
2017-07-07,18.54,19.17,18.49,19.14,5321353,TRY
2017-07-10,19.25,20.82,19.23,20.68,10945784,TRY
2017-07-11,20.86,21.0,20.32,20.46,3777883,TRY
2017-07-12,20.54,21.44,20.54,21.0,3344031,TRY
2017-07-13,21.22,21.28,20.82,20.88,1353039,TRY
2017-07-14,20.98,21.6,20.94,21.26,3390386,TRY
2017-07-17,21.36,21.6,21.34,21.4,2070942,TRY
2017-07-18,21.5,21.56,21.02,21.12,1761670,TRY
2017-07-19,21.26,21.86,21.26,21.74,3742492,TRY
2017-07-20,21.82,21.86,21.28,21.36,1919846,TRY
2017-07-21,21.36,22.32,21.04,22.3,3257163,TRY
2017-07-24,22.4,22.86,22.32,22.68,3388380,TRY
2017-07-25,22.84,23.66,22.76,23.64,4133781,TRY
2017-07-26,23.76,24.28,23.76,23.98,3661238,TRY
2017-07-27,24.26,24.32,23.92,23.92,2055289,TRY
2017-07-28,24.1,24.54,24.0,24.34,2776969,TRY
2017-07-31,24.46,24.54,23.94,24.1,1410074,TRY
2017-08-01,24.16,24.56,23.34,23.48,3491075,TRY
2017-08-02,23.64,24.16,23.36,24.0,2641716,TRY
2017-08-03,24.08,24.4,24.06,24.4,1260454,TRY
2017-08-04,24.5,24.58,24.14,24.32,1411963,TRY
2017-08-07,24.5,25.06,24.4,25.04,2612736,TRY
2017-08-08,25.18,25.34,24.72,24.76,1775782,TRY
2017-08-09,24.68,24.86,24.48,24.6,1509823,TRY
2017-08-10,24.66,25.16,24.44,24.68,2323390,TRY
2017-08-11,24.5,24.86,24.06,24.5,2265969,TRY
2017-08-14,24.92,25.98,24.86,25.96,3178848,TRY
2017-08-15,26.5,26.88,24.96,25.2,3415429,TRY
2017-08-16,25.4,26.2,24.42,25.72,3866774,TRY
2017-08-17,26.2,26.48,25.74,26.46,3490064,TRY
2017-08-18,26.2,26.56,25.8,26.24,2168915,TRY
2017-08-21,26.36,26.84,26.14,26.82,2567543,TRY
2017-08-22,26.96,27.44,26.84,27.28,3128877,TRY
2017-08-23,27.4,27.94,27.1,27.86,2474529,TRY
2017-08-24,27.98,28.38,27.66,27.68,1696048,TRY
2017-08-25,28.02,28.36,27.8,28.24,1388881,TRY
2017-08-28,28.38,28.64,28.38,28.44,997693,TRY
2017-08-29,28.44,28.56,27.96,28.5,1036158,TRY
2017-08-31,28.48,28.48,28.04,28.04,448334,TRY
2017-09-05,28.18,28.42,27.74,27.74,1180834,TRY
2017-09-06,27.88,28.32,27.78,28.24,969435,TRY
2017-09-07,28.32,28.64,28.28,28.6,1185487,TRY
2017-09-08,28.64,28.98,28.52,28.92,1971498,TRY
2017-09-11,29.04,30.48,29.04,30.48,2055719,TRY
2017-09-12,30.6,30.78,29.96,30.3,1533983,TRY
2017-09-13,30.52,30.52,29.22,29.24,1246772,TRY
2017-09-14,29.54,29.68,27.56,27.6,6617805,TRY
2017-09-15,27.58,28.4,27.1,28.02,1969065,TRY
2017-09-18,28.24,28.3,26.26,26.26,2592484,TRY
2017-09-19,26.26,26.94,25.96,26.06,1866135,TRY
2017-09-20,26.3,26.88,26.18,26.68,1634044,TRY
2017-09-21,26.5,26.84,26.06,26.1,1096686,TRY
2017-09-22,26.2,26.44,26.02,26.22,879722,TRY
2017-09-25,26.0,26.16,24.2,24.58,1871497,TRY
2017-09-26,25.4,25.72,24.86,25.72,1455100,TRY
2017-09-27,25.68,25.82,24.8,24.8,1138973,TRY
2017-09-28,24.8,25.4,24.78,25.28,1011749,TRY
2017-09-29,25.4,25.46,24.92,24.92,1096565,TRY
2017-10-02,25.06,25.64,24.94,25.52,1096842,TRY
2017-10-03,25.58,26.4,25.44,26.08,1591438,TRY
2017-10-04,26.22,26.58,26.14,26.48,1678248,TRY
2017-10-05,26.5,26.94,25.98,26.0,1708173,TRY
2017-10-06,25.9,26.26,25.56,26.0,1440195,TRY
2017-10-09,23.22,24.66,22.32,24.38,1808828,TRY
2017-10-10,24.82,25.52,24.82,25.26,1215611,TRY
2017-10-11,25.26,26.8,24.88,26.44,2824909,TRY
2017-10-12,27.0,27.2,26.6,27.04,1510824,TRY
2017-10-13,27.1,27.28,26.86,26.9,1040867,TRY
2017-10-16,27.02,28.3,27.02,28.06,2233883,TRY
2017-10-17,28.22,29.04,28.22,28.82,2416599,TRY
2017-10-18,29.1,29.7,28.74,29.1,2176143,TRY
2017-10-19,29.22,29.84,29.22,29.84,1851158,TRY
2017-10-20,30.2,30.26,29.1,29.64,2395820,TRY
2017-10-23,29.78,29.78,29.1,29.28,1755684,TRY
2017-10-24,29.54,29.7,28.84,28.88,1253224,TRY
2017-10-25,28.92,30.22,28.92,30.12,2148953,TRY
2017-10-26,30.2,30.6,29.86,29.88,2289794,TRY
2017-10-27,29.86,30.3,29.58,30.0,1561378,TRY
2017-10-30,30.42,30.6,29.74,29.88,1179470,TRY
2017-10-31,30.08,30.42,29.76,29.94,2018479,TRY
2017-11-01,30.18,30.98,30.02,30.84,3297903,TRY
2017-11-02,31.22,31.72,30.82,31.0,2101362,TRY
2017-11-03,31.16,31.48,30.36,30.5,1541309,TRY
2017-11-06,30.86,32.9,30.54,31.62,2939955,TRY
2017-11-07,31.74,32.04,30.4,30.4,2420124,TRY
2017-11-08,30.7,30.86,29.14,29.98,2350881,TRY
2017-11-09,30.2,30.38,29.2,29.38,4293615,TRY
2017-11-10,29.0,29.22,27.4,27.5,3169949,TRY
2017-11-13,27.66,27.74,25.84,26.28,3326873,TRY
2017-11-14,26.54,27.96,26.16,27.72,2930420,TRY
2017-11-15,27.84,28.82,25.84,25.94,4629167,TRY
2017-11-16,26.24,26.64,25.0,25.64,2453722,TRY
2017-11-17,25.8,26.06,24.86,26.0,2111715,TRY
2017-11-20,26.08,26.46,24.7,24.82,2329261,TRY
2017-11-21,24.48,26.16,24.38,26.16,2677565,TRY
2017-11-22,26.04,26.98,25.78,26.98,3092421,TRY
2017-11-23,27.22,27.5,26.5,26.64,2316914,TRY
2017-11-24,26.56,26.78,25.9,26.64,1893575,TRY
2017-11-27,26.74,28.0,26.66,27.62,2799948,TRY
2017-11-28,27.62,28.5,25.94,26.0,3224366,TRY
2017-11-29,26.08,26.74,25.62,26.16,2828571,TRY
2017-11-30,26.38,26.96,26.16,26.52,2252615,TRY
2017-12-01,26.6,26.9,26.14,26.3,1933337,TRY
2017-12-04,26.3,28.1,26.3,28.0,2587675,TRY
2017-12-05,28.3,29.08,27.8,29.08,3708956,TRY
2017-12-06,29.38,29.4,28.68,29.08,2293652,TRY
2017-12-07,29.2,31.06,29.12,30.76,4311528,TRY
2017-12-08,30.82,31.58,30.28,31.12,3612378,TRY
2017-12-11,31.42,31.44,30.5,30.56,1498195,TRY
2017-12-12,30.56,30.86,29.16,30.6,3898714,TRY
2017-12-13,30.74,31.22,30.36,30.8,2787530,TRY
2017-12-14,31.0,31.92,30.9,31.76,2967732,TRY
2017-12-15,31.86,32.56,31.42,32.56,1937682,TRY
2017-12-18,32.98,33.1,32.4,32.82,1838864,TRY
2017-12-19,32.94,33.0,32.62,32.8,1330974,TRY
2017-12-20,32.6,33.0,32.2,32.88,1398923,TRY
2017-12-21,33.06,33.54,32.66,32.98,2181716,TRY
2017-12-22,33.02,33.2,31.84,32.2,1244331,TRY
2017-12-25,32.34,32.48,31.06,31.92,829562,TRY
2017-12-26,32.0,32.3,31.6,32.0,391188,TRY
2017-12-27,32.0,33.22,31.36,33.06,2344352,TRY
2017-12-28,33.2,33.94,33.0,33.74,1622329,TRY
2017-12-29,33.86,33.9,33.16,33.8,894556,TRY
2018-01-02,33.98,35.5,33.8,35.16,1667336,TRY
2018-01-03,35.3,36.04,34.66,36.0,2110328,TRY
2018-01-04,36.0,36.7,35.22,35.32,1501418,TRY
2018-01-05,35.48,36.34,35.48,36.1,1276334,TRY
2018-01-08,36.36,36.7,36.06,36.24,812984,TRY
2018-01-09,36.0,36.22,35.42,35.48,844013,TRY
2018-01-10,35.42,35.42,34.16,34.64,1136095,TRY
2018-01-11,34.86,35.84,34.62,35.7,978067,TRY
2018-01-12,36.0,36.24,34.62,34.78,885319,TRY
2018-01-15,33.78,34.7,32.84,32.86,2137042,TRY
2018-01-16,33.0,34.28,32.14,34.0,1741999,TRY
2018-01-17,34.12,34.86,33.68,34.44,1508031,TRY
2018-01-18,34.58,34.76,33.78,33.82,1127237,TRY
2018-01-19,33.86,34.28,33.04,33.06,934865,TRY
2018-01-22,33.14,33.6,32.86,33.56,712996,TRY
2018-01-23,33.9,34.2,33.6,33.72,987446,TRY
2018-01-24,33.94,34.06,33.36,33.44,635786,TRY
2018-01-25,33.44,33.52,32.54,32.7,807474,TRY
2018-01-26,32.72,33.28,32.32,32.48,842808,TRY
2018-01-29,32.62,34.04,32.62,33.92,1297321,TRY
2018-01-30,33.98,34.6,33.44,34.3,1628010,TRY
2018-01-31,34.4,36.26,34.4,35.72,2096699,TRY
2018-02-01,36.0,37.3,35.98,36.76,1833290,TRY
2018-02-02,36.76,36.92,36.22,36.46,711370,TRY
2018-02-05,36.3,37.0,35.96,36.5,1273542,TRY
2018-02-06,35.5,36.0,34.52,35.88,1259383,TRY
2018-02-07,36.12,36.46,35.1,35.12,1109248,TRY
2018-02-08,35.3,35.36,33.86,33.9,1094827,TRY
2018-02-09,33.22,34.8,33.12,34.58,1966647,TRY
2018-02-12,34.74,35.6,34.7,35.22,1597420,TRY
2018-02-13,35.38,35.72,34.08,34.08,1315810,TRY
2018-02-14,34.38,34.7,33.4,33.42,874126,TRY
2018-02-15,33.88,34.4,33.86,34.28,653789,TRY
2018-02-16,34.64,34.84,33.92,34.12,869769,TRY
2018-02-19,34.5,34.76,33.9,34.72,889418,TRY
2018-02-20,34.7,34.74,33.4,33.48,689356,TRY
2018-02-21,34.1,34.82,33.84,34.6,1142399,TRY
2018-02-22,34.56,35.46,34.42,35.08,1718268,TRY
2018-02-23,35.26,35.68,34.9,35.0,1205282,TRY
2018-02-26,35.3,36.0,35.12,36.0,1151390,TRY
2018-02-27,36.16,36.16,35.36,35.36,754699,TRY
2018-02-28,35.24,35.8,35.2,35.46,1294342,TRY
2018-03-01,35.3,35.56,34.44,34.82,1059659,TRY
2018-03-02,34.9,35.02,34.3,34.34,1144789,TRY
2018-03-05,34.38,36.1,34.38,35.64,1690735,TRY
2018-03-06,35.8,37.1,35.28,36.08,2557058,TRY
2018-03-07,36.08,36.5,35.26,35.4,1155084,TRY
2018-03-08,35.4,35.6,34.82,34.88,806721,TRY
2018-03-09,35.04,35.28,34.8,34.86,578304,TRY
2018-03-12,35.2,35.9,35.12,35.56,914542,TRY
2018-03-13,35.58,36.78,35.58,36.58,1457626,TRY
2018-03-14,36.62,38.0,36.6,37.34,1554763,TRY
2018-03-15,37.34,38.06,37.08,37.22,999034,TRY
2018-03-16,37.42,37.54,35.96,36.36,1065850,TRY
2018-03-19,36.5,36.5,35.16,35.42,708238,TRY
2018-03-20,35.72,36.54,35.52,36.1,1067749,TRY
2018-03-21,36.2,36.68,36.1,36.12,567237,TRY
2018-03-22,36.38,36.62,35.86,35.86,622753,TRY
2018-03-23,35.48,35.64,34.92,35.38,929002,TRY
2018-03-26,36.2,36.46,35.66,35.7,1226587,TRY
2018-03-27,36.08,36.24,35.0,35.0,1014188,TRY
2018-03-28,34.9,35.38,34.42,34.5,891885,TRY
2018-03-29,34.66,35.86,34.52,35.78,977438,TRY
2018-03-30,35.78,36.14,35.5,35.66,493840,TRY
2018-04-02,35.88,35.88,35.54,35.6,356080,TRY
2018-04-03,35.64,35.88,35.32,35.46,980274,TRY
2018-04-04,35.7,35.78,35.04,35.54,713106,TRY
2018-04-05,35.56,35.7,35.32,35.7,646742,TRY
2018-04-06,35.64,36.8,35.46,36.72,1463934,TRY
2018-04-09,36.88,37.26,35.52,35.94,1170257,TRY
2018-04-10,36.08,36.2,34.6,35.28,1057060,TRY
2018-04-11,35.18,35.54,32.6,33.98,1150024,TRY
2018-04-12,34.0,34.2,32.82,32.94,1907732,TRY
2018-04-13,33.16,33.5,31.7,32.08,1399348,TRY
2018-04-16,32.2,32.84,32.2,32.4,2572867,TRY
2018-04-17,32.72,33.1,30.7,31.1,2086080,TRY
2018-04-18,31.1,32.98,30.8,32.9,1898294,TRY
2018-04-19,33.1,33.22,32.58,32.64,996841,TRY
2018-04-20,32.82,32.82,31.32,31.32,1425057,TRY
2018-04-24,31.38,31.48,30.18,30.18,1152241,TRY
2018-04-25,31.1,31.1,29.12,29.7,1189692,TRY
2018-04-26,29.78,30.04,28.74,29.32,1150343,TRY
2018-04-27,29.4,30.28,29.34,29.7,870720,TRY
2018-04-30,29.78,30.12,28.08,28.2,804208,TRY
2018-05-02,28.24,28.48,27.34,28.1,1297960,TRY
2018-05-03,28.14,28.8,27.84,28.08,1142041,TRY
2018-05-04,28.02,28.3,27.24,27.42,1503243,TRY
2018-05-07,27.5,27.8,26.74,26.82,1101989,TRY
2018-05-08,26.86,27.24,26.1,26.12,1066178,TRY
2018-05-09,25.74,27.56,24.92,27.3,1758185,TRY
2018-05-10,27.42,27.94,25.6,27.64,1128609,TRY
2018-05-11,27.9,28.28,27.0,27.3,1168259,TRY
2018-05-14,27.3,28.16,27.22,27.82,714440,TRY
2018-05-15,27.72,28.16,27.38,27.6,819575,TRY
2018-05-16,27.6,27.78,26.72,27.08,939441,TRY
2018-05-17,27.2,27.94,27.2,27.54,823567,TRY
2018-05-18,27.6,27.92,27.52,27.7,528239,TRY
2018-05-21,27.66,27.86,27.12,27.24,790091,TRY
2018-05-22,27.46,27.58,26.4,26.58,950603,TRY
2018-05-23,26.42,26.5,25.44,25.46,935199,TRY
2018-05-24,26.2,26.2,23.8,23.86,1866331,TRY
2018-05-25,24.04,25.68,23.6,25.68,1996018,TRY
2018-05-28,26.22,27.16,26.22,27.16,1337834,TRY
2018-05-29,27.22,28.2,26.72,27.24,3036563,TRY
2018-05-30,27.16,28.3,27.08,27.54,2651976,TRY
2018-05-31,27.7,28.46,26.4,26.64,2607922,TRY
2018-06-01,26.86,26.88,25.0,26.04,2037428,TRY
2018-06-04,26.1,27.36,26.1,26.86,2095405,TRY
2018-06-05,26.94,27.32,25.8,25.84,1171300,TRY
2018-06-06,26.0,26.1,25.0,25.98,1436851,TRY
2018-06-07,26.0,26.34,25.36,26.08,1007019,TRY
2018-06-08,25.94,25.94,24.28,24.32,1013267,TRY
2018-06-11,24.38,25.1,23.54,24.86,1551991,TRY
2018-06-12,24.8,25.5,23.96,24.22,1232459,TRY
2018-06-13,24.0,24.84,23.78,23.92,1008576,TRY
2018-06-14,23.62,24.38,23.58,24.38,330686,TRY
2018-06-18,24.3,24.54,23.52,23.88,736832,TRY
2018-06-19,23.68,24.52,23.56,24.26,992054,TRY
2018-06-20,24.14,24.34,23.7,24.3,1030918,TRY
2018-06-21,24.3,24.68,24.2,24.44,910889,TRY
2018-06-22,24.5,25.0,24.04,24.56,1006547,TRY
2018-06-25,25.72,25.94,23.72,24.04,1490429,TRY
2018-06-26,24.1,24.3,23.54,23.88,1367766,TRY
2018-06-27,23.92,24.78,23.82,24.68,2258807,TRY
2018-06-28,24.66,24.84,24.32,24.42,1978171,TRY
2018-06-29,24.54,25.28,24.4,24.62,2424619,TRY
2018-07-02,24.58,25.6,24.46,25.3,2044792,TRY
2018-07-03,25.3,26.3,25.3,25.5,3485676,TRY
2018-07-04,25.56,26.42,25.28,25.86,2593184,TRY
2018-07-05,26.0,26.8,26.0,26.32,2446158,TRY
2018-07-06,26.44,26.66,25.92,26.0,2016985,TRY
2018-07-09,26.38,26.72,26.08,26.26,2308566,TRY
2018-07-10,25.62,26.4,25.18,25.18,2692688,TRY
2018-07-11,25.16,25.16,23.1,23.34,1997674,TRY
2018-07-12,23.4,23.92,22.5,23.22,2644804,TRY
2018-07-13,23.28,23.76,23.02,23.6,1319960,TRY
2018-07-16,24.0,24.44,23.74,24.12,1280980,TRY
2018-07-17,24.3,26.74,24.2,26.74,3390506,TRY
2018-07-18,26.76,27.88,26.46,27.18,3468105,TRY
2018-07-19,27.5,27.72,26.8,27.18,1753961,TRY
2018-07-20,27.3,27.5,26.96,27.2,1110721,TRY
2018-07-23,27.38,28.16,27.38,27.74,2048500,TRY
2018-07-24,27.98,28.46,26.98,27.38,2206156,TRY
2018-07-25,27.7,29.56,27.44,29.28,2475739,TRY
2018-07-26,29.4,29.82,28.5,28.72,1940242,TRY
2018-07-27,28.8,29.6,28.52,29.2,2010073,TRY
2018-07-30,29.26,29.7,28.54,28.7,1801875,TRY
2018-07-31,28.76,29.34,28.56,28.88,2002460,TRY
2018-08-01,28.94,30.28,28.62,30.04,2336327,TRY
2018-08-02,29.5,29.72,28.96,29.04,2168448,TRY
2018-08-03,29.18,30.54,29.16,30.1,1913675,TRY
2018-08-06,30.04,31.16,29.9,30.1,1865737,TRY
2018-08-07,30.4,31.04,30.32,31.0,1277029,TRY
2018-08-08,31.1,31.8,30.76,30.8,1496146,TRY
2018-08-09,30.2,31.44,30.2,30.28,2872276,TRY
2018-08-10,30.18,30.4,25.78,29.1,4082539,TRY
2018-08-13,28.9,29.46,24.92,26.6,6036159,TRY
2018-08-14,28.7,28.72,26.4,26.7,4018427,TRY
2018-08-15,27.64,27.7,24.6,24.72,3772092,TRY
2018-08-16,25.3,25.4,23.2,23.4,2995971,TRY
2018-08-17,23.36,23.36,21.18,22.24,5082942,TRY
2018-08-20,22.34,23.86,22.34,23.44,1494329,TRY
2018-08-27,24.22,24.4,23.8,24.0,2289467,TRY
2018-08-28,24.16,24.72,23.9,24.66,2418494,TRY
2018-08-29,24.62,24.62,24.06,24.1,1984584,TRY
2018-08-31,24.02,24.14,23.56,23.84,1566416,TRY
2018-09-03,23.8,25.98,23.6,25.68,3981425,TRY
2018-09-04,25.84,26.32,25.28,25.4,3290870,TRY
2018-09-05,25.4,26.74,25.4,26.7,3363871,TRY
2018-09-06,26.96,27.6,26.78,26.86,2254847,TRY
2018-09-07,27.0,27.3,26.26,26.78,1803937,TRY
2018-09-10,26.86,27.0,25.94,25.94,1358038,TRY
2018-09-11,26.0,26.76,26.0,26.72,2236311,TRY
2018-09-12,26.82,27.26,25.8,25.98,3337278,TRY
2018-09-13,26.1,26.64,25.18,26.52,3014453,TRY
2018-09-14,26.7,26.86,26.1,26.28,1560129,TRY
2018-09-17,26.26,26.74,26.24,26.44,1113478,TRY
2018-09-18,26.46,27.18,26.46,26.8,2753978,TRY
2018-09-19,27.02,27.2,27.0,27.14,1783874,TRY
2018-09-20,27.18,27.24,26.38,26.42,2028436,TRY
2018-09-21,26.5,26.88,26.48,26.84,1324010,TRY
2018-09-24,26.96,27.8,26.74,27.7,4410250,TRY
2018-09-25,27.82,28.26,27.36,27.48,3485077,TRY
2018-09-26,27.62,27.96,27.38,27.62,1232235,TRY
2018-09-27,27.7,28.14,27.64,27.86,2520394,TRY
2018-09-28,27.9,27.96,26.96,27.08,3227665,TRY
2018-10-01,27.2,27.5,26.6,26.6,1765086,TRY
2018-10-02,26.66,26.72,25.74,25.78,1970004,TRY
2018-10-03,25.78,26.46,25.58,25.58,1978955,TRY
2018-10-04,25.6,25.72,23.98,24.08,2027519,TRY
2018-10-05,24.1,24.66,23.86,24.64,2361622,TRY
2018-10-08,24.6,25.12,24.1,24.92,1914682,TRY
2018-10-09,25.0,25.3,24.5,24.58,1837060,TRY
2018-10-10,24.8,24.8,23.46,23.46,1715517,TRY
2018-10-11,23.38,24.12,23.1,23.82,1972435,TRY
2018-10-12,24.2,24.84,23.78,24.82,2928704,TRY
2018-10-15,25.16,25.66,25.14,25.54,2187228,TRY
2018-10-16,25.26,25.26,24.26,24.48,4236956,TRY
2018-10-17,24.62,24.7,23.08,23.2,4466368,TRY
2018-10-18,23.22,23.82,22.7,22.8,2724306,TRY
2018-10-19,23.0,23.04,22.06,22.1,2292361,TRY
2018-10-22,22.2,22.64,21.42,21.66,1997039,TRY
2018-10-23,21.58,21.58,20.64,21.3,2461440,TRY
2018-10-24,21.44,22.02,21.44,21.68,1763040,TRY
2018-10-25,21.4,22.28,21.16,22.28,1450646,TRY
2018-10-26,22.38,22.44,21.5,21.5,1421055,TRY
2018-10-30,21.54,22.08,20.46,20.64,1920966,TRY
2018-10-31,20.86,21.04,19.96,20.04,1564967,TRY
2018-11-01,20.04,20.94,19.81,20.9,1805105,TRY
2018-11-02,21.2,22.38,20.84,22.3,2341298,TRY
2018-11-05,22.34,22.8,21.86,22.8,1928568,TRY
2018-11-06,22.82,23.42,22.24,22.54,2164263,TRY
2018-11-07,22.62,23.2,22.5,23.08,1590942,TRY
2018-11-08,23.2,23.38,22.22,22.22,1767959,TRY
2018-11-09,22.28,22.76,21.98,22.54,1705300,TRY
2018-11-12,22.72,23.06,22.3,22.46,2128340,TRY
2018-11-13,22.32,23.14,22.24,23.08,2904471,TRY
2018-11-14,23.18,23.72,23.16,23.32,4062394,TRY
2018-11-15,23.4,23.52,22.76,23.12,2224168,TRY
2018-11-16,23.22,23.62,23.22,23.28,1208836,TRY
2018-11-19,23.3,23.76,23.28,23.54,1447032,TRY
2018-11-20,23.5,23.54,22.46,22.6,1542309,TRY
2018-11-21,22.7,23.12,22.6,22.88,1775059,TRY
2018-11-22,22.88,22.94,22.52,22.58,1227307,TRY
2018-11-23,22.6,23.9,22.6,23.7,3324841,TRY
2018-11-26,23.8,24.62,23.74,24.26,3309717,TRY
2018-11-27,24.38,24.76,24.1,24.72,2257545,TRY
2018-11-28,24.72,25.56,24.62,25.44,2570609,TRY
2018-11-29,25.8,25.86,24.94,25.06,2116790,TRY
2018-11-30,25.02,25.4,24.8,25.3,1284962,TRY
2018-12-03,25.44,25.58,24.18,24.5,1834208,TRY
2018-12-04,24.5,24.68,23.64,23.78,1516880,TRY
2018-12-05,23.7,24.68,23.32,24.48,1786494,TRY
2018-12-06,24.4,24.7,23.94,24.6,1442534,TRY
2018-12-07,24.7,24.94,24.0,24.36,1222996,TRY
2018-12-10,24.36,24.92,24.1,24.44,1047333,TRY
2018-12-11,24.42,24.64,23.98,24.2,1006736,TRY
2018-12-12,23.9,23.96,22.58,22.58,2199151,TRY
2018-12-13,22.64,23.16,21.96,22.32,1774572,TRY
2018-12-14,22.3,22.34,21.6,21.7,1375493,TRY
2018-12-17,21.8,22.02,21.4,21.42,962994,TRY
2018-12-18,21.42,22.34,21.42,22.34,1413161,TRY
2018-12-19,22.44,23.1,22.42,23.08,1958797,TRY
2018-12-20,22.74,23.26,22.44,23.08,2139784,TRY
2018-12-21,23.16,23.52,22.76,23.28,1446025,TRY
2018-12-24,23.34,23.7,23.1,23.16,1119623,TRY
2018-12-25,23.16,23.4,23.06,23.08,558513,TRY
2018-12-26,23.16,23.3,22.88,23.02,452450,TRY
2018-12-27,23.3,23.44,23.04,23.08,933955,TRY
2018-12-28,23.18,23.24,22.74,22.86,935177,TRY
2018-12-31,22.92,23.1,22.72,22.92,560200,TRY
2019-01-02,22.92,23.0,22.26,22.3,1147785,TRY
2019-01-03,22.12,22.64,21.44,21.5,1248303,TRY
2019-01-04,21.72,21.86,21.38,21.72,915551,TRY
2019-01-07,21.84,22.26,21.72,21.74,1283609,TRY
2019-01-08,21.8,21.84,21.52,21.76,891539,TRY
2019-01-09,21.84,22.08,21.72,21.72,1002745,TRY
2019-01-10,21.82,22.44,21.74,22.1,2333466,TRY
2019-01-11,22.2,22.46,22.14,22.26,1605883,TRY
2019-01-14,22.0,23.08,21.74,22.88,2058169,TRY
2019-01-15,23.02,23.18,22.58,23.06,1586816,TRY
2019-01-16,23.12,23.36,22.78,23.28,1726801,TRY
2019-01-17,23.34,23.96,23.24,23.78,1811986,TRY
2019-01-18,23.8,24.6,23.8,24.44,1418569,TRY
2019-01-21,24.44,25.64,24.34,24.6,2805618,TRY
2019-01-22,24.62,25.9,24.62,25.9,3015628,TRY
2019-01-23,26.02,28.2,26.0,28.2,6318589,TRY
2019-01-24,28.22,29.6,27.58,28.0,4681913,TRY
2019-01-25,28.0,29.0,27.74,28.34,2172405,TRY
2019-01-28,28.42,29.54,28.42,29.34,2550820,TRY
2019-01-29,29.5,29.96,29.18,29.72,1768156,TRY
2019-01-30,29.74,30.06,29.26,30.02,2148577,TRY
2019-01-31,30.18,30.98,29.88,30.32,1701927,TRY
2019-02-01,30.48,30.52,28.86,29.12,1312434,TRY
2019-02-04,29.18,29.84,28.9,29.5,974539,TRY
2019-02-05,29.6,30.36,29.3,29.52,1543007,TRY
2019-02-06,29.82,29.9,28.68,29.62,1333399,TRY
2019-02-07,29.7,29.9,29.06,29.64,1417831,TRY
2019-02-08,29.48,29.8,29.22,29.42,724401,TRY
2019-02-11,29.8,30.16,29.62,30.04,1678350,TRY
2019-02-12,30.12,30.26,28.86,29.14,1991302,TRY
2019-02-13,29.2,29.44,28.66,28.92,1238141,TRY
2019-02-14,28.92,29.3,28.34,29.1,1147329,TRY
2019-02-15,28.98,29.12,28.38,28.72,1024519,TRY
2019-02-18,28.72,28.82,27.94,28.0,695297,TRY
2019-02-19,27.8,28.0,27.0,27.74,959425,TRY
2019-02-20,27.78,28.4,27.68,28.4,1146038,TRY
2019-02-21,28.36,29.08,28.26,28.82,1032633,TRY
2019-02-22,29.02,30.08,28.72,29.76,898433,TRY
2019-02-25,29.92,30.96,29.54,29.68,1395895,TRY
2019-02-26,29.8,30.5,29.66,30.0,1134846,TRY
2019-02-27,30.0,30.24,28.6,28.66,776733,TRY
2019-02-28,28.78,29.78,28.78,29.5,1064852,TRY
2019-03-01,29.48,29.76,28.68,29.0,936308,TRY
2019-03-04,29.02,29.56,27.78,28.04,1278780,TRY
2019-03-05,28.12,30.0,27.62,29.9,2312420,TRY
2019-03-06,29.9,30.44,29.48,30.24,1935084,TRY
2019-03-07,30.1,32.26,29.6,30.98,3391120,TRY
2019-03-08,30.98,31.7,29.94,30.04,1935882,TRY
2019-03-11,30.12,30.64,29.04,29.04,1615792,TRY
2019-03-12,29.4,29.58,28.96,28.96,971672,TRY
2019-03-13,29.0,29.1,27.84,28.04,1762855,TRY
2019-03-14,28.04,29.36,28.02,29.22,1549478,TRY
2019-03-15,29.32,30.2,29.32,30.2,1205142,TRY
2019-03-18,30.34,31.8,30.34,31.52,1697903,TRY
2019-03-19,31.5,31.66,30.6,30.78,1325387,TRY
2019-03-20,30.8,31.36,29.88,29.9,1186098,TRY
2019-03-21,30.28,30.4,29.18,29.24,1614224,TRY
2019-03-22,29.4,29.8,27.6,27.7,1966462,TRY
2019-03-25,27.86,28.66,27.1,28.54,1742119,TRY
2019-03-26,28.66,28.98,27.04,27.4,2362720,TRY
2019-03-27,27.6,27.68,25.14,26.2,2361400,TRY
2019-03-28,26.14,26.84,25.08,26.32,1766395,TRY
2019-03-29,26.3,27.28,26.14,27.2,1318296,TRY
2019-04-01,27.5,28.46,26.3,28.24,1690850,TRY
2019-04-02,28.0,29.22,27.68,28.5,1537535,TRY
2019-04-03,28.7,29.9,28.7,29.38,3009186,TRY
2019-04-04,29.5,29.76,29.04,29.62,1835098,TRY
2019-04-05,29.66,30.0,29.0,29.56,1897234,TRY
2019-04-08,29.52,29.66,28.2,28.54,1689193,TRY
2019-04-09,28.92,29.28,28.36,28.62,1088272,TRY
2019-04-10,28.66,29.06,28.3,28.94,1034070,TRY
2019-04-11,28.98,29.38,28.6,29.22,1115617,TRY
2019-04-12,29.04,29.9,28.88,29.72,1165165,TRY
2019-04-15,29.76,29.92,29.24,29.38,1141154,TRY
2019-04-16,29.52,30.62,29.5,30.32,2233036,TRY
2019-04-17,30.58,30.64,29.9,30.34,1432216,TRY
2019-04-18,30.34,30.54,29.84,30.1,736910,TRY
2019-04-19,30.16,30.24,30.06,30.16,197016,TRY
2019-04-22,29.88,29.94,29.6,29.76,277110,TRY
2019-04-24,29.7,30.34,29.7,29.94,899682,TRY
2019-04-25,30.1,30.16,28.76,29.0,1369420,TRY
2019-04-26,29.04,29.5,28.44,29.32,1268959,TRY
2019-04-29,29.32,30.32,29.16,30.14,1085552,TRY
2019-04-30,30.24,30.92,29.82,30.92,1270345,TRY
2019-05-02,30.92,31.62,30.3,30.38,997677,TRY
2019-05-03,30.46,30.74,30.08,30.74,731231,TRY
2019-05-06,30.4,30.68,29.86,30.52,749613,TRY
2019-05-07,29.78,30.5,29.4,30.02,770833,TRY
2019-05-08,30.12,30.3,28.94,28.98,1058378,TRY
2019-05-09,29.02,29.5,28.66,28.96,891647,TRY
2019-05-10,29.4,29.5,28.26,28.5,884434,TRY
2019-05-13,28.5,30.14,28.0,29.6,2384332,TRY
2019-05-14,29.8,30.18,29.28,29.66,1002544,TRY
2019-05-15,29.66,30.4,29.34,29.5,1587164,TRY
2019-05-16,29.54,30.16,29.3,29.38,1005496,TRY
2019-05-17,29.26,29.26,28.66,28.86,693006,TRY
2019-05-20,28.86,29.6,28.4,29.4,686177,TRY
2019-05-21,29.3,29.9,28.52,28.92,1245579,TRY
2019-05-22,28.62,29.2,27.7,27.9,1490865,TRY
2019-05-23,27.5,28.7,27.5,28.68,1753786,TRY
2019-05-24,28.74,29.66,28.74,29.6,1014734,TRY
2019-05-27,29.98,30.46,29.7,30.3,1380272,TRY
2019-05-28,30.4,31.58,30.4,31.58,1639823,TRY
2019-05-29,31.6,32.48,31.12,31.56,2398119,TRY
2019-05-30,31.8,34.1,31.8,33.9,3320342,TRY
2019-05-31,33.9,35.3,33.24,35.2,2240280,TRY
2019-06-03,35.2,35.98,34.86,35.58,870958,TRY
2019-06-07,35.58,37.34,35.38,37.2,1287497,TRY
2019-06-10,37.1,37.8,36.2,37.0,1785809,TRY
2019-06-11,36.96,37.34,35.54,36.3,1421336,TRY
2019-06-12,36.3,37.68,36.18,37.3,1760283,TRY
2019-06-13,37.28,37.28,35.88,36.6,1061284,TRY
2019-06-14,36.66,38.42,36.66,38.02,1889210,TRY
2019-06-17,38.02,39.7,37.8,39.54,1569934,TRY
2019-06-18,39.5,41.08,39.5,40.7,2062002,TRY
2019-06-19,40.66,42.34,40.54,41.26,3193050,TRY
2019-06-20,41.78,42.6,39.14,40.1,2844549,TRY
2019-06-21,40.26,40.6,38.8,39.1,1434485,TRY
2019-06-24,39.6,39.7,38.3,38.36,1990640,TRY
2019-06-25,38.44,40.02,38.22,39.86,1527772,TRY
2019-06-26,40.08,41.12,39.84,39.96,2068308,TRY
2019-06-27,40.58,42.44,40.58,42.42,2698650,TRY
2019-06-28,42.7,45.7,42.7,45.6,3752203,TRY
2019-07-01,47.0,47.2,43.56,43.8,2339005,TRY
2019-07-02,43.8,44.78,43.3,44.4,1544894,TRY
2019-07-03,44.52,46.68,44.5,46.4,2789211,TRY
2019-07-04,46.6,47.62,45.1,47.16,2143216,TRY
2019-07-05,47.38,47.66,45.86,46.52,1794159,TRY
2019-07-08,45.9,47.92,45.6,47.64,2481311,TRY
2019-07-09,47.96,48.38,45.7,46.38,2151711,TRY
2019-07-10,46.38,48.26,45.56,48.24,2333152,TRY
2019-07-11,48.26,48.92,47.3,47.66,1464837,TRY
2019-07-12,47.0,47.8,45.46,45.94,1889558,TRY
2019-07-16,46.3,48.14,46.3,48.02,1783708,TRY
2019-07-17,48.22,48.62,47.38,47.92,1419949,TRY
2019-07-18,47.9,48.42,47.68,47.98,1032192,TRY
2019-07-19,48.4,53.2,48.06,50.4,2395967,TRY
2019-07-22,50.4,50.6,49.24,49.3,1334616,TRY
2019-07-23,49.42,49.76,48.24,48.72,1727458,TRY
2019-07-24,48.86,48.86,47.54,48.46,1581447,TRY
2019-07-25,48.5,49.36,47.3,47.34,2304176,TRY
2019-07-26,47.56,47.8,46.8,46.94,1206023,TRY
2019-07-29,47.1,47.22,45.94,46.22,1421065,TRY
2019-07-30,46.26,47.6,45.88,47.44,1783320,TRY
2019-07-31,47.62,48.56,47.16,47.52,2121003,TRY
2019-08-01,47.28,48.7,47.28,48.56,1246188,TRY
2019-08-02,48.64,49.1,47.62,48.46,973974,TRY
2019-08-05,48.4,49.58,48.16,49.0,907900,TRY
2019-08-06,49.2,49.36,47.74,48.66,1061606,TRY
2019-08-07,48.84,49.28,46.72,48.7,2290266,TRY
2019-08-08,48.8,49.18,47.58,47.72,1247387,TRY
2019-08-09,49.42,56.75,49.42,54.8,7502965,TRY
2019-08-15,54.4,60.2,54.25,60.2,5492622,TRY
2019-08-16,60.8,62.0,57.7,60.45,4904921,TRY
2019-08-19,60.4,62.8,58.65,62.7,3740333,TRY
2019-08-20,62.95,65.15,60.45,61.5,4365846,TRY
2019-08-21,61.2,64.95,60.6,64.45,3530910,TRY
2019-08-22,64.95,70.0,62.95,68.25,7012846,TRY
2019-08-23,68.85,70.7,67.7,69.3,4291873,TRY
2019-08-26,68.5,70.55,67.55,70.0,2554565,TRY
2019-08-27,69.75,71.45,68.5,71.1,2996980,TRY
2019-08-28,71.65,72.2,69.65,70.5,2958869,TRY
2019-08-29,70.8,71.4,67.75,70.9,5192980,TRY
2019-09-02,71.25,72.35,70.3,71.4,1275772,TRY
2019-09-03,71.4,71.4,65.45,67.05,4927534,TRY
2019-09-04,67.1,70.5,60.45,69.2,4457256,TRY
2019-09-05,69.7,69.85,65.65,66.7,2903854,TRY
2019-09-06,67.0,68.05,65.65,65.95,2465929,TRY
2019-09-09,66.4,66.9,62.25,62.5,6028166,TRY
2019-09-10,62.75,64.3,61.65,62.0,2949527,TRY
2019-09-11,62.5,65.35,61.7,65.3,3103485,TRY
2019-09-12,65.45,66.0,62.6,62.85,2696899,TRY
2019-09-13,63.2,63.3,61.1,61.7,2482193,TRY
2019-09-16,60.55,61.05,58.0,58.1,3117963,TRY
2019-09-17,58.35,58.9,54.15,57.05,7046715,TRY
2019-09-18,57.0,60.6,55.2,60.1,5153752,TRY
2019-09-19,60.05,60.75,58.75,59.55,2610381,TRY
2019-09-20,59.75,62.55,59.3,61.35,3633251,TRY
2019-09-23,61.3,61.9,58.8,60.65,3377721,TRY
2019-09-24,61.35,62.6,60.8,61.95,2281034,TRY
2019-09-25,61.85,62.45,61.1,62.05,1935828,TRY
2019-09-26,62.2,62.4,59.4,60.45,2996198,TRY
2019-09-27,60.55,62.9,60.55,62.15,3070238,TRY
2019-09-30,62.65,62.85,60.65,60.7,2547040,TRY
2019-10-01,60.8,62.25,60.1,60.2,2241448,TRY
2019-10-02,60.3,61.8,59.75,60.25,2292928,TRY
2019-10-03,60.65,61.6,59.85,60.05,2008380,TRY
2019-10-04,60.4,61.4,60.15,61.1,1802156,TRY
2019-10-07,61.15,62.8,60.15,61.6,2795490,TRY
2019-10-08,61.1,61.7,58.85,59.55,3636655,TRY
2019-10-09,59.55,61.05,59.55,59.95,2652334,TRY
2019-10-10,60.3,60.65,58.95,59.7,2140634,TRY
2019-10-11,60.0,61.65,59.95,61.65,1540409,TRY
2019-10-14,61.35,61.35,55.8,56.45,3439650,TRY
2019-10-15,58.4,59.45,56.5,59.05,3002227,TRY
2019-10-16,58.1,59.05,57.5,58.65,1251731,TRY
2019-10-17,58.7,62.55,58.7,61.15,3254320,TRY
2019-10-18,63.0,63.9,62.15,62.95,2626724,TRY
2019-10-21,63.25,65.85,62.55,65.25,3008242,TRY
2019-10-22,65.45,67.65,64.5,67.6,3146831,TRY
2019-10-23,68.25,68.6,66.95,67.4,2752421,TRY
2019-10-24,67.75,69.25,66.5,66.7,3002173,TRY
2019-10-25,66.7,67.45,66.2,67.0,1318109,TRY
2019-10-28,66.9,67.2,65.4,65.4,683957,TRY
2019-10-30,65.0,66.45,64.95,65.3,1877761,TRY
2019-10-31,65.8,66.9,65.75,66.05,1722593,TRY
2019-11-01,66.3,66.65,63.5,63.65,1957654,TRY
2019-11-04,63.85,65.55,63.0,63.4,2404400,TRY
2019-11-05,63.6,63.85,60.95,61.0,3078035,TRY
2019-11-06,61.0,62.95,60.8,62.35,2472622,TRY
2019-11-07,62.8,63.3,61.6,62.4,2464845,TRY
2019-11-08,62.6,65.0,62.6,65.0,3115500,TRY
2019-11-11,65.2,66.3,65.0,66.1,2260053,TRY
2019-11-12,67.8,72.75,66.45,71.1,11040123,TRY
2019-11-13,71.5,76.5,71.0,76.0,7720438,TRY
2019-11-14,76.0,77.55,73.8,74.7,5238135,TRY
2019-11-15,75.4,76.95,74.45,74.95,4685064,TRY
2019-11-18,75.7,77.4,75.05,76.85,2904838,TRY
2019-11-19,77.3,78.75,75.6,75.95,4297168,TRY
2019-11-20,75.95,78.45,75.25,76.15,4006757,TRY
2019-11-21,76.25,77.6,75.85,76.25,2274518,TRY
2019-11-22,76.6,77.3,74.45,75.55,2536094,TRY
2019-11-25,76.0,76.1,73.75,74.0,2059155,TRY
2019-11-26,73.95,76.1,73.9,76.1,2630927,TRY
2019-11-27,76.15,76.35,74.15,74.35,2318731,TRY
2019-11-28,74.55,74.9,73.2,73.7,1688390,TRY
2019-11-29,73.85,74.45,72.5,72.55,1930185,TRY
2019-12-02,72.5,74.05,72.5,73.75,1588585,TRY
2019-12-03,73.5,75.55,73.3,74.15,2252844,TRY
2019-12-04,74.5,74.8,73.05,73.85,1597176,TRY
2019-12-05,73.9,74.2,72.7,72.7,1091865,TRY
2019-12-06,73.0,75.55,72.8,74.85,2477868,TRY
2019-12-09,74.85,75.95,74.45,74.95,1402905,TRY
2019-12-10,76.2,78.55,75.45,78.3,3843808,TRY
2019-12-11,78.5,81.8,77.5,81.7,4310350,TRY
2019-12-12,82.05,83.95,80.25,81.05,3630116,TRY
2019-12-13,81.3,82.0,79.1,79.6,2425434,TRY
2019-12-16,79.75,83.25,79.75,82.7,2309836,TRY
2019-12-17,83.0,83.35,81.1,82.2,1835883,TRY
2019-12-18,82.2,83.0,80.9,81.8,1485980,TRY
2019-12-19,82.0,83.4,81.95,82.8,1356706,TRY
2019-12-20,83.05,83.75,82.3,83.1,1832362,TRY
2019-12-23,83.3,85.25,83.2,84.8,1331955,TRY
2019-12-24,85.2,85.3,83.9,84.85,976095,TRY
2019-12-25,84.7,85.0,84.35,84.65,336074,TRY
2019-12-26,84.6,85.0,83.85,84.7,519079,TRY
2019-12-27,84.85,85.1,84.15,84.75,576384,TRY
2019-12-30,84.75,85.3,84.35,84.55,536246,TRY
2019-12-31,84.65,86.6,84.45,86.4,1734767,TRY
