Date,Open,High,Low,Close,Volume,Currency
2011-03-08,5.03,5.11,4.97,5.09,2009570,TRY
2011-03-09,5.11,5.18,5.07,5.16,3177034,TRY
2011-03-10,5.13,5.37,5.09,5.24,4815777,TRY
2011-03-11,5.2,5.28,5.16,5.26,3120713,TRY
2011-03-14,5.28,5.43,5.26,5.33,4913300,TRY
2011-03-15,5.22,5.28,5.03,5.2,2882292,TRY
2011-03-16,5.26,5.31,5.09,5.13,2741041,TRY
2011-03-17,5.14,5.35,5.13,5.26,1651550,TRY
2011-03-18,5.3,5.52,5.13,5.35,7737582,TRY
2011-03-21,5.31,5.37,5.24,5.31,1009712,TRY
2011-03-22,5.33,5.41,5.3,5.35,1798740,TRY
2011-03-23,5.35,5.41,5.24,5.28,932459,TRY
2011-03-24,5.28,5.37,5.24,5.37,1397932,TRY
2011-03-25,5.39,5.41,5.31,5.33,977212,TRY
2011-03-28,5.35,5.48,5.31,5.48,3426647,TRY
2011-03-29,5.48,5.54,5.43,5.5,2101018,TRY
2011-03-30,5.54,5.6,5.46,5.6,4069059,TRY
2011-03-31,5.62,5.77,5.62,5.71,9512557,TRY
2011-04-01,5.71,5.95,5.65,5.95,5337177,TRY
2011-04-04,5.95,5.99,5.86,5.95,3198536,TRY
2011-04-05,5.95,6.01,5.88,5.9,1488686,TRY
2011-04-06,5.92,5.95,5.84,5.88,1228430,TRY
2011-04-07,5.9,5.95,5.86,5.9,2050187,TRY
2011-04-08,5.92,5.94,5.8,5.82,937708,TRY
2011-04-11,5.82,5.82,5.67,5.77,1608841,TRY
2011-04-12,5.71,5.8,5.71,5.79,2431606,TRY
2011-04-13,5.79,5.88,5.77,5.79,1825130,TRY
2011-04-14,5.8,5.82,5.73,5.75,520985,TRY
2011-04-15,5.77,5.82,5.73,5.79,1537645,TRY
2011-04-18,5.79,5.84,5.58,5.63,1479926,TRY
2011-04-19,5.69,5.84,5.69,5.84,1595847,TRY
2011-04-20,5.88,5.94,5.86,5.88,1701294,TRY
2011-04-21,5.9,5.97,5.86,5.92,2416302,TRY
2011-04-22,5.94,5.99,5.92,5.99,1191629,TRY
2011-04-25,6.01,6.11,5.99,6.07,4258800,TRY
2011-04-26,6.11,6.11,5.99,6.01,1116983,TRY
2011-04-27,6.03,6.07,5.92,5.95,1554429,TRY
2011-04-28,6.03,6.03,5.92,6.03,2052667,TRY
2011-04-29,6.05,6.16,5.97,6.16,3236297,TRY
2011-05-02,6.2,6.24,6.14,6.22,5844804,TRY
2011-05-03,6.2,6.29,6.18,6.29,3117383,TRY
2011-05-04,6.29,6.31,6.24,6.28,2340521,TRY
2011-05-05,6.24,6.28,6.22,6.22,1273001,TRY
2011-05-06,6.2,6.24,6.14,6.18,1283868,TRY
2011-05-09,6.2,6.26,6.14,6.2,2397984,TRY
2011-05-10,6.18,6.24,6.03,6.07,679678,TRY
2011-05-11,6.07,6.09,5.86,5.86,1407803,TRY
2011-05-12,5.84,5.92,5.8,5.9,1988561,TRY
2011-05-13,5.94,5.94,5.54,5.58,2167224,TRY
2011-05-16,5.56,5.58,5.41,5.58,1841476,TRY
2011-05-17,5.6,5.69,5.56,5.6,1593412,TRY
2011-05-18,5.62,5.65,5.45,5.52,1469005,TRY
2011-05-20,5.5,5.56,5.37,5.5,2304014,TRY
2011-05-23,5.46,5.58,5.41,5.56,1083814,TRY
2011-05-24,5.56,5.65,5.5,5.63,809223,TRY
2011-05-25,5.6,5.77,5.56,5.69,1773585,TRY
2011-05-26,5.71,5.75,5.62,5.67,903963,TRY
2012-07-13,6.42,6.46,6.36,6.46,265823,TRY
2012-07-16,6.44,6.5,6.4,6.42,116515,TRY
2012-07-17,6.44,6.5,6.4,6.46,222047,TRY
2012-07-18,6.5,6.56,6.46,6.54,898112,TRY
2012-07-19,6.6,6.84,6.6,6.78,1970123,TRY
2012-07-20,6.76,6.8,6.7,6.72,406508,TRY
2012-07-23,6.72,6.72,6.56,6.56,235551,TRY
2012-07-24,6.6,6.7,6.58,6.66,403092,TRY
2012-07-25,6.66,6.8,6.56,6.74,521330,TRY
2012-07-26,6.74,6.8,6.64,6.8,1306130,TRY
2012-07-27,6.8,6.84,6.76,6.82,797327,TRY
2012-07-30,6.82,6.96,6.82,6.96,628854,TRY
2012-07-31,6.96,6.96,6.88,6.88,317379,TRY
2012-08-01,6.88,6.9,6.74,6.84,532729,TRY
2012-08-02,6.84,6.88,6.76,6.82,428829,TRY
2012-08-03,6.78,6.92,6.78,6.92,342073,TRY
2012-08-06,6.9,6.96,6.84,6.88,455926,TRY
2012-09-10,6.98,7.0,6.92,6.94,503549,TRY
2012-09-11,6.92,6.98,6.88,6.88,426824,TRY
2012-09-12,6.94,6.94,6.88,6.92,360549,TRY
2012-09-13,6.92,6.92,6.66,6.68,531176,TRY
2012-09-14,6.76,6.76,6.68,6.68,494513,TRY
2012-09-17,6.66,6.74,6.62,6.72,557237,TRY
2012-09-18,6.76,6.76,6.64,6.74,1062016,TRY
2012-09-19,6.74,6.74,6.6,6.64,480769,TRY
2012-09-20,6.64,6.64,6.52,6.62,716844,TRY
2012-09-21,6.62,6.7,6.62,6.7,436988,TRY
2012-09-24,6.66,6.68,6.6,6.62,390629,TRY
2012-09-25,6.6,6.66,6.6,6.64,447582,TRY
2012-09-26,6.62,6.72,6.62,6.62,562401,TRY
2012-09-27,6.66,6.7,6.6,6.6,338525,TRY
2012-09-28,6.64,6.64,6.5,6.52,336275,TRY
2012-10-01,6.56,6.56,6.48,6.52,263507,TRY
2012-10-02,6.52,6.58,6.5,6.52,516099,TRY
2012-10-03,6.5,6.56,6.44,6.44,1350409,TRY
2012-10-04,6.4,6.44,6.26,6.34,853703,TRY
2012-10-05,6.36,6.5,6.34,6.46,768240,TRY
2012-10-08,6.46,6.46,6.32,6.36,388579,TRY
2012-10-09,6.36,6.54,6.36,6.5,1924918,TRY
2012-10-10,6.46,6.48,6.4,6.48,346224,TRY
2012-10-11,6.48,6.54,6.44,6.5,1040889,TRY
2012-10-12,6.52,6.6,6.5,6.6,985200,TRY
2012-10-15,6.6,6.64,6.54,6.56,581023,TRY
2012-10-16,6.62,6.66,6.52,6.56,735279,TRY
2012-10-17,6.56,6.56,6.46,6.46,849925,TRY
2012-10-18,6.48,6.48,6.34,6.34,875973,TRY
2012-10-19,6.36,6.42,6.3,6.32,807176,TRY
2012-10-22,6.32,6.38,6.3,6.32,456659,TRY
2012-10-23,6.32,6.4,6.3,6.4,468048,TRY
2012-10-24,6.38,6.4,6.36,6.36,180003,TRY
2012-10-30,6.36,6.46,6.36,6.46,985644,TRY
2012-10-31,6.46,6.56,6.46,6.48,1925924,TRY
2012-11-01,6.5,6.54,6.46,6.5,1293672,TRY
2012-11-02,6.48,6.54,6.4,6.44,566383,TRY
2012-11-05,6.44,6.54,6.42,6.42,656621,TRY
2012-11-06,6.44,6.46,6.4,6.4,841982,TRY
2012-11-07,6.42,6.44,6.3,6.3,1221418,TRY
2012-11-08,6.34,6.38,6.28,6.34,613512,TRY
2012-11-09,6.36,6.38,6.3,6.32,565664,TRY
2012-11-12,6.32,6.32,6.24,6.24,275574,TRY
2012-11-13,6.24,6.26,6.16,6.2,926068,TRY
2012-11-14,6.22,6.24,6.14,6.14,680082,TRY
2012-11-15,6.14,6.16,6.1,6.12,383266,TRY
2012-11-16,6.1,6.2,6.1,6.12,1447759,TRY
2012-11-19,6.16,6.26,6.12,6.24,1314606,TRY
2012-11-20,6.26,6.32,6.26,6.3,729410,TRY
2012-11-21,6.28,6.38,6.26,6.34,839150,TRY
2012-11-22,6.34,6.36,6.28,6.3,493373,TRY
2012-11-23,6.3,6.32,6.26,6.3,222447,TRY
2012-11-26,6.32,6.46,6.32,6.44,1221396,TRY
2012-11-27,6.46,6.5,6.44,6.48,679655,TRY
2012-11-28,6.5,6.54,6.42,6.48,698159,TRY
2012-11-29,6.48,6.6,6.48,6.54,1490468,TRY
2012-11-30,6.56,6.6,6.54,6.6,772331,TRY
2012-12-03,6.58,6.7,6.58,6.7,1690641,TRY
2012-12-04,6.66,6.74,6.66,6.72,719880,TRY
2012-12-05,6.78,6.88,6.78,6.86,899243,TRY
2012-12-06,6.84,6.92,6.82,6.88,593912,TRY
2012-12-07,6.86,6.92,6.82,6.88,855195,TRY
2012-12-10,6.94,7.04,6.94,7.02,1368002,TRY
2012-12-11,7.1,7.2,7.04,7.06,1900073,TRY
2012-12-12,7.08,7.14,7.0,7.1,1091349,TRY
2012-12-13,7.14,7.16,7.04,7.08,676712,TRY
2012-12-14,7.1,7.18,7.04,7.08,1394724,TRY
2012-12-17,7.08,7.1,6.96,7.04,669183,TRY
2012-12-18,7.08,7.16,7.08,7.1,896056,TRY
2012-12-19,7.1,7.2,7.1,7.18,1419719,TRY
2012-12-20,7.18,7.38,7.16,7.36,2136073,TRY
2012-12-21,7.36,7.36,7.2,7.3,968280,TRY
2012-12-24,7.3,7.4,7.2,7.36,899271,TRY
2012-12-25,7.4,7.48,7.32,7.32,949182,TRY
2012-12-26,7.32,7.36,7.24,7.34,580196,TRY
2012-12-27,7.34,7.4,7.28,7.28,732102,TRY
2012-12-28,7.32,7.34,7.18,7.28,640531,TRY
2012-12-31,7.28,7.3,7.24,7.24,138898,TRY
2013-01-02,7.3,7.38,7.26,7.36,780325,TRY
2013-01-03,7.36,7.46,7.34,7.46,893869,TRY
2013-01-04,7.42,7.42,7.3,7.34,465630,TRY
2013-01-07,7.36,7.62,7.34,7.5,1405740,TRY
2013-01-08,7.52,7.64,7.42,7.44,1123265,TRY
2013-01-09,7.48,7.64,7.48,7.64,746790,TRY
2013-01-10,7.66,7.82,7.66,7.78,1784972,TRY
2013-01-11,7.8,7.86,7.76,7.78,1156862,TRY
2013-01-14,7.8,7.82,7.74,7.78,834988,TRY
2013-01-15,7.78,7.9,7.76,7.88,833874,TRY
2013-01-16,7.88,8.0,7.86,7.94,1785168,TRY
2013-01-17,7.94,7.96,7.76,7.76,1131276,TRY
2013-01-18,7.8,7.82,7.68,7.68,670322,TRY
2013-01-21,7.72,7.82,7.68,7.7,754543,TRY
2013-01-22,7.88,8.0,7.78,7.8,3811390,TRY
2013-01-23,7.84,8.14,7.82,8.14,4216882,TRY
2013-01-24,8.16,8.16,7.88,7.92,1748052,TRY
2013-01-25,7.94,7.96,7.72,7.72,1704260,TRY
2013-01-28,7.76,7.76,7.24,7.24,1802881,TRY
2013-01-29,7.26,7.32,6.88,7.24,3188632,TRY
2013-01-30,7.3,7.42,7.04,7.04,2793895,TRY
2013-01-31,7.04,7.22,7.0,7.2,2004563,TRY
2013-02-01,7.2,7.4,7.14,7.38,1513253,TRY
2013-02-04,7.38,7.42,7.26,7.34,1068882,TRY
2013-02-05,7.3,7.4,7.18,7.22,1047607,TRY
2013-02-06,7.16,7.24,7.12,7.12,1138058,TRY
2013-02-07,7.04,7.16,6.92,6.92,1911839,TRY
2013-02-08,6.86,6.94,6.76,6.88,2170225,TRY
2013-02-11,6.92,6.94,6.76,6.76,872026,TRY
2013-02-12,6.82,7.1,6.78,7.0,2242810,TRY
2013-02-13,7.06,7.1,6.98,6.98,1563526,TRY
2013-02-14,6.98,7.02,6.88,7.02,853243,TRY
2013-02-15,7.04,7.16,6.98,7.14,1852885,TRY
2013-02-18,7.16,7.16,7.06,7.08,355292,TRY
2013-02-19,7.06,7.22,7.04,7.18,1253832,TRY
2013-02-20,7.18,7.28,7.16,7.28,1393719,TRY
2013-02-21,7.24,7.24,7.04,7.04,1367046,TRY
2013-02-22,7.08,7.1,6.92,6.92,1399972,TRY
2013-02-25,6.96,7.04,6.92,7.0,962585,TRY
2013-02-26,6.96,6.96,6.82,6.9,3478067,TRY
2013-02-27,6.94,7.36,6.9,7.36,7426834,TRY
2013-02-28,7.4,7.46,7.32,7.42,1991727,TRY
2013-03-01,7.42,7.44,7.28,7.42,1445378,TRY
2013-03-04,7.42,7.58,7.38,7.56,1729735,TRY
2013-03-05,7.58,7.62,7.5,7.5,2016269,TRY
2013-03-06,7.54,7.64,7.5,7.62,2126503,TRY
2013-03-07,7.62,7.66,7.54,7.6,1070618,TRY
2013-03-08,7.6,7.64,7.56,7.62,551575,TRY
2013-03-11,7.62,7.66,7.54,7.58,1198779,TRY
2013-03-12,7.56,7.58,7.48,7.5,856599,TRY
2013-03-13,7.52,7.54,7.4,7.46,961301,TRY
2013-03-14,7.46,7.46,7.4,7.46,348910,TRY
2013-03-15,7.48,7.54,7.32,7.38,2735695,TRY
2013-03-18,7.36,7.42,7.32,7.36,831597,TRY
2013-03-19,7.38,7.46,7.36,7.36,1125455,TRY
2013-03-20,7.38,7.56,7.36,7.5,1861635,TRY
2013-03-21,7.48,7.62,7.48,7.56,2356204,TRY
2013-03-22,7.56,7.58,7.44,7.46,1060916,TRY
2013-03-25,7.52,7.52,7.46,7.48,505866,TRY
2013-03-26,7.48,7.58,7.46,7.52,935639,TRY
2013-03-27,7.56,7.72,7.56,7.68,2988532,TRY
2013-03-28,7.74,7.8,7.68,7.76,2258847,TRY
2013-03-29,7.76,7.82,7.7,7.7,1159869,TRY
2013-04-01,7.72,7.82,7.72,7.78,708566,TRY
2013-04-02,7.74,7.82,7.72,7.76,1345991,TRY
2013-04-03,7.8,7.88,7.72,7.72,1790136,TRY
2013-04-04,7.74,7.82,7.7,7.7,689006,TRY
2013-04-05,7.76,7.78,7.6,7.62,584832,TRY
2013-04-08,7.62,7.68,7.58,7.62,1144750,TRY
2013-04-09,7.64,7.66,7.46,7.48,1402713,TRY
2013-04-10,7.5,7.52,7.28,7.3,2110243,TRY
2013-04-11,7.36,7.44,7.24,7.26,4191737,TRY
2013-04-12,7.26,7.28,7.1,7.14,3418711,TRY
2013-04-15,7.14,7.26,7.12,7.24,1759729,TRY
2013-04-16,7.28,7.28,7.18,7.2,1854772,TRY
2013-04-17,7.24,7.24,7.1,7.12,1149119,TRY
2013-04-18,7.14,7.16,6.84,6.9,1438147,TRY
2013-04-19,6.92,7.06,6.9,7.06,960596,TRY
2013-04-22,7.1,7.1,7.04,7.06,217446,TRY
2013-04-24,7.12,7.2,7.1,7.12,1037314,TRY
2013-04-25,7.12,7.18,7.0,7.04,1486018,TRY
2013-04-26,7.04,7.06,6.94,6.96,1122284,TRY
2013-04-29,6.98,6.98,6.82,6.9,1923243,TRY
2013-04-30,6.88,7.0,6.84,6.96,3726654,TRY
2013-05-02,7.0,7.22,6.98,7.16,7074703,TRY
2013-05-03,7.18,7.22,7.12,7.14,1986154,TRY
2013-05-06,7.18,7.32,7.14,7.32,2993437,TRY
2013-05-07,7.34,7.4,7.28,7.28,3419391,TRY
2013-05-08,7.32,7.46,7.3,7.46,5532902,TRY
2013-05-09,7.46,7.52,7.34,7.48,12278034,TRY
2013-05-10,7.5,7.52,7.42,7.42,2610531,TRY
2013-05-13,7.06,7.1,6.96,7.0,1698277,TRY
2013-05-14,7.12,7.16,7.06,7.1,1828930,TRY
2013-05-15,7.12,7.24,7.1,7.22,3222592,TRY
2013-05-16,7.24,7.32,7.2,7.24,3577786,TRY
2013-05-17,7.26,7.28,7.14,7.18,1651226,TRY
2013-05-20,7.22,7.22,7.08,7.08,1406165,TRY
2013-05-21,7.16,7.18,7.06,7.12,1994531,TRY
2013-05-22,7.14,7.24,7.12,7.22,3182981,TRY
2013-05-23,7.18,7.3,7.12,7.28,2726883,TRY
2013-05-24,7.32,7.34,7.26,7.32,3817565,TRY
2013-05-27,7.32,7.4,7.3,7.38,4353967,TRY
2013-05-28,7.4,7.4,7.26,7.28,2982487,TRY
2013-05-29,7.24,7.24,7.06,7.06,2594729,TRY
2013-05-30,7.04,7.12,6.84,6.94,2293741,TRY
2013-05-31,7.0,7.02,6.78,6.94,3115444,TRY
2013-06-03,6.26,6.7,6.1,6.2,3186279,TRY
2013-06-04,6.3,6.66,6.3,6.66,1641886,TRY
2013-06-05,6.56,6.64,6.5,6.6,1188710,TRY
2013-06-06,6.54,6.64,6.08,6.2,1767631,TRY
2013-06-07,6.18,6.44,6.16,6.34,2131253,TRY
2013-06-10,6.22,6.32,6.14,6.2,863574,TRY
2013-06-11,6.26,6.36,6.14,6.14,1478256,TRY
2013-06-12,6.08,6.28,6.08,6.26,477009,TRY
2013-06-13,6.26,6.6,6.22,6.44,1793198,TRY
2013-06-14,6.56,6.7,6.54,6.68,1134681,TRY
2013-06-17,6.6,6.72,6.52,6.58,980455,TRY
2013-06-18,6.66,6.7,6.4,6.4,594029,TRY
2013-06-19,6.44,6.64,6.44,6.62,1115709,TRY
2013-06-20,6.18,6.54,6.18,6.46,1486524,TRY
2013-06-21,6.4,6.52,6.32,6.5,2063409,TRY
2013-06-24,6.4,6.58,6.16,6.16,626898,TRY
2013-06-25,6.24,6.38,6.2,6.3,812681,TRY
2013-06-26,6.3,6.54,6.3,6.46,1420596,TRY
2013-06-27,6.52,6.66,6.5,6.6,1032113,TRY
2013-06-28,6.64,6.72,6.46,6.6,848951,TRY
2013-07-01,6.66,6.72,6.6,6.72,316183,TRY
2013-07-02,6.72,6.92,6.68,6.84,1100314,TRY
2013-07-03,6.8,6.8,6.54,6.64,787676,TRY
2013-07-04,6.7,6.88,6.62,6.88,568548,TRY
2013-07-05,6.9,6.94,6.74,6.74,572224,TRY
2013-07-08,6.8,6.86,6.7,6.8,439456,TRY
2013-07-09,6.84,6.96,6.84,6.94,673928,TRY
2013-07-10,6.96,7.04,6.74,6.84,1763655,TRY
2013-07-11,6.94,6.96,6.76,6.8,574921,TRY
2013-07-12,6.84,6.84,6.7,6.82,649753,TRY
2013-07-15,6.86,6.9,6.78,6.88,811635,TRY
2013-07-16,6.86,6.88,6.76,6.8,576986,TRY
2013-07-17,6.8,6.86,6.76,6.78,867737,TRY
2013-07-18,6.78,6.78,6.54,6.62,4109178,TRY
2013-07-19,6.6,6.62,6.48,6.56,1563090,TRY
2013-07-22,6.58,6.66,6.52,6.66,1130945,TRY
2013-07-23,6.68,6.74,6.58,6.6,1459021,TRY
2013-07-24,6.6,6.64,6.52,6.56,1230596,TRY
2013-07-25,6.52,6.54,6.34,6.44,777094,TRY
2013-07-26,6.46,6.52,6.34,6.34,762758,TRY
2013-07-29,6.3,6.42,6.24,6.36,655495,TRY
2013-07-30,6.48,6.48,6.22,6.28,1813924,TRY
2013-07-31,6.28,6.28,6.06,6.1,2976111,TRY
2013-08-01,6.14,6.2,6.1,6.18,1101588,TRY
2013-08-02,6.2,6.28,6.18,6.26,875575,TRY
2013-08-05,6.3,6.34,6.24,6.32,892210,TRY
2013-08-06,6.34,6.38,6.22,6.26,622608,TRY
2013-08-07,6.28,6.32,6.2,6.32,250746,TRY
2013-08-12,6.32,6.38,6.3,6.36,656171,TRY
2013-08-13,6.36,6.36,6.12,6.18,1417194,TRY
2013-08-14,6.18,6.22,6.12,6.16,1295039,TRY
2013-08-15,6.16,6.22,6.06,6.1,950662,TRY
2013-08-16,6.1,6.14,6.08,6.12,609309,TRY
2013-08-19,6.12,6.12,5.9,5.92,1089318,TRY
2013-08-20,5.9,5.9,5.72,5.82,1961127,TRY
2013-08-21,5.82,5.84,5.62,5.62,931988,TRY
2013-08-22,5.5,5.54,5.3,5.3,1233875,TRY
2013-08-23,5.0,5.12,4.51,4.57,12757802,TRY
2013-08-26,4.6,4.64,4.47,4.54,3744900,TRY
2013-08-27,4.5,4.51,4.13,4.16,4469178,TRY
2013-08-28,4.1,4.14,3.88,4.08,6528608,TRY
2013-08-29,4.12,4.37,4.12,4.28,3748436,TRY
2013-09-02,4.37,4.48,4.37,4.43,2836902,TRY
2013-09-03,4.45,4.49,4.26,4.29,2594151,TRY
2013-09-04,4.33,4.38,4.21,4.24,2402877,TRY
2013-09-05,4.26,4.26,4.13,4.18,3635351,TRY
2013-09-06,4.18,4.29,4.18,4.24,4910064,TRY
2013-09-09,4.28,4.35,4.25,4.34,8048992,TRY
2013-09-10,4.36,4.65,4.36,4.58,8110115,TRY
2013-09-11,4.57,4.71,4.55,4.59,7824437,TRY
2013-09-12,4.61,4.68,4.54,4.68,3877244,TRY
2013-09-13,4.54,4.67,4.53,4.62,7971341,TRY
2013-09-16,4.7,4.79,4.69,4.78,6141620,TRY
2013-09-17,4.78,4.82,4.7,4.74,4835549,TRY
2013-09-18,4.76,4.79,4.73,4.73,1540282,TRY
2013-09-19,4.89,5.02,4.73,4.73,8738767,TRY
2013-09-20,4.75,4.75,4.59,4.65,4075183,TRY
2013-09-23,4.67,4.67,4.52,4.57,4040503,TRY
2013-09-24,4.59,4.68,4.55,4.66,3757049,TRY
2013-09-25,4.64,4.73,4.6,4.65,4917297,TRY
2013-09-26,4.64,4.66,4.56,4.59,3104022,TRY
2013-09-27,4.59,4.59,4.5,4.5,1385173,TRY
2013-09-30,4.49,4.49,4.39,4.47,2227878,TRY
2013-10-01,4.49,4.64,4.49,4.63,5362103,TRY
2013-10-02,4.63,4.67,4.5,4.55,4686989,TRY
2013-10-03,4.55,4.64,4.55,4.61,2849009,TRY
2013-10-04,4.61,4.66,4.61,4.64,3800788,TRY
2013-10-07,4.64,4.71,4.64,4.7,5600080,TRY
2013-10-08,4.71,4.76,4.6,4.61,7271506,TRY
2013-10-09,4.61,4.62,4.47,4.54,5406056,TRY
2013-10-10,4.56,4.58,4.51,4.52,3350228,TRY
2013-10-11,4.55,4.56,4.51,4.51,2022767,TRY
2013-10-14,4.5,4.52,4.5,4.51,372744,TRY
2013-10-21,4.57,4.64,4.56,4.63,7308191,TRY
2013-10-22,4.63,4.72,4.62,4.71,9798926,TRY
2013-10-23,4.67,4.9,4.67,4.84,13938339,TRY
2013-10-24,4.85,4.94,4.85,4.87,6274617,TRY
2013-10-25,4.91,4.93,4.85,4.92,3155566,TRY
2013-10-28,4.92,5.04,4.91,5.02,4161346,TRY
2013-10-30,5.02,5.1,4.83,4.83,5605854,TRY
2013-10-31,4.79,4.81,4.68,4.71,4343062,TRY
2013-11-01,4.72,4.8,4.71,4.76,6115511,TRY
2013-11-04,4.77,4.82,4.71,4.72,4080095,TRY
2013-11-05,4.73,4.76,4.57,4.58,2279592,TRY
2013-11-06,4.6,4.66,4.59,4.61,3320489,TRY
2013-11-07,4.62,4.66,4.6,4.62,2665096,TRY
2013-11-08,4.51,4.51,4.21,4.22,10286521,TRY
2013-11-11,4.25,4.29,4.1,4.1,2198999,TRY
2013-11-12,4.1,4.24,4.06,4.21,3321612,TRY
2013-11-13,4.22,4.28,4.15,4.21,4023233,TRY
2013-11-14,4.29,4.33,4.27,4.3,2988092,TRY
2013-11-15,4.32,4.35,4.29,4.3,2123596,TRY
2013-11-18,4.33,4.38,4.31,4.37,4490734,TRY
2013-11-19,4.36,4.39,4.31,4.34,3160992,TRY
2013-11-20,4.34,4.41,4.33,4.41,3448471,TRY
2013-11-21,4.37,4.48,4.36,4.47,4200857,TRY
2013-11-22,4.49,4.56,4.49,4.55,6037710,TRY
2013-11-25,4.59,4.63,4.57,4.59,3448365,TRY
2013-11-26,4.59,4.65,4.55,4.57,3726155,TRY
2013-11-27,4.59,4.61,4.51,4.52,1330000,TRY
2013-11-28,4.53,4.6,4.52,4.6,3159473,TRY
2013-11-29,4.6,4.65,4.59,4.65,6339755,TRY
2013-12-02,4.67,4.69,4.6,4.6,1647857,TRY
2013-12-03,4.6,4.63,4.47,4.49,1690927,TRY
2013-12-04,4.45,4.49,4.36,4.36,1544099,TRY
2013-12-05,4.4,4.43,4.37,4.37,1135594,TRY
2013-12-06,4.39,4.48,4.31,4.48,3723627,TRY
2013-12-09,4.51,4.55,4.49,4.54,4083592,TRY
2013-12-10,4.54,4.56,4.49,4.55,2267094,TRY
2013-12-11,4.53,4.61,4.52,4.55,4322720,TRY
2013-12-12,4.54,4.56,4.49,4.49,2955436,TRY
2013-12-13,4.53,4.56,4.49,4.55,2995551,TRY
2013-12-16,4.53,4.63,4.53,4.62,4043992,TRY
2013-12-17,4.56,4.58,4.3,4.31,3175909,TRY
2013-12-18,4.29,4.44,4.1,4.43,2178912,TRY
2013-12-19,4.51,4.67,4.48,4.57,10318867,TRY
2013-12-20,4.69,4.88,4.69,4.87,7099008,TRY
2013-12-23,4.89,4.94,4.6,4.79,3636483,TRY
2013-12-24,4.79,4.88,4.74,4.86,3080371,TRY
2013-12-25,4.89,4.9,4.58,4.66,1890143,TRY
2013-12-26,4.66,4.73,4.56,4.61,2010699,TRY
2013-12-27,4.6,4.62,4.22,4.55,2203956,TRY
2013-12-30,4.62,4.88,4.61,4.87,3092946,TRY
2013-12-31,4.87,4.9,4.69,4.9,3219189,TRY
2014-01-02,4.88,5.04,4.8,5.02,3178979,TRY
2014-01-03,5.04,5.1,4.91,4.96,2303232,TRY
2014-01-06,4.98,5.22,4.94,5.2,2517494,TRY
2014-01-07,5.16,5.3,5.12,5.14,2988465,TRY
2014-01-08,5.16,5.16,4.92,4.94,2629473,TRY
2014-01-09,4.89,4.92,4.81,4.81,1270706,TRY
2014-01-10,4.9,5.04,4.87,5.0,3678467,TRY
2014-01-13,5.08,5.14,5.04,5.14,2586955,TRY
2014-01-14,5.04,5.18,5.0,5.18,2525661,TRY
2014-01-15,5.18,5.28,5.1,5.24,2948647,TRY
2014-01-16,5.12,5.24,5.08,5.24,2048090,TRY
2014-01-17,5.18,5.3,5.12,5.22,3235403,TRY
2014-01-20,5.12,5.3,5.06,5.08,3252444,TRY
2014-01-21,5.14,5.18,5.06,5.08,1568238,TRY
2014-01-22,5.14,5.18,5.08,5.14,1920798,TRY
2014-01-23,5.14,5.14,4.92,4.92,1904484,TRY
2014-01-24,4.96,5.0,4.77,4.88,1784929,TRY
2014-01-27,4.94,4.98,4.81,4.9,1569017,TRY
2014-01-28,5.02,5.02,4.77,4.83,2037004,TRY
2014-01-29,4.91,4.97,4.71,4.77,1736500,TRY
2014-01-30,4.75,4.85,4.7,4.82,2018364,TRY
2014-01-31,4.79,4.79,4.59,4.6,2289377,TRY
2014-02-03,4.65,4.65,4.47,4.48,1458105,TRY
2014-02-04,4.48,4.65,4.45,4.63,1895583,TRY
2014-02-05,4.63,4.64,4.49,4.49,2522020,TRY
2014-02-06,4.5,4.61,4.5,4.6,4271374,TRY
2014-02-07,4.6,4.62,4.49,4.52,3192369,TRY
2014-02-10,4.5,4.51,4.46,4.49,2150270,TRY
2014-02-11,4.51,4.58,4.5,4.57,3266460,TRY
2014-02-12,4.59,4.7,4.59,4.67,5506847,TRY
2014-02-13,4.66,4.73,4.64,4.7,3491267,TRY
2014-02-14,4.73,4.77,4.7,4.77,2478742,TRY
2014-02-17,4.8,4.84,4.78,4.81,2782818,TRY
2014-02-18,4.82,4.83,4.69,4.69,1826456,TRY
2014-02-19,4.72,4.77,4.61,4.63,2405510,TRY
2014-02-20,4.59,4.73,4.55,4.69,1995293,TRY
2014-02-21,4.72,4.75,4.67,4.69,1453512,TRY
2014-02-24,4.71,4.8,4.67,4.79,1714364,TRY
2014-02-25,4.68,4.72,4.57,4.57,1671240,TRY
2014-02-26,4.58,4.63,4.48,4.52,2431777,TRY
2014-02-27,4.5,4.55,4.47,4.49,1823768,TRY
2014-02-28,4.52,4.58,4.51,4.53,2176183,TRY
2014-03-03,4.47,4.49,4.37,4.37,1784745,TRY
2014-03-04,4.44,4.46,4.41,4.45,1901008,TRY
2014-03-05,4.46,4.49,4.39,4.45,4245652,TRY
2014-03-06,4.45,4.45,4.31,4.38,4814400,TRY
2014-03-07,4.29,4.34,4.2,4.21,6277053,TRY
2014-03-10,4.17,4.18,4.1,4.14,3456440,TRY
2014-03-11,4.15,4.32,4.15,4.27,3686140,TRY
2014-03-12,4.23,4.33,4.21,4.31,4222735,TRY
2014-03-13,4.33,4.41,4.32,4.39,5010647,TRY
2014-03-14,4.35,4.43,4.35,4.36,2116925,TRY
2014-03-17,4.41,4.49,4.39,4.45,2611127,TRY
2014-03-18,4.47,4.58,4.47,4.58,2881779,TRY
2014-03-19,4.58,4.58,4.49,4.51,1732254,TRY
2014-03-20,4.51,4.56,4.47,4.53,1331590,TRY
2014-03-21,4.49,4.63,4.49,4.61,2655672,TRY
2014-03-24,4.63,4.66,4.47,4.47,778276,TRY
2014-03-25,4.52,4.55,4.46,4.49,1058224,TRY
2014-03-26,4.53,4.64,4.53,4.63,1331150,TRY
2014-03-27,4.63,4.74,4.61,4.64,2622029,TRY
2014-03-28,4.7,4.75,4.66,4.74,2250084,TRY
2014-03-31,4.83,4.84,4.7,4.77,1247048,TRY
2014-04-01,4.77,4.81,4.75,4.76,2655886,TRY
2014-04-02,4.77,4.79,4.71,4.71,1592731,TRY
2014-04-03,4.75,4.9,4.75,4.86,6201066,TRY
2014-04-04,4.89,4.95,4.88,4.93,4321369,TRY
2014-04-07,4.92,4.97,4.88,4.9,1844437,TRY
2014-04-08,4.93,4.95,4.9,4.92,2097421,TRY
2014-04-09,4.92,4.96,4.84,4.84,1869127,TRY
2014-04-10,4.87,4.9,4.75,4.76,1545586,TRY
2014-04-11,4.67,4.76,4.67,4.74,1071261,TRY
2014-04-14,4.76,4.92,4.74,4.92,2198909,TRY
2014-04-15,4.92,5.17,4.92,5.08,6297394,TRY
2014-04-16,5.13,5.22,5.08,5.2,3094044,TRY
2014-04-17,5.2,5.26,5.2,5.26,1336092,TRY
2014-04-18,5.26,5.29,5.2,5.23,533190,TRY
2014-04-21,5.25,5.27,5.13,5.2,467274,TRY
2014-04-22,5.21,5.28,5.2,5.21,924150,TRY
2014-04-24,5.24,5.36,5.22,5.31,1750708,TRY
2014-04-25,5.34,5.39,5.23,5.26,2265668,TRY
2014-04-28,5.27,5.29,5.22,5.24,1206920,TRY
2014-04-29,5.27,5.34,5.21,5.21,1247372,TRY
2014-04-30,5.21,5.27,5.17,5.21,2157919,TRY
2014-05-02,5.23,5.31,5.21,5.23,1344441,TRY
2014-05-05,5.24,5.35,5.23,5.31,2415967,TRY
2014-05-06,5.34,5.48,5.34,5.44,2553942,TRY
2014-05-07,5.45,5.54,5.43,5.5,2427427,TRY
2014-05-08,5.53,5.57,5.43,5.5,1301091,TRY
2014-05-09,5.75,5.75,5.53,5.61,2447344,TRY
2014-05-12,5.65,5.65,5.45,5.47,1877024,TRY
2014-05-13,5.52,5.58,5.47,5.57,2066409,TRY
2014-05-14,5.58,5.62,5.54,5.61,1369766,TRY
2014-05-15,5.62,5.66,5.46,5.48,1308171,TRY
2014-05-16,5.47,5.5,5.41,5.45,1263651,TRY
2014-05-20,5.49,5.5,5.45,5.47,393066,TRY
2014-05-21,5.45,5.6,5.42,5.58,910207,TRY
2014-05-22,5.59,5.68,5.59,5.65,2052261,TRY
2014-05-23,5.65,5.67,5.54,5.57,703164,TRY
2014-05-26,5.57,5.7,5.54,5.7,3621898,TRY
2014-05-27,5.73,5.73,5.59,5.59,2896496,TRY
2014-05-28,5.6,5.65,5.58,5.58,1490035,TRY
2014-05-29,5.59,5.65,5.59,5.61,1196516,TRY
2014-05-30,5.62,5.64,5.43,5.43,2021150,TRY
2014-06-02,5.52,5.6,5.52,5.55,1241411,TRY
2014-06-03,5.57,5.66,5.57,5.61,1862795,TRY
2014-06-04,5.58,5.63,5.49,5.51,1592889,TRY
2014-06-05,5.53,5.57,5.51,5.52,1951175,TRY
2014-06-06,5.54,5.54,5.45,5.47,4175018,TRY
2014-06-09,5.5,5.5,5.46,5.47,3085300,TRY
2014-06-10,5.48,5.53,5.46,5.46,4590678,TRY
2014-06-11,5.47,5.49,5.24,5.32,4377817,TRY
2014-06-12,5.27,5.38,5.18,5.33,1891349,TRY
2014-06-13,5.34,5.34,5.24,5.24,462463,TRY
2014-06-16,5.19,5.19,4.98,5.08,4134014,TRY
2014-06-17,5.07,5.2,5.05,5.11,3276104,TRY
2014-06-18,5.11,5.13,4.81,4.85,9152512,TRY
2014-06-19,4.89,5.2,4.87,5.18,15464645,TRY
2014-06-20,5.18,5.27,5.11,5.12,2551761,TRY
2014-06-23,5.07,5.22,4.83,5.06,29944612,TRY
2014-06-24,5.1,5.13,5.08,5.09,1599183,TRY
2014-06-25,5.07,5.15,5.06,5.09,3709251,TRY
2014-06-26,5.12,5.13,4.95,4.99,2201219,TRY
2014-06-27,4.99,5.02,4.97,4.98,1130729,TRY
2014-06-30,4.99,5.04,4.95,4.98,1409984,TRY
2014-07-01,4.98,4.99,4.89,4.89,1534508,TRY
2014-07-02,4.89,4.92,4.82,4.89,1857829,TRY
2014-07-03,4.89,4.92,4.85,4.89,1831538,TRY
2014-07-04,4.91,4.97,4.9,4.92,2152235,TRY
2014-07-07,4.92,5.03,4.92,4.99,3143415,TRY
2014-07-08,5.0,5.05,4.94,4.94,1981728,TRY
2014-07-09,4.96,4.99,4.95,4.97,1334084,TRY
2014-07-10,4.98,4.99,4.9,4.91,1954681,TRY
2014-07-11,4.92,5.01,4.92,4.97,2085019,TRY
2014-07-14,4.99,5.04,4.92,5.04,3651555,TRY
2014-07-15,5.04,5.13,5.04,5.08,4809866,TRY
2014-07-16,5.09,5.12,5.07,5.11,2852652,TRY
2014-07-17,5.11,5.14,5.04,5.04,3336999,TRY
2014-07-18,5.01,5.06,4.96,5.06,4360774,TRY
2014-07-21,5.07,5.09,5.03,5.03,1777989,TRY
2014-07-22,5.05,5.06,5.01,5.02,2011971,TRY
2014-07-23,5.02,5.08,5.0,5.02,2216679,TRY
2014-07-24,5.03,5.06,5.0,5.0,3568743,TRY
2014-07-25,5.01,5.03,4.99,4.99,1752062,TRY
2014-07-31,4.96,5.01,4.87,4.87,2697392,TRY
2014-08-01,4.87,4.95,4.81,4.91,2971356,TRY
2014-08-04,4.93,4.95,4.89,4.89,1391350,TRY
2014-08-05,4.91,4.94,4.78,4.79,2351629,TRY
2014-08-06,4.77,4.77,4.69,4.7,2735710,TRY
2014-08-07,4.7,4.76,4.69,4.76,2104549,TRY
2014-08-08,4.71,4.81,4.7,4.78,2308137,TRY
2014-08-11,4.82,4.85,4.62,4.62,2879204,TRY
2014-08-12,4.64,4.67,4.59,4.65,1441048,TRY
2014-08-13,4.68,4.96,4.67,4.88,6302110,TRY
2014-08-14,4.87,5.0,4.79,4.98,5765464,TRY
2014-08-15,5.05,5.06,4.93,4.96,6330478,TRY
2014-08-18,5.02,5.05,4.98,5.04,4429972,TRY
2014-08-19,5.05,5.06,5.01,5.03,3624382,TRY
2014-08-20,5.03,5.05,4.98,5.05,2739428,TRY
2014-08-21,5.05,5.14,5.05,5.06,4690683,TRY
2014-08-22,5.08,5.2,5.06,5.19,5251088,TRY
2014-08-25,5.21,5.26,5.17,5.22,3040736,TRY
2014-08-26,5.23,5.29,5.19,5.2,3685945,TRY
2014-08-27,5.21,5.29,5.19,5.25,6148082,TRY
2014-08-28,5.28,5.32,5.22,5.27,4606024,TRY
2014-08-29,5.28,5.33,5.26,5.31,2363455,TRY
2014-09-01,5.33,5.43,5.31,5.42,3212463,TRY
2014-09-02,5.42,5.42,5.34,5.36,2796880,TRY
2014-09-03,5.39,5.42,5.36,5.39,1526684,TRY
2014-09-04,5.41,5.49,5.39,5.47,4196107,TRY
2014-09-05,5.48,5.91,5.48,5.56,9942183,TRY
2014-09-08,5.59,5.61,5.49,5.51,2874212,TRY
2014-09-09,5.51,5.52,5.31,5.34,3474946,TRY
2014-09-10,5.34,5.34,5.26,5.28,1793300,TRY
2014-09-11,5.3,5.31,5.14,5.19,2992259,TRY
2014-09-12,5.23,5.25,5.06,5.07,4792529,TRY
2014-09-15,5.05,5.24,5.02,5.24,4606775,TRY
2014-09-16,5.25,5.26,5.18,5.22,1770763,TRY
2014-09-17,5.26,5.29,5.23,5.23,2959894,TRY
2014-09-18,5.2,5.22,5.1,5.14,2304291,TRY
2014-09-19,5.17,5.23,5.13,5.16,2140402,TRY
2014-09-22,5.17,5.2,5.09,5.18,2680984,TRY
2014-09-23,5.2,5.35,5.14,5.14,6098245,TRY
2014-09-24,5.16,5.17,4.96,5.02,2763298,TRY
2014-09-25,5.03,5.03,4.85,4.89,3247541,TRY
2014-09-26,4.92,4.94,4.82,4.89,1758219,TRY
2014-09-29,4.87,4.94,4.85,4.92,1735704,TRY
2014-09-30,4.96,4.98,4.92,4.94,1535064,TRY
2014-10-01,4.94,5.07,4.94,5.0,2438549,TRY
2014-10-02,5.0,5.04,4.92,4.93,2475170,TRY
2014-10-03,4.94,4.94,4.9,4.91,585780,TRY
2014-10-08,4.81,4.92,4.78,4.9,1967467,TRY
2014-10-09,4.96,5.01,4.94,4.98,3381286,TRY
2014-10-10,4.92,4.92,4.81,4.81,1618185,TRY
2014-10-13,4.84,4.92,4.84,4.89,2578413,TRY
2014-10-14,4.89,4.98,4.87,4.95,3585606,TRY
2014-10-15,4.98,5.07,4.94,4.99,5078864,TRY
2014-10-16,5.01,5.04,4.92,4.94,3699989,TRY
2014-10-17,4.97,5.03,4.94,5.01,5581738,TRY
2014-10-20,5.04,5.06,5.01,5.03,2620145,TRY
2014-10-21,5.04,5.19,5.03,5.17,7829310,TRY
2014-10-22,5.18,5.19,5.11,5.15,4571824,TRY
2014-10-23,5.15,5.24,5.13,5.22,5171359,TRY
2014-10-24,5.23,5.24,5.14,5.15,2339184,TRY
2014-10-27,5.16,5.19,5.08,5.15,2891509,TRY
2014-10-28,5.17,5.3,5.17,5.29,2940049,TRY
2014-10-30,5.29,5.36,5.28,5.32,3034263,TRY
2014-10-31,5.36,5.48,5.36,5.46,4639972,TRY
2014-11-03,5.45,5.47,5.36,5.36,2747623,TRY
2014-11-04,5.39,5.44,5.35,5.36,2358262,TRY
2014-11-05,5.37,5.44,5.26,5.26,4285885,TRY
2014-11-06,5.29,5.41,5.27,5.34,4651008,TRY
2014-11-07,5.38,5.47,5.31,5.34,8460007,TRY
2014-11-10,5.37,5.38,5.3,5.31,2771709,TRY
2014-11-11,5.34,5.44,5.34,5.42,10402073,TRY
2014-11-12,5.42,5.58,5.38,5.57,13515079,TRY
2014-11-13,5.57,5.63,5.49,5.52,8815165,TRY
2014-11-14,5.5,5.53,5.43,5.47,5188133,TRY
2014-11-17,5.49,5.6,5.47,5.53,5935354,TRY
2014-11-18,5.54,5.67,5.54,5.65,7265284,TRY
2014-11-19,5.67,5.73,5.63,5.64,8503341,TRY
2014-11-20,5.67,5.8,5.65,5.79,9624816,TRY
2014-11-21,5.81,5.89,5.77,5.86,7069065,TRY
2014-11-24,5.87,5.9,5.81,5.84,2955195,TRY
2014-11-25,5.84,5.99,5.77,5.96,9358791,TRY
2014-11-26,5.98,5.99,5.89,5.92,4570138,TRY
2014-11-27,5.92,5.96,5.89,5.92,3989142,TRY
2014-11-28,5.94,5.95,5.88,5.89,6081345,TRY
2014-12-01,5.93,5.99,5.9,5.94,6050694,TRY
2014-12-02,5.94,5.95,5.78,5.79,5607390,TRY
2014-12-03,5.79,5.85,5.73,5.78,7733338,TRY
2014-12-04,5.79,5.98,5.77,5.98,12392540,TRY
2014-12-05,6.0,6.07,5.98,5.99,10378781,TRY
2014-12-08,6.01,6.1,6.0,6.03,8753449,TRY
2014-12-09,6.04,6.06,5.88,5.88,5254261,TRY
2014-12-10,5.92,5.99,5.9,5.94,5689130,TRY
2014-12-11,5.95,6.0,5.9,5.94,7400161,TRY
2014-12-12,5.93,5.96,5.8,5.82,6062731,TRY
2014-12-15,5.77,5.79,5.65,5.66,8021547,TRY
2014-12-16,5.62,5.69,5.31,5.41,8484977,TRY
2014-12-17,5.42,5.58,5.37,5.53,5848233,TRY
2014-12-18,5.61,5.82,5.6,5.78,7275291,TRY
2014-12-19,5.79,5.81,5.7,5.81,8844144,TRY
2014-12-22,5.79,5.84,5.76,5.76,8202228,TRY
2014-12-23,5.77,5.92,5.71,5.79,23732648,TRY
2014-12-24,5.8,5.87,5.75,5.75,11710166,TRY
2014-12-25,5.77,5.78,5.73,5.74,4196184,TRY
2014-12-26,5.76,5.76,5.65,5.67,6693922,TRY
2014-12-29,5.67,5.79,5.62,5.67,16046591,TRY
2014-12-30,5.62,5.77,5.46,5.64,23937258,TRY
2014-12-31,5.64,5.7,5.62,5.66,9041512,TRY
2015-01-02,5.66,5.78,5.64,5.75,11098870,TRY
2015-01-05,5.76,5.89,5.75,5.84,10729250,TRY
2015-01-06,5.86,5.9,5.81,5.84,11456564,TRY
2015-01-07,5.85,5.86,5.8,5.81,6517146,TRY
2015-01-08,5.84,5.91,5.84,5.84,11347461,TRY
2015-01-09,5.86,5.87,5.74,5.74,11280900,TRY
2015-01-12,5.75,5.77,5.67,5.67,6022673,TRY
2015-01-13,5.69,5.76,5.65,5.75,8964285,TRY
2015-01-14,5.72,5.84,5.71,5.73,12475545,TRY
2015-01-15,5.76,5.79,5.67,5.67,10815535,TRY
2015-01-16,5.67,5.69,5.58,5.58,5571497,TRY
2015-01-19,5.63,5.74,5.62,5.72,7428500,TRY
2015-01-20,5.75,5.76,5.6,5.61,8475986,TRY
2015-01-21,5.64,5.68,5.49,5.51,7944400,TRY
2015-01-22,5.52,5.59,5.49,5.59,8605816,TRY
2015-01-23,5.61,5.68,5.61,5.61,8884852,TRY
2015-01-26,5.61,5.66,5.57,5.61,6271770,TRY
2015-01-27,5.65,5.73,5.62,5.72,16611239,TRY
2015-01-28,5.74,5.76,5.66,5.68,12302571,TRY
2015-01-29,5.67,5.7,5.65,5.66,6164729,TRY
2015-01-30,5.7,5.7,5.61,5.62,5234025,TRY
2015-02-02,5.44,5.56,5.44,5.51,8902771,TRY
2015-02-03,5.54,5.56,5.48,5.49,5644504,TRY
2015-02-04,5.51,5.59,5.47,5.56,5974004,TRY
2015-02-05,5.6,5.63,5.51,5.53,5006896,TRY
2015-02-06,5.56,5.59,5.49,5.49,3577455,TRY
2015-02-09,5.49,5.49,5.34,5.37,7589132,TRY
2015-02-10,5.41,5.42,5.27,5.27,6627478,TRY
2015-02-11,5.27,5.33,5.25,5.25,4685346,TRY
2015-02-12,5.27,5.4,5.26,5.4,14514769,TRY
2015-02-13,5.42,5.49,5.38,5.45,8649063,TRY
2015-02-16,5.47,5.53,5.44,5.52,4781114,TRY
2015-02-17,5.51,5.53,5.41,5.41,3973521,TRY
2015-02-18,5.43,5.45,5.37,5.42,5822157,TRY
2015-02-19,5.45,5.54,5.44,5.53,6587150,TRY
2015-02-20,5.53,5.54,5.44,5.52,6230977,TRY
2015-02-23,5.51,5.53,5.44,5.46,5851952,TRY
2015-02-24,5.48,5.51,5.45,5.47,3830488,TRY
2015-02-25,5.5,5.58,5.49,5.55,13498155,TRY
2015-02-26,5.55,5.61,5.51,5.52,6992580,TRY
2015-02-27,5.56,5.58,5.39,5.42,7583951,TRY
2015-03-02,5.43,5.51,5.43,5.47,4767147,TRY
2015-03-03,5.5,5.53,5.47,5.49,4049267,TRY
2015-03-04,5.5,5.5,5.38,5.38,2635171,TRY
2015-03-05,5.33,5.39,5.26,5.33,3289458,TRY
2015-03-06,5.22,5.28,5.03,5.05,10503442,TRY
2015-03-09,5.08,5.12,5.02,5.05,2986020,TRY
2015-03-10,5.06,5.09,4.82,4.82,3069090,TRY
2015-03-11,4.84,4.87,4.64,4.71,5492069,TRY
2015-03-12,4.77,4.81,4.6,4.65,5146535,TRY
2015-03-13,4.66,4.76,4.47,4.5,5753148,TRY
2015-03-16,4.59,4.6,4.49,4.53,4914108,TRY
2015-03-17,4.55,4.68,4.53,4.67,8767615,TRY
2015-03-18,4.67,4.67,4.53,4.54,5337225,TRY
2015-03-19,4.62,4.63,4.52,4.56,10818520,TRY
2015-03-20,4.58,4.73,4.55,4.7,12472544,TRY
2015-03-23,4.72,4.83,4.72,4.81,15028054,TRY
2015-03-24,4.81,4.86,4.73,4.75,17327488,TRY
2015-03-25,4.79,4.97,4.72,4.93,22869380,TRY
2015-03-26,4.84,4.87,4.8,4.83,18697780,TRY
2015-03-27,4.79,4.79,4.61,4.63,15255111,TRY
2015-03-30,4.62,4.7,4.57,4.68,15934733,TRY
2015-03-31,4.69,4.73,4.59,4.59,11589756,TRY
2015-04-01,4.62,4.64,4.51,4.55,8692354,TRY
2015-04-02,4.56,4.61,4.56,4.58,5964459,TRY
2015-04-03,4.6,4.68,4.59,4.67,10205542,TRY
2015-04-06,4.68,4.73,4.65,4.72,7666241,TRY
2015-04-07,4.74,4.77,4.7,4.73,12901015,TRY
2015-04-08,4.72,4.82,4.7,4.8,12280403,TRY
2015-04-09,4.8,4.87,4.78,4.84,12463884,TRY
2015-04-10,4.84,4.86,4.74,4.77,7988565,TRY
2015-04-13,4.77,4.8,4.71,4.72,5895281,TRY
2015-04-14,4.68,4.73,4.64,4.72,9747133,TRY
2015-04-15,4.69,4.76,4.68,4.71,6567548,TRY
2015-04-16,4.73,4.83,4.7,4.81,12073013,TRY
2015-04-17,4.84,4.84,4.76,4.79,7018176,TRY
2015-04-20,4.81,4.81,4.76,4.77,4054643,TRY
2015-04-21,4.75,4.83,4.74,4.82,9223658,TRY
2015-04-22,4.82,4.84,4.75,4.76,7485888,TRY
2015-04-24,4.78,4.83,4.76,4.81,9812257,TRY
2015-04-27,4.83,4.91,4.8,4.87,18046616,TRY
2015-04-28,4.88,4.97,4.87,4.92,17234972,TRY
2015-04-29,4.92,5.1,4.92,5.08,20153006,TRY
2015-04-30,5.08,5.1,4.89,4.89,12385026,TRY
2015-05-04,4.89,4.92,4.8,4.82,6673870,TRY
2015-05-05,4.83,4.9,4.81,4.81,7941177,TRY
2015-05-06,4.83,4.87,4.72,4.73,8185155,TRY
2015-05-07,4.74,4.77,4.69,4.7,5815059,TRY
2015-05-08,4.73,4.81,4.71,4.79,9593464,TRY
2015-05-11,4.79,4.86,4.75,4.75,9201032,TRY
2015-05-12,4.75,4.78,4.71,4.72,10525950,TRY
2015-05-13,4.74,4.85,4.74,4.82,10241652,TRY
2015-05-14,4.85,4.91,4.83,4.9,14091689,TRY
2015-05-15,4.91,4.94,4.88,4.88,9286642,TRY
2015-05-18,4.89,4.92,4.85,4.86,7687540,TRY
2015-05-20,4.86,4.86,4.76,4.78,9022105,TRY
2015-05-21,4.8,4.82,4.73,4.74,6709948,TRY
2015-05-22,4.75,4.76,4.66,4.68,7712706,TRY
2015-05-25,4.68,4.69,4.58,4.6,4962355,TRY
2015-05-26,4.6,4.74,4.6,4.7,7270727,TRY
2015-05-27,4.73,4.76,4.66,4.69,6251165,TRY
2015-05-28,4.7,4.72,4.63,4.64,4612917,TRY
2015-05-29,4.65,4.69,4.58,4.58,4421577,TRY
2015-06-01,4.56,4.58,4.44,4.44,5393584,TRY
2015-06-02,4.46,4.51,4.46,4.49,3886529,TRY
2015-06-03,4.48,4.57,4.48,4.55,3961859,TRY
2015-06-04,4.52,4.53,4.47,4.49,4417419,TRY
2015-06-05,4.49,4.52,4.46,4.47,3289496,TRY
2015-06-08,3.8,3.99,3.8,3.96,6214803,TRY
2015-06-09,3.99,4.04,3.97,3.98,4458493,TRY
2015-06-10,4.01,4.1,4.01,4.06,3051986,TRY
2015-06-11,4.08,4.14,4.04,4.12,5241077,TRY
2015-06-12,4.12,4.15,4.06,4.07,4612287,TRY
2015-06-15,4.1,4.11,4.0,4.01,1706324,TRY
2015-06-16,4.04,4.09,4.04,4.08,2309800,TRY
2015-06-17,4.11,4.13,4.08,4.09,2901377,TRY
2015-06-18,4.13,4.17,4.1,4.14,4558546,TRY
2015-06-19,4.15,4.18,4.14,4.18,2360873,TRY
2015-06-22,4.2,4.24,4.19,4.21,3229709,TRY
2015-06-23,4.24,4.28,4.2,4.25,4628816,TRY
2015-06-24,4.27,4.35,4.27,4.35,5217425,TRY
2015-06-25,4.37,4.42,4.35,4.4,15774262,TRY
2015-06-26,4.4,4.43,4.37,4.39,2011019,TRY
2015-06-29,4.32,4.36,4.31,4.32,2993879,TRY
2015-06-30,4.33,4.37,4.3,4.3,2638742,TRY
2015-07-01,4.32,4.39,4.3,4.3,4595203,TRY
2015-07-02,4.32,4.32,4.23,4.27,3167911,TRY
2015-07-03,4.28,4.29,4.2,4.2,2281557,TRY
2015-07-06,4.16,4.29,4.16,4.28,3832275,TRY
2015-07-07,4.29,4.3,4.19,4.21,2482675,TRY
2015-07-08,4.19,4.23,4.13,4.13,1503932,TRY
2015-07-09,4.16,4.27,4.16,4.23,2087448,TRY
2015-07-10,4.27,4.3,4.23,4.24,2877315,TRY
2015-07-13,4.24,4.29,4.24,4.25,2325910,TRY
2015-07-14,4.27,4.33,4.23,4.25,5076696,TRY
2015-07-15,4.27,4.28,4.21,4.25,1777120,TRY
2015-07-16,4.26,4.26,4.21,4.21,786125,TRY
2015-07-20,4.22,4.23,4.08,4.11,3013751,TRY
2015-07-21,4.12,4.14,4.06,4.1,3053592,TRY
2015-07-22,4.1,4.13,4.01,4.01,5602693,TRY
2015-07-23,4.01,4.01,3.85,3.85,4959737,TRY
2015-07-24,3.79,3.91,3.79,3.87,3402877,TRY
2015-07-27,3.86,3.88,3.78,3.79,1909352,TRY
2015-07-28,3.88,3.89,3.84,3.87,2118080,TRY
2015-07-29,3.89,4.01,3.89,4.0,5045073,TRY
2015-07-30,3.96,4.03,3.93,3.96,2743233,TRY
2015-07-31,3.97,4.01,3.96,3.97,2789856,TRY
2015-08-03,3.97,3.97,3.87,3.89,2585956,TRY
2015-08-04,3.91,3.93,3.89,3.9,1309188,TRY
2015-08-05,3.89,3.92,3.88,3.89,1727114,TRY
2015-08-06,3.9,3.96,3.89,3.93,1258604,TRY
2015-08-07,3.94,3.95,3.89,3.9,1358553,TRY
2015-08-10,3.91,3.92,3.87,3.87,1480991,TRY
2015-08-11,3.93,4.05,3.93,4.05,3928710,TRY
2015-08-12,4.0,4.03,3.95,3.96,3011547,TRY
2015-08-13,3.99,3.99,3.81,3.88,5328381,TRY
2015-08-14,3.82,3.89,3.8,3.85,2868380,TRY
2015-08-17,3.84,3.87,3.8,3.83,2919478,TRY
2015-08-18,3.78,3.83,3.77,3.77,2467776,TRY
2015-08-19,3.79,3.82,3.75,3.75,2279601,TRY
2015-08-20,3.73,3.78,3.72,3.77,2591904,TRY
2015-08-21,3.78,3.81,3.74,3.75,2428686,TRY
2015-08-24,3.65,3.73,3.58,3.66,4083248,TRY
2015-08-25,3.72,3.76,3.69,3.73,2652298,TRY
2015-08-26,3.73,3.8,3.7,3.76,2806565,TRY
2015-08-27,3.82,3.85,3.79,3.79,3074920,TRY
2015-08-28,3.81,3.82,3.76,3.78,1455708,TRY
2015-08-31,3.78,3.82,3.75,3.76,1299530,TRY
2015-09-01,3.76,3.78,3.72,3.74,1734971,TRY
2015-09-02,3.76,3.77,3.73,3.74,2176534,TRY
2015-09-03,3.77,3.77,3.7,3.72,2497962,TRY
2015-09-04,3.7,3.73,3.68,3.69,1286251,TRY
2015-09-07,3.66,3.67,3.64,3.64,1330396,TRY
2015-09-08,3.67,3.69,3.65,3.68,1084409,TRY
2015-09-09,3.72,3.73,3.64,3.65,1574647,TRY
2015-09-10,3.64,3.64,3.59,3.6,2475487,TRY
2015-09-11,3.61,3.63,3.59,3.61,1814253,TRY
2015-09-14,3.63,3.64,3.6,3.61,2685286,TRY
2015-09-15,3.62,3.78,3.62,3.77,5105482,TRY
2015-09-16,3.77,3.87,3.75,3.87,3645814,TRY
2015-09-17,3.88,3.9,3.84,3.88,2487054,TRY
2015-09-18,3.89,3.89,3.76,3.81,3119615,TRY
2015-09-21,3.79,3.93,3.77,3.91,3733154,TRY
2015-09-22,3.93,3.94,3.84,3.84,2263060,TRY
2015-09-23,3.85,3.88,3.82,3.88,738187,TRY
2015-09-28,3.87,3.96,3.85,3.89,3682994,TRY
2015-09-29,3.87,3.97,3.86,3.94,3155713,TRY
2015-09-30,3.96,3.99,3.91,3.93,3202621,TRY
2015-10-01,3.96,3.97,3.9,3.95,2473691,TRY
2015-10-02,3.94,3.96,3.91,3.95,1666553,TRY
2015-10-05,3.99,4.06,3.99,4.05,3833001,TRY
2015-10-06,4.05,4.12,4.04,4.08,3816515,TRY
2015-10-07,4.12,4.15,4.09,4.14,6066099,TRY
2015-10-08,4.13,4.16,4.1,4.15,3055498,TRY
2015-10-09,4.15,4.17,4.11,4.12,2514817,TRY
2015-10-12,4.09,4.17,4.06,4.08,3713121,TRY
2015-10-13,4.09,4.11,4.05,4.07,2891143,TRY
2015-10-14,4.07,4.1,4.05,4.08,2600736,TRY
2015-10-15,4.12,4.15,4.1,4.11,2850510,TRY
2015-10-16,4.11,4.14,4.06,4.14,2013431,TRY
2015-10-19,4.13,4.16,4.06,4.1,3236279,TRY
2015-10-20,4.1,4.12,4.05,4.06,4151110,TRY
2015-10-21,4.06,4.06,4.0,4.0,4409447,TRY
2015-10-22,4.0,4.03,3.97,3.98,2632345,TRY
2015-10-23,4.0,4.05,3.99,4.04,6889665,TRY
2015-10-26,4.04,4.07,3.89,3.89,6324225,TRY
2015-10-27,3.89,3.91,3.84,3.87,2521389,TRY
2015-10-28,3.89,3.89,3.83,3.84,680155,TRY
2015-10-30,3.82,3.93,3.81,3.92,2166395,TRY
2015-11-02,4.06,4.14,4.06,4.1,5510966,TRY
2015-11-03,4.11,4.11,4.05,4.07,2743594,TRY
2015-11-04,4.09,4.26,4.08,4.25,10291827,TRY
2015-11-05,4.23,4.26,4.19,4.21,3835102,TRY
2015-11-06,4.28,4.31,4.15,4.17,5794258,TRY
2015-11-09,4.17,4.23,4.17,4.2,1782813,TRY
2015-11-10,4.21,4.27,4.18,4.19,2835599,TRY
2015-11-11,4.2,4.29,4.2,4.28,6305225,TRY
2015-11-12,4.3,4.33,4.27,4.3,4426053,TRY
2015-11-13,4.29,4.34,4.28,4.33,6605301,TRY
2015-11-16,4.32,4.35,4.26,4.26,3760955,TRY
2015-11-17,4.27,4.3,4.21,4.21,2085172,TRY
2015-11-18,4.21,4.22,4.16,4.16,2861054,TRY
2015-11-19,4.2,4.21,4.18,4.2,2061407,TRY
2015-11-20,4.21,4.24,4.21,4.21,2017566,TRY
2015-11-23,4.21,4.23,4.17,4.17,1321497,TRY
2015-11-24,4.19,4.19,3.85,3.87,7293838,TRY
2015-11-25,3.91,3.93,3.78,3.87,5250062,TRY
2015-11-26,3.86,3.92,3.76,3.76,4225774,TRY
2015-11-27,3.78,3.9,3.77,3.87,3238792,TRY
2015-11-30,3.88,3.91,3.83,3.88,2230158,TRY
2015-12-01,3.89,3.96,3.88,3.94,3419698,TRY
2015-12-02,3.96,4.03,3.93,3.95,4798579,TRY
2015-12-03,3.98,4.01,3.9,3.9,2885784,TRY
2015-12-04,3.95,3.95,3.84,3.86,2295576,TRY
2015-12-07,3.87,3.87,3.8,3.84,2200392,TRY
2015-12-08,3.83,3.86,3.77,3.77,1832511,TRY
2015-12-09,3.79,3.85,3.77,3.85,2282611,TRY
2015-12-10,3.84,3.94,3.79,3.83,4217263,TRY
2015-12-11,3.84,3.85,3.74,3.74,1826346,TRY
2015-12-14,3.77,3.81,3.64,3.65,3597634,TRY
2015-12-15,3.68,3.75,3.66,3.73,5107406,TRY
2015-12-16,3.73,3.75,3.67,3.68,5611596,TRY
2015-12-17,3.72,3.79,3.68,3.76,5547600,TRY
2015-12-18,3.76,3.77,3.69,3.72,2906303,TRY
2015-12-21,3.73,3.8,3.73,3.76,3482956,TRY
2015-12-22,3.76,3.83,3.73,3.82,4497044,TRY
2015-12-23,3.83,3.92,3.83,3.89,4474210,TRY
2015-12-24,3.92,3.92,3.85,3.86,1893975,TRY
2015-12-25,3.86,3.87,3.84,3.84,646759,TRY
2015-12-28,3.86,3.88,3.82,3.82,1443008,TRY
2015-12-29,3.82,3.84,3.75,3.77,3092546,TRY
2015-12-30,3.77,3.8,3.76,3.79,2015027,TRY
2015-12-31,3.8,3.8,3.72,3.8,1825188,TRY
2016-01-04,3.73,3.73,3.66,3.69,2069288,TRY
2016-01-05,3.71,3.72,3.63,3.68,3300247,TRY
2016-01-06,3.65,3.68,3.64,3.65,3743969,TRY
2016-01-07,3.64,3.67,3.59,3.65,2411716,TRY
2016-01-08,3.68,3.72,3.63,3.63,3476776,TRY
2016-01-11,3.6,3.68,3.6,3.64,3156688,TRY
2016-01-12,3.64,3.69,3.61,3.66,5098087,TRY
2016-01-13,3.67,3.74,3.67,3.69,5244049,TRY
2016-01-14,3.67,3.7,3.61,3.63,3250942,TRY
2016-01-15,3.63,3.67,3.58,3.58,5538061,TRY
2016-01-18,3.6,3.6,3.55,3.55,2921612,TRY
2016-01-19,3.58,3.58,3.49,3.51,3954587,TRY
2016-01-20,3.48,3.49,3.37,3.37,5455673,TRY
2016-01-21,3.38,3.4,3.31,3.32,3131436,TRY
2016-01-22,3.36,3.43,3.34,3.42,3448992,TRY
2016-01-25,3.43,3.48,3.42,3.43,6011279,TRY
2016-01-26,3.42,3.46,3.37,3.45,6693774,TRY
2016-01-27,3.46,3.51,3.44,3.48,4601830,TRY
2016-01-28,3.5,3.68,3.5,3.67,15280224,TRY
2016-01-29,3.73,3.73,3.59,3.62,10068029,TRY
2016-02-01,3.63,3.63,3.58,3.6,2562949,TRY
2016-02-02,3.61,3.64,3.53,3.54,5099107,TRY
2016-02-03,3.52,3.59,3.5,3.56,5823328,TRY
2016-02-04,3.59,3.64,3.58,3.64,6320774,TRY
2016-02-05,3.64,3.67,3.61,3.62,4486564,TRY
2016-02-08,3.63,3.65,3.5,3.5,6202245,TRY
2016-02-09,3.49,3.49,3.38,3.45,5091000,TRY
2016-02-10,3.47,3.51,3.45,3.5,2334361,TRY
2016-02-11,3.49,3.57,3.44,3.57,2836295,TRY
2016-02-12,3.58,3.63,3.54,3.63,2498425,TRY
2016-02-15,3.64,3.69,3.55,3.67,6880659,TRY
2016-02-16,3.7,3.75,3.66,3.71,5895893,TRY
2016-02-17,3.69,3.86,3.69,3.79,10183970,TRY
2016-02-18,3.78,3.84,3.74,3.78,3588717,TRY
2016-02-19,3.79,3.84,3.75,3.84,4151453,TRY
2016-02-22,3.86,3.89,3.84,3.87,3644947,TRY
2016-02-23,3.87,3.9,3.83,3.84,6652750,TRY
2016-02-24,3.85,3.85,3.78,3.79,3768713,TRY
2016-02-25,3.82,3.85,3.78,3.83,3170661,TRY
2016-02-26,3.85,3.88,3.8,3.84,3723552,TRY
2016-02-29,3.82,4.0,3.8,4.0,9630636,TRY
2016-03-01,4.02,4.04,3.96,3.98,4180668,TRY
2016-03-02,4.02,4.15,4.0,4.12,8787565,TRY
2016-03-03,4.17,4.22,4.09,4.18,27643148,TRY
2016-03-04,4.15,4.23,4.09,4.23,13097900,TRY
2016-03-07,4.23,4.44,4.23,4.41,13750730,TRY
2016-03-08,4.41,4.46,4.29,4.29,11944023,TRY
2016-03-09,4.3,4.38,4.3,4.35,9112253,TRY
2016-03-10,4.35,4.38,4.3,4.33,6584004,TRY
2016-03-11,4.35,4.53,4.33,4.52,14038480,TRY
2016-03-14,4.52,4.57,4.47,4.53,5834491,TRY
2016-03-15,4.54,4.58,4.48,4.54,7416100,TRY
2016-03-16,4.56,4.67,4.55,4.66,12984752,TRY
2016-03-17,4.7,4.75,4.68,4.71,9313981,TRY
2016-03-18,4.71,4.82,4.7,4.81,6840385,TRY
2016-03-21,4.8,4.91,4.79,4.85,5998767,TRY
2016-03-22,4.85,4.86,4.73,4.82,8473034,TRY
2016-03-23,4.79,4.8,4.69,4.69,5258543,TRY
2016-03-24,4.69,4.79,4.64,4.78,6270318,TRY
2016-03-25,4.8,4.84,4.78,4.81,2488619,TRY
2016-03-28,4.82,4.98,4.82,4.97,6482726,TRY
2016-03-29,4.98,5.06,4.9,4.94,7113039,TRY
2016-03-30,5.0,5.09,4.99,5.03,7442869,TRY
2016-03-31,5.03,5.15,4.99,5.12,5722620,TRY
2016-04-01,5.18,5.25,5.13,5.15,8310971,TRY
2016-04-04,5.17,5.23,5.17,5.19,3806411,TRY
2016-04-05,5.19,5.19,4.95,5.01,7449285,TRY
2016-04-06,5.05,5.31,5.04,5.23,12517864,TRY
2016-04-07,5.29,5.32,5.23,5.26,5539772,TRY
2016-04-08,5.28,5.34,5.2,5.32,3382414,TRY
2016-04-11,5.32,5.35,5.27,5.33,3281212,TRY
2016-04-12,5.33,5.34,5.28,5.32,2863378,TRY
2016-04-13,5.35,5.41,5.32,5.35,3603920,TRY
2016-04-14,5.35,5.45,5.34,5.4,5959383,TRY
2016-04-15,5.4,5.49,5.39,5.46,5026573,TRY
2016-04-18,5.43,5.63,5.42,5.62,5683443,TRY
2016-04-19,5.63,5.65,5.59,5.64,4736397,TRY
2016-04-20,5.64,5.66,5.56,5.62,3897591,TRY
2016-04-21,5.64,5.73,5.62,5.71,3953489,TRY
2016-04-22,5.71,5.73,5.59,5.64,3452226,TRY
2016-04-25,5.63,5.69,5.59,5.69,2606762,TRY
2016-04-26,5.7,5.75,5.69,5.73,2784074,TRY
2016-04-27,5.75,5.76,5.55,5.57,4793770,TRY
2016-04-28,5.59,5.69,5.57,5.64,4628869,TRY
2016-04-29,5.67,5.69,5.59,5.63,3594201,TRY
2016-05-02,5.62,5.63,5.42,5.44,2955232,TRY
2016-05-03,5.48,5.51,5.26,5.3,5593803,TRY
2016-05-04,5.3,5.45,5.23,5.37,11540455,TRY
2016-05-05,5.23,5.57,5.22,5.53,10414731,TRY
2016-05-06,5.56,5.65,5.44,5.64,17014812,TRY
2016-05-09,5.69,5.9,5.66,5.81,8865870,TRY
2016-05-10,5.85,6.19,5.85,6.17,17140792,TRY
2016-05-11,6.21,6.5,6.18,6.5,11527678,TRY
2016-05-12,6.49,6.5,6.35,6.4,6376407,TRY
2016-05-13,6.36,6.6,6.3,6.6,9490463,TRY
2016-05-16,6.58,6.6,6.37,6.51,4280369,TRY
2016-05-17,6.55,6.69,6.46,6.68,5228906,TRY
2016-05-18,6.65,6.77,6.59,6.66,8822430,TRY
2016-05-20,6.69,7.15,6.69,7.15,10719414,TRY
2016-05-23,7.15,7.21,6.88,6.95,6462807,TRY
2016-05-24,6.94,7.14,6.82,7.05,6468772,TRY
2016-05-25,7.06,7.11,6.67,6.71,8428339,TRY
2016-05-26,6.72,6.98,6.48,6.87,5995315,TRY
2016-05-27,6.9,6.93,6.78,6.83,3711728,TRY
2016-05-30,6.84,6.9,6.79,6.87,1643304,TRY
2016-05-31,6.9,6.95,6.79,6.9,5366751,TRY
2016-06-01,6.9,6.92,6.62,6.62,4004805,TRY
2016-06-02,6.63,6.74,6.57,6.62,2496234,TRY
2016-06-03,6.64,6.82,6.64,6.79,4440076,TRY
2016-06-06,6.81,6.81,6.6,6.62,2833638,TRY
2016-06-07,6.64,6.83,6.64,6.8,7153080,TRY
2016-06-08,6.79,7.0,6.7,6.99,5601224,TRY
2016-06-09,6.9,6.94,6.68,6.69,5985280,TRY
2016-06-10,6.7,6.75,6.61,6.65,1932888,TRY
2016-06-13,6.64,6.75,6.48,6.72,2193752,TRY
2016-06-14,6.77,6.81,6.65,6.79,3044326,TRY
2016-06-15,6.83,6.83,6.73,6.76,1729522,TRY
2016-06-16,6.75,6.88,6.73,6.79,3501814,TRY
2016-06-17,6.82,7.12,6.79,7.12,4082402,TRY
2016-06-20,7.12,7.13,6.96,7.08,3082928,TRY
2016-06-21,7.08,7.45,7.04,7.44,5073465,TRY
2016-06-22,7.49,7.74,7.45,7.74,4886770,TRY
2016-06-23,7.73,7.93,7.62,7.71,9334502,TRY
2016-06-24,7.49,7.64,7.32,7.45,4771763,TRY
2016-06-27,7.37,7.46,7.26,7.26,2147236,TRY
2016-06-28,7.33,7.77,7.33,7.69,4827655,TRY
2016-06-29,7.71,7.71,7.54,7.63,2136746,TRY
2016-06-30,7.66,7.67,7.02,7.1,8685311,TRY
2016-07-01,7.16,7.43,7.13,7.33,2465955,TRY
2016-07-04,7.34,7.38,7.24,7.26,389808,TRY
2016-07-08,7.27,7.36,7.1,7.18,1790489,TRY
2016-07-11,7.24,7.33,7.17,7.26,1980924,TRY
2016-07-12,7.28,7.32,7.21,7.24,2354354,TRY
2016-07-13,7.26,7.3,7.19,7.2,1534579,TRY
2016-07-14,7.23,7.72,7.23,7.69,5440886,TRY
2016-07-15,7.71,7.77,7.56,7.7,2721417,TRY
2016-07-18,7.33,7.59,7.01,7.33,3365273,TRY
2016-07-19,7.37,7.81,7.33,7.6,3111872,TRY
2016-07-20,7.6,7.76,7.49,7.49,2944481,TRY
2016-07-21,7.48,7.48,6.86,7.05,3410161,TRY
2016-07-22,7.15,7.27,6.77,7.04,4333346,TRY
2016-07-25,7.09,7.18,6.99,7.01,2662029,TRY
2016-07-26,7.1,7.13,6.76,6.76,2358617,TRY
2016-07-27,6.8,6.83,6.62,6.79,1693658,TRY
2016-07-28,6.84,7.06,6.84,6.9,1701984,TRY
2016-07-29,6.96,7.12,6.69,7.09,2633826,TRY
2016-08-01,7.13,7.33,7.13,7.29,2086356,TRY
2016-08-02,7.28,7.31,7.21,7.22,1368609,TRY
2016-08-03,7.18,7.29,6.71,6.8,3495175,TRY
2016-08-04,6.82,6.91,6.78,6.83,1796824,TRY
2016-08-05,6.89,6.93,6.72,6.85,1382743,TRY
2016-08-08,6.94,6.97,6.88,6.9,1632078,TRY
2016-08-09,6.9,6.99,6.88,6.92,1824245,TRY
2016-08-10,6.92,7.27,6.92,7.08,4007459,TRY
2016-08-11,7.16,7.21,6.91,6.97,2444425,TRY
2016-08-12,6.99,7.06,6.83,6.86,1950830,TRY
2016-08-15,6.92,7.03,6.92,6.93,1715470,TRY
2016-08-16,6.97,7.0,6.72,6.72,2043559,TRY
2016-08-17,6.74,6.8,6.69,6.69,1976589,TRY
2016-08-18,6.78,6.82,6.72,6.79,1828389,TRY
2016-08-19,6.77,6.77,6.44,6.47,3703213,TRY
2016-08-22,6.47,6.47,6.36,6.4,2140831,TRY
2016-08-23,6.45,7.6,6.43,7.46,46433708,TRY
2016-08-24,7.44,7.63,7.3,7.33,23937864,TRY
2016-08-25,7.41,7.45,7.12,7.12,13128847,TRY
2016-08-26,7.14,7.22,6.95,6.96,14580709,TRY
2016-08-29,6.95,7.11,6.92,6.94,7181966,TRY
2016-08-31,6.99,7.26,6.91,7.07,16342059,TRY
2016-09-01,7.11,7.12,6.8,6.8,8282520,TRY
2016-09-02,6.82,7.0,6.81,6.88,6598189,TRY
2016-09-05,6.92,6.98,6.87,6.89,4746796,TRY
2016-09-06,6.9,6.91,6.79,6.79,4224414,TRY
2016-09-07,6.83,7.08,6.82,6.89,17854788,TRY
2016-09-08,6.96,7.05,6.91,7.04,8892206,TRY
2016-09-09,7.05,7.06,6.85,6.87,7087784,TRY
2016-09-16,6.88,6.91,6.77,6.79,4609731,TRY
2016-09-19,6.84,6.99,6.8,6.98,6165417,TRY
2016-09-20,7.02,7.22,7.0,7.16,13850169,TRY
2016-09-21,7.19,7.26,7.13,7.13,5699007,TRY
2016-09-22,7.19,7.41,7.19,7.39,7620067,TRY
2016-09-23,7.41,7.48,7.32,7.36,4661975,TRY
2016-09-26,7.04,7.15,6.97,7.1,2983632,TRY
2016-09-27,7.15,7.29,7.1,7.26,3948384,TRY
2016-09-28,7.29,7.31,7.2,7.22,2246390,TRY
2016-09-29,7.25,7.49,7.12,7.42,6256558,TRY
2016-09-30,7.81,8.29,7.4,7.44,16163950,TRY
2016-10-03,7.48,7.49,7.29,7.3,4512966,TRY
2016-10-04,7.31,7.32,7.09,7.09,5084089,TRY
2016-10-05,6.91,7.02,6.81,6.9,15257731,TRY
2016-10-06,6.91,7.17,6.91,7.14,29415858,TRY
2016-10-07,7.17,7.22,7.04,7.04,6530104,TRY
2016-10-10,7.1,7.11,7.0,7.09,2812941,TRY
2016-10-11,7.07,7.19,7.02,7.13,7949877,TRY
2016-10-12,7.16,7.17,7.0,7.02,4378350,TRY
2016-10-13,7.05,7.31,6.94,7.1,7889972,TRY
2016-10-14,7.15,7.59,7.1,7.51,18124956,TRY
2016-10-17,7.59,7.77,7.53,7.69,12002312,TRY
2016-10-18,7.76,7.76,7.63,7.64,4079405,TRY
2016-10-19,7.69,7.86,7.68,7.86,5327232,TRY
2016-10-20,7.89,7.95,7.82,7.86,3067489,TRY
2016-10-21,7.9,7.91,7.8,7.83,1830607,TRY
2016-10-24,7.84,8.07,7.81,8.03,3129893,TRY
2016-10-25,8.03,8.12,7.94,7.95,2750327,TRY
2016-10-26,7.99,8.02,7.9,7.93,1894908,TRY
2016-10-27,7.91,7.95,7.78,7.81,1705593,TRY
2016-10-28,7.76,7.81,7.65,7.67,1096022,TRY
2016-10-31,7.71,7.82,7.5,7.57,2836864,TRY
2016-11-01,7.57,7.59,7.3,7.32,2547439,TRY
2016-11-02,7.3,7.39,7.24,7.26,2383795,TRY
2016-11-03,7.3,7.32,7.06,7.06,5142523,TRY
2016-11-04,6.89,6.99,6.86,6.86,2828854,TRY
2016-11-07,6.94,7.09,6.94,7.03,2971668,TRY
2016-11-08,7.02,7.06,6.84,6.9,3110197,TRY
2016-11-09,6.74,7.0,6.69,6.91,2086617,TRY
2016-11-10,7.0,7.04,6.88,6.88,1968599,TRY
2016-11-11,6.85,6.93,6.68,6.68,2880276,TRY
2016-11-14,6.73,6.78,6.51,6.51,2371635,TRY
2016-11-15,6.55,6.98,6.55,6.91,7017478,TRY
2016-11-16,6.97,6.97,6.69,6.7,5333757,TRY
2016-11-17,6.74,6.79,6.61,6.65,2597211,TRY
2016-11-18,6.66,6.72,6.59,6.68,1570371,TRY
2016-11-21,6.74,6.75,6.52,6.55,3002793,TRY
2016-11-22,6.55,6.59,6.43,6.46,4388489,TRY
2016-11-23,6.51,6.51,6.25,6.25,3452713,TRY
2016-11-24,6.24,6.31,6.04,6.14,5807228,TRY
2016-11-25,6.07,6.31,6.03,6.21,6557284,TRY
2016-11-28,6.28,6.29,6.06,6.07,7271794,TRY
2016-11-29,6.07,6.13,5.96,5.96,4202054,TRY
2016-11-30,5.99,6.01,5.78,5.85,4715805,TRY
2016-12-01,5.86,5.86,5.65,5.72,4279600,TRY
2016-12-02,5.73,5.86,5.65,5.83,4652498,TRY
2016-12-05,5.81,5.89,5.76,5.83,3848231,TRY
2016-12-06,5.87,6.12,5.85,6.12,8396400,TRY
2016-12-07,6.13,6.25,6.02,6.1,7912582,TRY
2016-12-08,6.12,6.17,6.07,6.13,5945577,TRY
2016-12-09,6.17,6.26,6.15,6.16,7764967,TRY
2016-12-12,6.13,6.16,6.04,6.16,5810491,TRY
2016-12-13,6.2,6.35,6.17,6.27,14105083,TRY
2016-12-14,6.3,6.47,6.29,6.38,9710192,TRY
2016-12-15,6.38,6.48,6.31,6.39,5428960,TRY
2016-12-16,6.43,6.44,6.29,6.3,4949931,TRY
2016-12-19,6.35,6.35,6.22,6.26,3492221,TRY
2016-12-20,6.26,6.35,6.25,6.31,3303347,TRY
2016-12-21,6.35,6.44,6.34,6.36,5014802,TRY
2016-12-22,6.38,6.4,6.27,6.29,2688893,TRY
2016-12-23,6.31,6.32,6.19,6.19,2229633,TRY
2016-12-26,6.19,6.22,6.17,6.17,714916,TRY
2016-12-27,6.2,6.2,6.08,6.12,1387396,TRY
2016-12-28,6.11,6.22,6.08,6.21,3541526,TRY
2016-12-29,6.23,6.3,6.23,6.28,3279905,TRY
2016-12-30,6.28,6.31,5.69,6.23,3476596,TRY
2017-01-02,6.22,6.34,6.16,6.31,3770122,TRY
2017-01-03,6.32,6.34,6.17,6.22,3561140,TRY
2017-01-04,6.23,6.25,6.09,6.09,2198435,TRY
2017-01-05,6.12,6.2,6.06,6.12,2539471,TRY
2017-01-06,6.13,6.15,6.1,6.12,2058548,TRY
2017-01-09,6.1,6.26,6.08,6.25,7368914,TRY
2017-01-10,6.25,6.42,6.25,6.41,12656048,TRY
2017-01-11,6.37,6.4,6.3,6.3,6736161,TRY
2017-01-12,6.35,6.53,6.34,6.47,17535760,TRY
2017-01-13,6.48,6.79,6.46,6.79,22427888,TRY
2017-01-16,6.81,6.88,6.67,6.8,10241999,TRY
2017-01-17,6.84,6.87,6.78,6.81,7274101,TRY
2017-01-18,6.81,6.99,6.81,6.9,7491330,TRY
2017-01-19,6.99,6.99,6.8,6.8,3871533,TRY
2017-01-20,6.81,6.94,6.79,6.87,6044264,TRY
2017-01-23,6.9,6.97,6.83,6.86,5820958,TRY
2017-01-24,6.89,7.21,6.84,7.18,13738625,TRY
2017-01-25,7.2,7.26,7.04,7.16,9002452,TRY
2017-01-26,7.19,7.19,7.06,7.09,4399516,TRY
2017-01-27,7.07,7.14,6.99,7.0,2844207,TRY
2017-01-30,7.02,7.2,7.0,7.16,8406238,TRY
2017-01-31,7.2,7.34,7.1,7.27,12545924,TRY
2017-02-01,7.35,7.59,7.34,7.38,19188950,TRY
2017-02-02,7.42,7.48,7.32,7.41,10287295,TRY
2017-02-03,7.42,7.49,7.38,7.43,7269150,TRY
2017-02-06,7.47,7.55,7.44,7.44,11540157,TRY
2017-02-07,7.44,7.6,7.42,7.52,11441722,TRY
2017-02-08,7.55,7.59,7.51,7.52,6545722,TRY
2017-02-09,7.55,7.57,7.39,7.39,7520532,TRY
2017-02-10,7.42,7.48,7.24,7.24,4613313,TRY
2017-02-13,7.27,7.5,7.26,7.49,6321331,TRY
2017-02-14,7.51,7.51,7.3,7.38,6649667,TRY
2017-02-15,7.39,7.52,7.33,7.38,13747731,TRY
2017-02-16,7.42,7.49,7.4,7.4,10968232,TRY
2017-02-17,7.41,7.45,7.37,7.4,4821017,TRY
2017-02-20,7.44,7.52,7.4,7.46,7265914,TRY
2017-02-21,7.5,7.61,7.49,7.61,10905777,TRY
2017-02-22,7.63,7.64,7.4,7.5,10710823,TRY
2017-02-23,7.54,7.6,7.51,7.58,9562833,TRY
2017-02-24,7.62,7.65,7.48,7.49,12310005,TRY
2017-02-27,7.52,7.65,7.47,7.65,8683134,TRY
2017-02-28,7.65,7.71,7.54,7.6,11971243,TRY
2017-03-01,7.61,8.06,7.61,8.05,14830672,TRY
2017-03-02,8.1,8.48,8.05,8.47,12255689,TRY
2017-03-03,8.45,8.66,8.35,8.63,6411623,TRY
2017-03-06,8.67,8.67,8.5,8.59,3152084,TRY
2017-03-07,8.58,8.67,8.45,8.55,4188099,TRY
2017-03-08,8.62,8.62,8.3,8.35,3743059,TRY
2017-03-09,8.36,8.73,8.23,8.7,6886007,TRY
2017-03-10,8.73,8.9,8.71,8.84,4460882,TRY
2017-03-13,8.67,8.82,8.53,8.54,2001252,TRY
2017-03-14,8.55,8.89,8.53,8.75,4092948,TRY
2017-03-15,8.75,8.82,8.59,8.63,2044950,TRY
2017-03-16,8.68,8.71,8.55,8.6,2144242,TRY
2017-03-17,8.57,8.77,8.57,8.69,2246984,TRY
2017-03-20,8.68,8.85,8.66,8.82,2823557,TRY
2017-03-21,8.79,8.94,8.77,8.84,3277646,TRY
2017-03-22,8.78,8.85,8.68,8.78,2082358,TRY
2017-03-23,8.8,8.83,8.43,8.47,3449962,TRY
2017-03-24,8.45,8.59,8.28,8.51,3284033,TRY
2017-03-27,8.56,8.61,8.36,8.4,2224700,TRY
2017-03-28,8.42,8.42,8.13,8.17,6348006,TRY
2017-03-29,8.2,8.4,8.06,8.21,5049469,TRY
2017-03-30,8.17,8.51,8.17,8.47,4714207,TRY
2017-03-31,8.47,8.75,8.47,8.65,4082865,TRY
2017-04-03,8.68,8.74,8.53,8.67,1311910,TRY
2017-04-04,8.67,8.86,8.61,8.83,2988548,TRY
2017-04-05,8.86,9.08,8.85,9.05,4451865,TRY
2017-04-06,8.99,9.18,8.9,8.9,2937610,TRY
2017-04-07,8.92,8.99,8.75,8.77,2204007,TRY
2017-04-10,8.85,9.08,8.81,9.05,2081337,TRY
2017-04-11,9.02,9.05,8.87,8.96,2164928,TRY
2017-04-12,8.96,9.25,8.95,9.19,3780709,TRY
2017-04-13,9.2,9.23,8.72,8.74,3908639,TRY
2017-04-14,8.73,8.9,8.66,8.74,1202318,TRY
2017-04-17,8.82,8.98,8.77,8.83,1082155,TRY
2017-04-18,8.8,8.84,8.76,8.8,2092287,TRY
2017-04-19,8.85,8.94,8.71,8.71,3356267,TRY
2017-04-20,8.8,9.08,8.78,9.02,4491966,TRY
2017-04-21,9.14,9.42,9.12,9.25,6945713,TRY
2017-04-24,9.3,9.43,9.13,9.24,3534626,TRY
2017-04-25,9.3,9.34,9.05,9.28,4017618,TRY
2017-04-26,9.38,9.45,9.31,9.37,5401145,TRY
2017-04-27,9.41,9.5,9.4,9.46,5765198,TRY
2017-04-28,9.38,9.38,9.08,9.16,10518608,TRY
2017-05-02,9.2,9.29,9.02,9.02,3512494,TRY
2017-05-03,9.06,9.28,9.04,9.16,6232439,TRY
2017-05-04,9.18,9.28,9.14,9.16,3866078,TRY
2017-05-05,9.15,9.65,9.14,9.64,6957800,TRY
2017-05-08,9.69,9.79,9.5,9.6,3163240,TRY
2017-05-09,9.58,9.92,9.51,9.75,3613311,TRY
2017-05-10,9.68,10.02,9.67,9.93,3723615,TRY
2017-05-11,9.99,10.0,9.82,9.85,1954332,TRY
2017-05-12,9.95,9.97,9.78,9.85,1185906,TRY
2017-05-15,9.91,10.0,9.76,10.0,1196289,TRY
2017-05-16,10.03,10.14,9.9,9.9,2151220,TRY
2017-05-17,9.85,9.93,9.79,9.82,1677489,TRY
2017-05-18,9.77,9.86,9.43,9.45,2824638,TRY
2017-05-22,9.58,9.64,9.47,9.5,1751459,TRY
2017-05-23,9.47,9.59,9.39,9.49,1530014,TRY
2017-05-24,9.46,9.79,9.45,9.75,2755932,TRY
2017-05-25,9.81,9.87,9.61,9.63,2893554,TRY
2017-05-26,9.67,9.7,9.51,9.54,1380689,TRY
2017-05-29,9.5,9.65,9.5,9.54,466363,TRY
2017-05-30,9.62,9.66,9.52,9.65,1122572,TRY
2017-05-31,9.69,9.83,9.6,9.64,2746173,TRY
2017-06-01,9.73,9.75,9.41,9.43,1762483,TRY
2017-06-02,9.55,9.6,9.46,9.55,1328453,TRY
2017-06-05,9.5,9.5,9.11,9.12,4635311,TRY
2017-06-06,9.1,9.2,8.92,9.02,2720413,TRY
2017-06-07,9.0,9.01,8.72,8.72,4285571,TRY
2017-06-08,8.74,8.79,8.5,8.58,3206890,TRY
2017-06-09,8.55,8.86,8.54,8.85,4917190,TRY
2017-06-12,8.89,9.0,8.73,8.84,3433370,TRY
2017-06-13,8.88,8.92,8.74,8.9,3172957,TRY
2017-06-14,8.92,8.95,8.8,8.82,1410776,TRY
2017-06-15,8.88,9.12,8.82,8.82,5791758,TRY
2017-06-16,8.86,8.99,8.8,8.8,2474158,TRY
2017-06-19,8.87,8.92,8.78,8.8,1534554,TRY
2017-06-20,8.83,8.9,8.78,8.79,1173235,TRY
2017-06-21,8.82,8.91,8.8,8.89,2380521,TRY
2017-06-22,8.95,8.96,8.8,8.84,1564664,TRY
2017-06-23,8.86,8.88,8.81,8.84,499710,TRY
2017-06-28,8.87,8.87,8.67,8.7,2293754,TRY
2017-06-29,8.8,8.85,8.69,8.73,1355988,TRY
2017-06-30,8.69,8.74,8.66,8.72,1310302,TRY
2017-07-03,8.74,8.96,8.67,8.91,3581954,TRY
2017-07-04,8.92,8.99,8.77,8.77,1748163,TRY
2017-07-05,8.79,8.89,8.7,8.71,1196347,TRY
2017-07-06,8.74,8.76,8.64,8.65,923260,TRY
2017-07-07,8.68,8.84,8.66,8.77,1321317,TRY
2017-07-10,8.85,8.88,8.8,8.81,780806,TRY
2017-07-11,8.81,9.35,8.77,9.22,9484695,TRY
2017-07-12,9.29,9.49,9.28,9.32,4935471,TRY
2017-07-13,9.35,9.45,9.24,9.3,2477353,TRY
2017-07-14,9.34,9.74,9.32,9.74,5063226,TRY
2017-07-17,9.75,9.94,9.75,9.81,2599674,TRY
2017-07-18,9.85,10.2,9.83,10.06,4587775,TRY
2017-07-19,10.12,10.22,10.09,10.1,2248105,TRY
2017-07-20,10.18,10.33,10.06,10.13,4425188,TRY
2017-07-21,10.17,10.36,10.01,10.3,4197996,TRY
2017-07-24,10.36,10.67,10.36,10.56,7229929,TRY
2017-07-25,10.61,10.84,10.61,10.8,4586906,TRY
2017-07-26,10.84,10.95,10.7,10.89,3136730,TRY
2017-07-27,10.95,10.99,10.84,10.95,1600185,TRY
2017-07-28,10.97,10.98,10.78,10.83,1076968,TRY
2017-07-31,10.83,11.05,10.83,10.93,1495764,TRY
2017-08-01,10.94,11.19,10.84,10.98,4555156,TRY
2017-08-02,11.16,11.46,11.06,11.32,3406861,TRY
2017-08-03,11.46,11.69,11.32,11.63,4702908,TRY
2017-08-04,11.7,12.03,11.7,11.97,6303417,TRY
2017-08-07,12.0,12.1,11.77,11.88,2793493,TRY
2017-08-08,11.94,12.13,11.88,12.02,4009689,TRY
2017-08-09,11.97,12.04,11.89,11.95,1561008,TRY
2017-08-10,11.97,12.12,11.93,12.0,1506078,TRY
2017-08-11,11.97,12.23,11.84,12.2,2351196,TRY
2017-08-14,12.32,12.39,12.25,12.28,1666399,TRY
2017-08-15,12.34,12.35,11.95,12.05,1223019,TRY
2017-08-16,11.97,12.26,11.86,11.97,1317267,TRY
2017-08-17,12.09,12.45,12.06,12.37,2151071,TRY
2017-08-18,12.31,12.5,12.19,12.42,1042352,TRY
2017-08-21,12.42,12.5,12.25,12.42,787646,TRY
2017-08-22,12.45,12.5,12.29,12.46,904489,TRY
2017-08-23,12.5,12.8,12.46,12.67,1616547,TRY
2017-08-24,12.71,12.86,12.51,12.57,1307846,TRY
2017-08-25,12.6,12.65,12.52,12.62,529553,TRY
2017-08-28,12.64,12.74,12.41,12.41,576126,TRY
2017-08-29,12.41,12.8,12.26,12.77,950924,TRY
2017-08-31,12.78,12.94,12.74,12.81,1114922,TRY
2017-09-05,12.99,12.99,12.12,12.17,2240508,TRY
2017-09-06,12.22,12.52,12.17,12.23,1663610,TRY
2017-09-07,12.32,12.43,12.22,12.24,1079065,TRY
2017-09-08,12.3,12.37,11.68,11.89,2115294,TRY
2017-09-11,12.1,12.27,12.04,12.13,1049316,TRY
2017-09-12,12.18,12.21,11.04,11.77,1686315,TRY
2017-09-13,11.77,11.91,11.57,11.62,1068672,TRY
2017-09-14,11.62,11.68,11.3,11.62,987817,TRY
2017-09-15,11.58,11.93,11.58,11.85,1492139,TRY
2017-09-18,11.89,11.89,11.56,11.61,609647,TRY
2017-09-19,11.58,11.67,11.41,11.46,711637,TRY
2017-09-20,11.5,11.88,11.42,11.83,799289,TRY
2017-09-21,11.82,11.82,11.33,11.44,806173,TRY
2017-09-22,11.48,11.57,11.13,11.15,1011128,TRY
2017-09-25,11.15,11.25,10.84,10.97,1104422,TRY
2017-09-26,11.15,11.16,10.81,10.97,1170356,TRY
2017-09-27,10.94,11.58,10.89,11.42,2904489,TRY
2017-09-28,11.42,11.79,11.25,11.74,1304514,TRY
2017-09-29,11.89,11.89,11.57,11.71,1211417,TRY
2017-10-02,11.71,11.9,11.54,11.9,1036120,TRY
2017-10-03,11.9,12.12,11.81,11.87,1383293,TRY
2017-10-04,11.9,12.08,11.83,11.91,1363643,TRY
2017-10-05,12.03,12.05,11.9,11.95,775288,TRY
2017-10-06,12.01,12.03,11.77,11.8,742015,TRY
2017-10-09,11.4,11.69,11.0,11.51,1475560,TRY
2017-10-10,11.65,11.97,11.64,11.95,779404,TRY
2017-10-11,11.9,12.35,11.84,12.27,2054571,TRY
2017-10-12,12.39,12.64,12.39,12.64,863071,TRY
2017-10-13,12.63,12.77,12.37,12.65,996849,TRY
2017-10-16,12.68,12.92,12.53,12.83,972322,TRY
2017-10-17,12.85,12.91,12.72,12.82,801345,TRY
2017-10-18,12.85,12.88,12.62,12.64,625855,TRY
2017-10-19,12.69,12.95,12.67,12.91,743978,TRY
2017-10-20,12.91,12.95,12.73,12.84,791525,TRY
2017-10-23,12.8,13.4,12.5,12.8,1476616,TRY
2017-10-24,12.9,12.94,12.71,12.82,588660,TRY
2017-10-25,12.83,12.9,12.49,12.5,926994,TRY
2017-10-26,12.6,12.92,12.55,12.75,956175,TRY
2017-10-27,12.74,13.16,12.69,12.96,1261678,TRY
2017-10-30,13.0,13.12,12.59,12.69,1404158,TRY
2017-10-31,12.73,12.93,12.58,12.81,1987904,TRY
2017-11-01,12.84,13.7,12.78,13.46,2506738,TRY
2017-11-02,13.5,13.82,13.43,13.43,931636,TRY
2017-11-03,13.55,13.97,13.52,13.76,1427672,TRY
2017-11-06,13.69,14.18,13.45,13.95,2266339,TRY
2017-11-07,14.08,14.38,13.96,14.12,1777603,TRY
2017-11-08,14.16,14.65,14.16,14.54,2244587,TRY
2017-11-09,14.68,14.71,14.0,14.37,951474,TRY
2017-11-10,14.5,14.92,14.15,14.7,1909766,TRY
2017-11-13,14.83,15.0,13.67,13.83,2232742,TRY
2017-11-14,13.9,14.49,13.48,14.37,1189728,TRY
2017-11-15,14.36,14.46,13.8,14.26,1126794,TRY
2017-11-16,14.3,14.42,13.5,13.69,1220295,TRY
2017-11-17,13.82,14.93,13.82,14.6,3329344,TRY
2017-11-20,14.62,14.62,13.98,14.21,1198402,TRY
2017-11-21,14.1,14.92,14.02,14.92,2064383,TRY
2017-11-22,14.85,15.3,14.8,15.25,2548189,TRY
2017-11-23,15.3,15.5,14.96,15.01,919103,TRY
2017-11-24,15.14,15.37,14.63,14.76,1305619,TRY
2017-11-27,14.86,14.87,14.0,14.31,1265859,TRY
2017-11-28,14.3,14.67,14.13,14.45,1737437,TRY
2017-11-29,14.45,14.68,14.25,14.61,1308850,TRY
2017-11-30,14.7,15.25,14.1,14.16,2757135,TRY
2017-12-01,14.19,14.99,14.16,14.61,1757962,TRY
2017-12-04,14.69,15.2,14.64,15.06,1084108,TRY
2017-12-05,15.1,15.54,14.9,15.47,1318744,TRY
2017-12-06,15.5,15.78,15.48,15.53,1380367,TRY
2017-12-07,15.49,15.69,15.39,15.58,1400488,TRY
2017-12-08,15.64,16.56,15.6,16.12,2526337,TRY
2017-12-11,16.2,16.67,15.74,16.03,1727502,TRY
2017-12-12,16.2,16.26,15.64,15.85,1871525,TRY
2017-12-13,15.98,16.13,15.67,15.81,1407048,TRY
2017-12-14,15.86,16.6,15.65,16.55,2998242,TRY
2017-12-15,16.6,16.6,16.12,16.24,2038103,TRY
2017-12-18,16.27,16.39,15.86,15.9,1428367,TRY
2017-12-19,16.05,16.05,15.66,15.81,1215880,TRY
2017-12-20,15.89,15.89,15.25,15.26,1495219,TRY
2017-12-21,15.35,16.71,15.27,16.57,5640375,TRY
2017-12-22,16.72,17.35,15.96,16.06,2329968,TRY
2017-12-25,16.29,16.6,16.08,16.18,349060,TRY
2017-12-26,16.25,16.46,16.18,16.21,463128,TRY
2017-12-27,16.22,16.85,16.19,16.6,1404813,TRY
2017-12-28,16.61,16.95,16.61,16.92,1012585,TRY
2017-12-29,17.0,17.0,16.6,17.0,1416686,TRY
2018-01-02,17.02,17.12,16.71,16.96,1163926,TRY
2018-01-03,17.02,17.1,16.15,16.2,2559275,TRY
2018-01-04,16.2,16.59,16.04,16.19,2053002,TRY
2018-01-05,16.3,16.76,16.2,16.67,1670684,TRY
2018-01-08,16.68,16.83,16.44,16.6,1493818,TRY
2018-01-09,16.6,16.71,16.41,16.57,1187501,TRY
2018-01-10,16.58,16.6,16.25,16.47,1163536,TRY
2018-01-11,16.54,16.59,16.06,16.25,1718218,TRY
2018-01-12,16.3,16.73,16.25,16.3,1685951,TRY
2018-01-15,16.3,16.38,15.76,15.8,1263144,TRY
2018-01-16,15.73,16.17,15.56,16.13,754032,TRY
2018-01-17,16.1,16.3,15.81,16.18,873555,TRY
2018-01-18,16.35,16.41,16.06,16.1,874595,TRY
2018-01-19,16.09,16.24,15.63,15.68,1062871,TRY
2018-01-22,15.68,16.4,15.68,16.4,1209176,TRY
2018-01-23,16.56,16.67,16.34,16.56,1244812,TRY
2018-01-24,16.56,16.67,16.22,16.29,886097,TRY
2018-01-25,16.29,16.29,15.58,15.66,3275340,TRY
2018-01-26,15.67,16.22,15.66,16.0,2526466,TRY
2018-01-29,16.0,16.43,15.99,16.42,1573969,TRY
2018-01-30,16.36,16.6,15.98,16.18,1540798,TRY
2018-01-31,16.09,16.42,15.9,16.22,1710538,TRY
2018-02-01,16.22,16.33,15.94,16.0,926072,TRY
2018-02-02,16.0,16.45,15.75,16.32,2377051,TRY
2018-02-05,16.21,17.0,16.0,16.95,3444048,TRY
2018-02-06,16.78,16.78,16.13,16.34,2091229,TRY
2018-02-07,16.43,16.49,16.03,16.03,2316872,TRY
2018-02-08,16.03,16.75,15.92,16.45,3802236,TRY
2018-02-09,16.25,16.82,16.18,16.76,2253413,TRY
2018-02-12,16.93,16.98,16.45,16.58,802201,TRY
2018-02-13,16.6,16.78,16.46,16.48,921162,TRY
2018-02-14,16.64,16.99,16.5,16.6,1761299,TRY
2018-02-15,16.73,16.95,16.68,16.86,1750047,TRY
2018-02-16,16.9,17.19,16.76,17.07,1635751,TRY
2018-02-19,17.14,17.95,17.11,17.83,2897795,TRY
2018-02-20,17.83,17.88,17.34,17.45,2083012,TRY
2018-02-21,17.44,18.5,17.44,18.08,5068707,TRY
2018-02-22,18.1,18.38,17.28,17.46,2246013,TRY
2018-02-23,17.93,17.98,17.09,17.41,2831697,TRY
2018-02-26,17.53,17.74,17.42,17.6,1357764,TRY
2018-02-27,17.69,18.86,17.62,18.81,5614377,TRY
2018-02-28,18.85,18.85,17.95,18.17,3319374,TRY
2018-03-01,18.22,18.67,18.19,18.57,1745756,TRY
2018-03-02,18.64,18.64,18.05,18.06,977037,TRY
2018-03-05,18.1,18.51,18.1,18.33,1219998,TRY
2018-03-06,18.33,18.67,18.18,18.27,1205528,TRY
2018-03-07,18.17,18.17,17.4,17.72,1614195,TRY
2018-03-08,17.79,18.0,17.58,17.73,971629,TRY
2018-03-09,18.03,18.03,17.46,17.49,1429573,TRY
2018-03-12,17.61,17.81,17.5,17.72,841453,TRY
2018-03-13,17.79,17.98,17.67,17.75,1291584,TRY
2018-03-14,17.67,17.8,17.38,17.38,1544161,TRY
2018-03-15,17.44,17.68,17.35,17.49,1646267,TRY
2018-03-16,17.57,17.65,17.28,17.5,3702728,TRY
2018-03-19,17.48,17.74,17.2,17.6,1128643,TRY
2018-03-20,17.67,17.69,17.35,17.49,1048095,TRY
2018-03-21,17.49,17.76,17.47,17.56,1594515,TRY
2018-03-22,17.65,17.73,17.54,17.69,1172056,TRY
2018-03-23,16.85,17.24,16.67,17.06,1186894,TRY
2018-03-26,17.09,17.2,16.77,16.83,1393161,TRY
2018-03-27,16.91,17.04,16.78,16.79,1357347,TRY
2018-03-28,16.76,16.87,16.29,16.38,1313372,TRY
2018-03-29,16.38,16.63,16.22,16.38,1436962,TRY
2018-03-30,16.52,16.54,16.41,16.43,265444,TRY
2018-04-02,16.48,16.88,16.44,16.77,661467,TRY
2018-04-03,16.81,16.83,16.46,16.6,1111412,TRY
2018-04-04,16.77,17.08,16.61,17.0,1609674,TRY
2018-04-05,17.11,17.2,16.91,17.2,820813,TRY
2018-04-06,17.15,17.15,16.97,17.15,630483,TRY
2018-04-09,17.15,17.33,16.96,17.33,1340868,TRY
2018-04-10,17.35,17.74,16.56,16.83,2158160,TRY
2018-04-11,16.21,17.18,16.21,16.97,2282982,TRY
2018-04-12,16.85,17.65,16.85,17.45,1140322,TRY
2018-04-13,17.45,17.45,16.62,16.7,2153692,TRY
2018-04-16,16.82,17.25,16.73,17.23,958841,TRY
2018-04-17,17.23,17.36,15.75,16.63,1897339,TRY
2018-04-18,16.63,17.0,16.13,16.9,2275595,TRY
2018-04-19,16.9,17.23,16.85,17.1,1184428,TRY
2018-04-20,17.09,17.31,17.0,17.01,1151447,TRY
2018-04-24,17.01,17.72,16.89,17.55,2482326,TRY
2018-04-25,17.73,17.94,17.5,17.54,2226184,TRY
2018-04-26,17.55,17.63,16.73,16.85,1810378,TRY
2018-04-27,17.2,17.2,15.9,16.04,3722725,TRY
2018-04-30,16.4,16.4,14.9,15.38,3046928,TRY
2018-05-02,15.42,16.08,15.17,16.07,2638089,TRY
2018-05-03,16.1,16.33,15.6,15.82,2478045,TRY
2018-05-04,15.7,16.04,15.51,15.77,1875131,TRY
2018-05-07,15.89,15.98,15.49,15.7,1253605,TRY
2018-05-08,15.66,15.86,15.2,15.5,1216385,TRY
2018-05-09,15.44,16.13,15.34,15.59,1145273,TRY
2018-05-10,15.72,15.8,15.08,15.3,1364525,TRY
2018-05-11,15.3,15.46,15.12,15.17,976676,TRY
2018-05-14,15.17,15.37,15.02,15.06,1798923,TRY
2018-05-15,15.13,15.41,14.93,15.26,1743595,TRY
2018-05-16,15.27,15.31,14.95,15.04,922254,TRY
2018-05-17,15.05,15.4,13.6,15.02,1626997,TRY
2018-05-18,15.06,15.22,14.98,15.04,1591272,TRY
2018-05-21,15.08,15.37,14.95,15.29,1461681,TRY
2018-05-22,15.42,15.76,15.28,15.63,943482,TRY
2018-05-23,15.63,15.9,15.18,15.42,1669636,TRY
2018-05-24,15.55,15.59,15.02,15.03,865779,TRY
2018-05-25,15.15,15.42,15.02,15.4,1253722,TRY
2018-05-28,15.54,15.79,15.5,15.59,1183348,TRY
2018-05-29,15.59,15.71,15.2,15.3,1751014,TRY
2018-05-30,15.3,15.58,15.25,15.33,2007499,TRY
2018-05-31,15.35,15.41,14.95,15.14,2443957,TRY
2018-06-01,15.13,15.67,14.84,15.57,1690638,TRY
2018-06-04,15.6,17.0,15.27,15.31,1131788,TRY
2018-06-05,15.4,15.56,14.9,15.05,1581251,TRY
2018-06-06,15.05,15.19,14.85,14.96,2295281,TRY
2018-06-07,14.95,15.3,14.93,15.1,1637192,TRY
2018-06-08,15.03,15.33,14.86,15.15,1463252,TRY
2018-06-11,15.1,15.15,14.32,14.57,1475667,TRY
2018-06-12,14.52,14.77,14.25,14.35,1170722,TRY
2018-06-13,14.26,14.72,13.8,14.0,2361645,TRY
2018-06-14,13.93,13.93,13.24,13.61,1569591,TRY
2018-06-18,13.55,14.24,13.5,14.02,1834314,TRY
2018-06-19,14.04,14.65,13.93,14.59,1800393,TRY
2018-06-20,14.55,15.07,14.05,14.97,2911208,TRY
2018-06-21,15.09,15.16,14.83,15.1,2379592,TRY
2018-06-22,15.21,15.35,14.9,14.95,962786,TRY
2018-06-25,15.1,15.88,15.1,15.78,1657640,TRY
2018-06-26,15.85,16.52,15.85,16.45,1639093,TRY
2018-06-27,16.54,16.67,16.15,16.28,1496337,TRY
2018-06-28,16.28,16.67,16.24,16.37,864112,TRY
2018-06-29,16.5,17.56,16.45,17.35,2421150,TRY
2018-07-02,17.17,17.49,16.91,17.2,1584692,TRY
2018-07-03,17.21,17.84,17.09,17.45,1472807,TRY
2018-07-04,17.45,17.95,17.34,17.73,1445165,TRY
2018-07-05,17.75,17.98,17.61,17.67,1141094,TRY
2018-07-06,17.67,17.97,17.4,17.77,1087723,TRY
2018-07-09,17.8,18.17,17.09,17.29,1755506,TRY
2018-07-10,17.16,17.98,17.02,17.82,1902461,TRY
2018-07-11,17.81,18.74,17.3,18.01,3679409,TRY
2018-07-12,18.02,18.41,16.97,17.72,2053777,TRY
2018-07-13,17.67,18.92,17.48,18.82,2468966,TRY
2018-07-16,19.0,19.21,18.45,19.09,1750800,TRY
2018-07-17,19.16,19.18,18.48,18.7,1770483,TRY
2018-07-18,18.7,18.86,17.82,18.39,1676018,TRY
2018-07-19,18.5,18.5,17.91,18.47,1355178,TRY
2018-07-20,18.5,19.3,18.34,18.45,2307072,TRY
2018-07-23,18.59,18.71,18.17,18.33,935958,TRY
2018-07-24,18.45,18.52,17.51,17.63,1685184,TRY
2018-07-25,17.68,18.94,17.64,18.9,1931376,TRY
2018-07-26,18.96,19.03,18.17,18.32,1604022,TRY
2018-07-27,18.32,18.54,16.5,18.35,900244,TRY
2018-07-30,18.45,19.45,17.79,18.64,2906298,TRY
2018-07-31,18.73,19.62,18.39,19.5,2891309,TRY
2018-08-01,19.57,19.89,18.65,19.14,2820633,TRY
2018-08-02,18.81,19.3,18.51,19.02,1596358,TRY
2018-08-03,19.13,19.29,18.55,18.87,1402580,TRY
2018-08-06,18.83,18.83,17.68,18.03,2013137,TRY
2018-08-07,18.06,18.61,18.0,18.46,1555105,TRY
2018-08-08,18.55,19.85,18.55,19.65,2403178,TRY
2018-08-09,19.35,20.22,18.99,19.85,1762284,TRY
2018-08-10,19.56,20.52,19.06,20.2,3813632,TRY
2018-08-13,19.99,21.7,19.4,21.38,3231893,TRY
2018-08-14,21.4,21.62,20.42,21.02,1954858,TRY
2018-08-15,21.4,21.4,19.51,19.81,2945130,TRY
2018-08-16,20.2,20.2,18.01,18.43,2946683,TRY
2018-08-17,18.55,19.65,18.14,19.42,2293574,TRY
2018-08-20,19.51,19.91,19.42,19.76,399996,TRY
2018-08-27,19.99,20.16,19.45,20.14,1333668,TRY
2018-08-28,20.14,21.2,19.81,20.98,1544926,TRY
2018-08-29,20.84,21.12,20.08,20.7,1832604,TRY
2018-08-31,20.7,20.92,20.24,20.46,1316437,TRY
2018-09-03,20.26,20.9,20.14,20.8,797792,TRY
2018-09-04,20.92,20.96,20.46,20.68,1082114,TRY
2018-09-05,20.64,21.26,20.5,20.52,1573371,TRY
2018-09-06,20.56,20.8,19.71,19.79,1179058,TRY
2018-09-07,19.79,19.91,19.3,19.57,949402,TRY
2018-09-10,19.6,19.77,19.12,19.34,1563483,TRY
2018-09-11,19.29,19.53,18.93,19.2,1295948,TRY
2018-09-12,19.32,20.24,19.32,19.8,1995776,TRY
2018-09-13,19.92,20.36,19.47,20.12,1801875,TRY
2018-09-14,20.32,20.96,20.24,20.62,1053850,TRY
2018-09-17,20.66,21.0,20.42,20.7,1024428,TRY
2018-09-18,20.7,21.66,20.7,21.48,2258410,TRY
2018-09-19,21.6,22.78,21.3,21.52,2886770,TRY
2018-09-20,21.9,22.58,21.76,22.46,1887176,TRY
2018-09-21,22.6,23.0,22.12,23.0,1796678,TRY
2018-09-24,23.1,23.18,22.18,22.28,1080559,TRY
2018-09-25,22.3,22.72,22.0,22.4,907854,TRY
2018-09-26,22.36,22.4,21.64,21.66,1078355,TRY
2018-09-27,21.78,22.38,21.78,22.04,1362893,TRY
2018-09-28,22.04,22.04,20.8,21.62,1976579,TRY
2018-10-01,21.94,21.94,21.32,21.7,887951,TRY
2018-10-02,21.84,21.84,20.86,21.46,992380,TRY
2018-10-03,21.64,21.96,21.16,21.68,1644852,TRY
2018-10-04,21.7,22.64,21.46,22.42,1841719,TRY
2018-10-05,22.42,22.42,21.5,21.72,1635499,TRY
2018-10-08,21.52,21.54,21.02,21.1,993175,TRY
2018-10-09,21.6,21.98,21.04,21.68,1376212,TRY
2018-10-10,21.54,22.42,21.38,22.4,1462809,TRY
2018-10-11,22.28,22.5,21.64,22.06,1705970,TRY
2018-10-12,22.4,23.26,21.84,23.04,2996219,TRY
2018-10-15,23.18,23.2,22.18,22.22,1090582,TRY
2018-10-16,22.24,22.56,22.04,22.34,1283857,TRY
2018-10-17,22.64,23.14,22.04,22.44,1937173,TRY
2018-10-18,22.32,23.8,22.32,23.22,2471871,TRY
2018-10-19,23.38,23.42,22.2,22.74,2825474,TRY
2018-10-22,23.0,23.22,22.58,23.04,1223834,TRY
2018-10-23,22.86,23.76,22.26,22.92,1994621,TRY
2018-10-24,22.92,23.6,22.48,23.12,2609452,TRY
2018-10-25,23.0,23.42,22.24,22.54,3039507,TRY
2018-10-26,22.7,22.92,21.14,21.7,4266056,TRY
2018-10-30,21.7,21.9,20.5,21.0,2839239,TRY
2018-10-31,21.2,22.22,20.5,21.24,3562827,TRY
2018-11-01,21.24,23.06,21.24,21.74,3155539,TRY
2018-11-02,21.9,23.08,21.9,22.94,2087004,TRY
2018-11-05,23.06,23.1,22.54,22.62,1273658,TRY
2018-11-06,22.86,23.5,22.46,23.38,1958282,TRY
2018-11-07,23.3,23.46,22.36,22.62,2169567,TRY
2018-11-08,22.68,23.06,22.54,22.76,1608762,TRY
2018-11-09,22.76,23.0,22.28,22.78,1555386,TRY
2018-11-12,22.9,23.44,22.62,23.1,1797853,TRY
2018-11-13,22.98,23.36,22.98,23.24,1469473,TRY
2018-11-14,22.02,22.96,22.02,22.66,2315964,TRY
2018-11-15,22.86,22.86,22.1,22.24,1797722,TRY
2018-11-16,22.36,22.74,22.2,22.66,1516999,TRY
2018-11-19,22.72,22.72,22.32,22.6,1141402,TRY
2018-11-20,22.54,22.54,20.96,21.16,1566199,TRY
2018-11-21,21.28,21.7,20.86,21.02,1675220,TRY
2018-11-22,21.5,21.5,20.48,20.58,1077677,TRY
2018-11-23,20.5,20.7,19.93,20.36,1095688,TRY
2018-11-26,20.26,20.68,20.12,20.26,1137766,TRY
2018-11-27,20.24,21.0,20.14,20.9,2105457,TRY
2018-11-28,20.94,21.12,20.04,20.04,1744901,TRY
2018-11-29,20.22,20.44,20.16,20.16,1276124,TRY
2018-11-30,20.16,20.26,20.0,20.04,1173471,TRY
2018-12-03,20.14,20.48,19.72,19.79,1542803,TRY
2018-12-04,19.9,20.3,19.0,20.12,2111110,TRY
2018-12-05,20.24,20.64,20.14,20.32,1753016,TRY
2018-12-06,20.42,20.96,20.38,20.86,1915925,TRY
2018-12-07,20.86,21.12,20.58,20.58,1380534,TRY
2018-12-10,20.52,20.84,19.75,19.8,1081482,TRY
2018-12-11,19.8,20.4,19.45,20.4,1317321,TRY
2018-12-12,20.5,20.68,20.14,20.46,1695375,TRY
2018-12-13,20.52,21.42,20.52,20.96,1377568,TRY
2018-12-14,20.98,21.62,20.94,21.56,2643010,TRY
2018-12-17,21.56,22.32,21.2,22.0,1696431,TRY
2018-12-18,21.88,22.9,21.7,22.9,1843579,TRY
2018-12-19,22.94,22.96,22.22,22.42,2357025,TRY
2018-12-20,22.26,22.38,21.76,21.92,965913,TRY
2018-12-21,21.92,22.34,21.8,22.14,1911937,TRY
2018-12-24,22.24,22.26,21.28,21.6,1846343,TRY
2018-12-25,21.5,21.5,21.26,21.26,155339,TRY
2018-12-26,21.4,21.4,21.06,21.2,251502,TRY
2018-12-27,21.22,21.82,21.22,21.68,1377762,TRY
2018-12-28,21.66,21.86,20.3,20.34,2058711,TRY
2018-12-31,20.36,20.72,19.75,20.72,1019011,TRY
2019-01-02,20.62,20.62,19.94,20.3,1011781,TRY
2019-01-03,20.2,20.26,19.5,19.71,1020153,TRY
2019-01-04,19.5,20.14,19.5,19.92,1563472,TRY
2019-01-07,20.0,20.34,20.0,20.34,906688,TRY
2019-01-08,20.48,20.88,20.1,20.88,1753568,TRY
2019-01-09,20.9,21.74,20.8,21.7,1878213,TRY
2019-01-10,21.76,22.06,21.2,21.5,1626229,TRY
2019-01-11,21.56,21.62,20.6,20.76,1259662,TRY
2019-01-14,20.76,21.16,20.42,21.12,993963,TRY
2019-01-15,21.22,21.84,21.18,21.38,1399283,TRY
2019-01-16,21.4,21.9,21.38,21.74,1114131,TRY
2019-01-17,21.7,22.3,21.6,22.28,744985,TRY
2019-01-18,22.44,23.0,21.84,22.88,1381380,TRY
2019-01-21,22.88,23.14,22.56,22.86,791048,TRY
2019-01-22,22.86,23.98,22.7,23.9,1538941,TRY
2019-01-23,23.88,24.38,23.22,23.5,1884523,TRY
2019-01-24,23.76,24.38,23.26,24.2,1763769,TRY
2019-01-25,24.4,24.84,23.9,24.42,1302715,TRY
2019-01-28,24.16,24.64,23.64,23.8,1472490,TRY
2019-01-29,23.78,24.4,23.46,24.28,982413,TRY
2019-01-30,24.28,24.84,24.18,24.3,1281406,TRY
2019-01-31,24.62,25.26,24.38,24.66,1024484,TRY
2019-02-01,24.7,24.78,24.0,24.0,635136,TRY
2019-02-04,24.14,24.38,23.1,23.52,970565,TRY
2019-02-05,23.84,24.42,23.38,24.42,1547635,TRY
2019-02-06,24.42,25.32,24.42,24.9,989617,TRY
2019-02-07,24.86,25.7,24.8,25.5,1197909,TRY
2019-02-08,25.44,25.66,25.0,25.08,531623,TRY
2019-02-11,25.44,25.82,25.04,25.12,639523,TRY
2019-02-12,25.2,25.56,24.82,25.3,857088,TRY
2019-02-13,25.42,25.46,23.64,24.1,1630532,TRY
2019-02-14,24.24,24.24,23.32,23.98,1172568,TRY
2019-02-15,24.18,24.18,23.24,23.7,602166,TRY
2019-02-18,23.7,24.18,23.5,23.52,524472,TRY
2019-02-19,23.56,23.74,22.98,23.28,537646,TRY
2019-02-20,23.22,23.84,22.82,22.9,1425742,TRY
2019-02-21,23.0,23.98,22.74,23.74,1215725,TRY
2019-02-22,24.0,24.94,23.94,24.74,1246233,TRY
2019-02-25,24.94,25.44,24.88,25.1,999421,TRY
2019-02-26,24.94,25.88,24.86,25.28,1217571,TRY
2019-02-27,25.34,25.76,24.92,24.92,872225,TRY
2019-02-28,24.88,26.52,24.88,26.4,1376599,TRY
2019-03-01,26.4,26.52,25.62,25.9,1452052,TRY
2019-03-04,26.0,26.38,25.54,26.26,1056659,TRY
2019-03-05,26.2,26.2,25.04,25.16,1546809,TRY
2019-03-06,25.24,25.34,24.66,24.94,1362479,TRY
2019-03-07,24.94,25.98,24.86,25.76,1649239,TRY
2019-03-08,25.44,26.4,25.04,26.16,1559166,TRY
2019-03-11,26.3,26.46,25.78,25.84,876854,TRY
2019-03-12,26.12,26.18,24.92,25.66,1166019,TRY
2019-03-13,25.72,25.86,24.36,24.62,1942297,TRY
2019-03-14,24.72,24.92,24.3,24.52,974722,TRY
2019-03-15,24.7,24.72,24.16,24.3,1459886,TRY
2019-03-18,24.36,24.94,24.08,24.88,1348140,TRY
2019-03-19,23.78,26.13,23.69,25.49,4345794,TRY
2019-03-20,25.39,25.83,24.92,24.92,1629556,TRY
2019-03-21,25.05,25.54,24.46,24.78,776928,TRY
2019-03-22,24.78,24.94,23.97,24.58,935195,TRY
2019-03-25,24.58,24.84,23.8,23.84,1274498,TRY
2019-03-26,24.01,24.2,22.96,23.06,2088764,TRY
2019-03-27,23.06,23.44,21.34,22.28,3521590,TRY
2019-03-28,22.89,23.15,21.7,21.77,3356032,TRY
2019-03-29,21.83,21.92,20.84,21.35,3038656,TRY
2019-04-01,21.32,21.39,20.39,20.52,3582692,TRY
2019-04-02,21.0,21.2,20.46,21.14,3490619,TRY
2019-04-03,21.4,22.34,21.14,22.22,3864885,TRY
2019-04-04,22.26,23.12,22.06,23.12,2536790,TRY
2019-04-05,23.28,23.66,22.92,23.12,2022933,TRY
2019-04-08,23.2,23.74,23.14,23.36,1791579,TRY
2019-04-09,23.76,23.88,23.46,23.86,1389937,TRY
2019-04-10,24.02,24.44,23.86,23.88,1659718,TRY
2019-04-11,23.9,24.32,23.52,24.0,1045426,TRY
2019-04-12,24.0,24.26,23.88,24.26,820552,TRY
2019-04-15,24.3,24.56,23.9,23.9,913137,TRY
2019-04-16,23.94,24.52,23.84,24.34,1199210,TRY
2019-04-17,24.46,25.2,24.36,24.64,2074932,TRY
2019-04-18,24.68,24.7,24.12,24.44,939334,TRY
2019-04-19,24.54,24.58,24.38,24.52,136522,TRY
2019-04-22,23.92,24.84,23.92,24.66,307900,TRY
2019-04-24,24.46,25.7,24.46,25.64,1794653,TRY
2019-04-25,25.64,26.22,25.12,25.3,1376797,TRY
2019-04-26,25.48,25.62,24.88,25.06,1641415,TRY
2019-04-29,25.3,25.94,25.12,25.62,1491991,TRY
2019-04-30,25.62,26.64,25.62,26.62,2374261,TRY
2019-05-02,26.76,26.84,25.38,25.58,1270052,TRY
2019-05-03,25.64,25.9,24.88,25.9,860435,TRY
2019-05-06,25.32,25.8,25.12,25.5,757941,TRY
2019-05-07,24.72,25.66,24.62,25.56,1153615,TRY
2019-05-08,25.76,26.14,25.46,25.96,848745,TRY
2019-05-09,25.8,26.14,25.32,25.5,702163,TRY
2019-05-10,26.02,26.02,25.3,25.3,725391,TRY
2019-05-13,25.48,25.6,24.28,24.6,1217918,TRY
2019-05-14,24.58,24.68,24.12,24.52,1337312,TRY
2019-05-15,24.7,24.7,24.02,24.16,863210,TRY
2019-05-16,24.28,24.68,24.2,24.24,769360,TRY
2019-05-17,24.18,24.24,23.7,23.8,742835,TRY
2019-05-20,24.06,24.08,23.26,23.46,689359,TRY
2019-05-21,23.4,23.54,22.74,23.16,1547762,TRY
2019-05-22,23.18,23.32,22.42,22.76,1271211,TRY
2019-05-23,22.82,22.84,21.9,22.7,1500963,TRY
2019-05-24,22.9,23.18,22.6,22.88,1771899,TRY
2019-05-27,23.0,23.94,23.0,23.6,1102264,TRY
2019-05-28,23.72,24.88,23.7,24.54,2060531,TRY
2019-05-29,24.54,25.24,24.48,24.8,2544113,TRY
2019-05-30,25.0,25.1,24.56,24.66,1322985,TRY
2019-05-31,24.74,25.0,24.64,24.88,1468411,TRY
2019-06-03,25.12,26.02,25.1,25.86,899906,TRY
2019-06-07,25.8,26.54,25.4,26.44,1183659,TRY
2019-06-10,26.4,26.62,25.38,26.26,1635483,TRY
2019-06-11,26.16,26.24,25.2,25.3,1177368,TRY
2019-06-12,25.42,26.14,25.14,25.3,1189390,TRY
2019-06-13,25.3,26.0,25.28,25.62,1310416,TRY
2019-06-14,25.72,26.4,25.64,26.34,1349363,TRY
2019-06-17,26.5,27.0,26.04,26.96,927156,TRY
2019-06-18,26.9,27.32,26.34,27.2,1288981,TRY
2019-06-19,27.16,27.4,26.46,26.7,1103370,TRY
2019-06-20,26.82,27.22,25.96,25.96,1164217,TRY
2019-06-21,25.9,26.8,25.6,26.78,1435055,TRY
2019-06-24,26.78,27.26,25.84,26.34,1263086,TRY
2019-06-25,26.1,26.86,26.08,26.72,916108,TRY
2019-06-26,26.78,26.78,26.2,26.58,996933,TRY
2019-06-27,26.58,26.84,26.04,26.06,1222763,TRY
2019-06-28,26.08,26.38,25.62,25.96,1706988,TRY
2019-07-01,26.16,26.26,25.36,26.14,1547815,TRY
2019-07-02,26.18,26.44,25.94,26.1,729699,TRY
2019-07-03,26.0,26.2,25.42,25.6,1307824,TRY
2019-07-04,25.64,25.72,24.96,25.46,781333,TRY
2019-07-05,25.46,25.56,25.04,25.08,768275,TRY
2019-07-08,24.58,25.28,24.52,25.12,683912,TRY
2019-07-09,25.0,25.24,24.1,24.1,941551,TRY
2019-07-10,24.14,24.46,23.9,24.46,980377,TRY
2019-07-11,24.6,24.86,23.94,24.0,1084599,TRY
2019-07-12,24.02,24.48,23.62,23.74,1179219,TRY
2019-07-16,24.1,24.86,23.96,24.82,2027252,TRY
2019-07-17,24.9,25.86,24.82,25.84,1745405,TRY
2019-07-18,25.78,26.54,25.66,26.3,1408304,TRY
2019-07-19,26.4,26.64,26.1,26.32,1001838,TRY
2019-07-22,26.36,26.46,25.7,25.7,542211,TRY
2019-07-23,25.7,25.98,25.44,25.5,848618,TRY
2019-07-24,25.64,26.1,25.14,25.86,983806,TRY
2019-07-25,26.0,26.02,25.06,25.06,953366,TRY
2019-07-26,25.2,25.36,24.82,25.1,719733,TRY
2019-07-29,25.14,25.14,24.44,24.64,954095,TRY
2019-07-30,24.64,24.88,24.1,24.3,1193173,TRY
2019-07-31,24.48,24.58,23.62,23.62,1452403,TRY
2019-08-01,23.62,24.48,23.58,24.06,1887803,TRY
2019-08-02,24.32,24.76,23.3,23.34,1749964,TRY
2019-08-05,23.34,23.54,22.22,22.3,1795258,TRY
2019-08-06,22.42,22.98,22.12,22.3,1782554,TRY
2019-08-07,22.66,22.66,21.2,21.34,2326059,TRY
2019-08-08,21.6,21.8,20.02,21.52,4732594,TRY
2019-08-09,21.76,22.1,21.34,22.0,2560888,TRY
2019-08-15,22.0,22.02,21.22,21.46,1733168,TRY
2019-08-16,21.56,21.6,20.68,21.0,2144339,TRY
2019-08-19,21.1,21.58,20.88,21.44,1435326,TRY
2019-08-20,21.6,22.3,21.46,22.2,1674059,TRY
2019-08-21,22.3,22.38,21.04,21.04,2422341,TRY
2019-08-22,21.14,21.28,20.54,20.7,2218173,TRY
2019-08-23,20.86,21.92,20.78,21.68,2705442,TRY
2019-08-26,21.52,21.88,21.1,21.64,1455597,TRY
2019-08-27,21.78,21.8,21.3,21.48,2806473,TRY
2019-08-28,21.58,21.64,20.9,20.9,2407580,TRY
2019-08-29,20.9,21.1,20.64,20.72,1587802,TRY
2019-09-02,20.92,21.76,20.82,21.62,1757747,TRY
2019-09-03,21.62,21.8,21.16,21.2,2004502,TRY
2019-09-04,21.38,21.4,20.32,20.38,4159464,TRY
2019-09-05,20.52,20.78,20.26,20.4,2774502,TRY
2019-09-06,20.5,20.78,20.36,20.56,2915286,TRY
2019-09-09,20.74,20.96,20.56,20.6,2360654,TRY
2019-09-10,20.62,20.68,20.2,20.28,2882093,TRY
2019-09-11,20.36,20.5,20.22,20.38,2150179,TRY
2019-09-12,20.44,20.86,20.4,20.64,4574344,TRY
2019-09-13,20.82,21.0,20.68,20.88,2910590,TRY
2019-09-16,20.82,20.82,20.2,20.3,2892276,TRY
2019-09-17,20.32,20.36,19.08,19.16,6799178,TRY
2019-09-18,19.29,19.38,18.89,19.23,3339741,TRY
2019-09-19,19.27,19.43,19.0,19.0,3529014,TRY
2019-09-20,19.1,19.13,18.75,18.81,2968881,TRY
2019-09-23,18.86,18.91,18.32,18.34,3918838,TRY
2019-09-24,18.51,19.36,18.51,19.23,6566561,TRY
2019-09-25,19.31,19.35,18.93,19.05,2809503,TRY
2019-09-26,19.1,19.47,18.91,19.14,4332470,TRY
2019-09-27,19.23,19.57,19.19,19.41,4318679,TRY
2019-09-30,19.48,19.55,19.14,19.14,3874988,TRY
2019-10-01,19.19,19.77,18.96,19.62,6804803,TRY
2019-10-02,19.71,19.91,19.37,19.39,3924032,TRY
2019-10-03,19.5,19.67,19.05,19.12,3032062,TRY
2019-10-04,19.13,19.22,18.72,18.76,4887380,TRY
2019-10-07,18.74,18.94,18.47,18.53,3781421,TRY
2019-10-08,18.43,18.48,17.73,17.82,7904770,TRY
2019-10-09,17.85,18.42,17.84,17.93,6045125,TRY
2019-10-10,18.08,18.45,17.97,18.38,4619366,TRY
2019-10-11,18.45,18.59,18.19,18.35,2564469,TRY
2019-10-14,18.2,18.27,16.98,17.09,4950386,TRY
2019-10-15,17.34,17.51,17.09,17.29,3787974,TRY
2019-10-16,17.0,17.13,16.72,16.74,2857816,TRY
2019-10-17,16.77,16.91,16.42,16.57,4727049,TRY
2019-10-18,17.4,17.4,16.8,16.91,5404129,TRY
2019-10-21,16.96,17.1,16.86,16.9,2633169,TRY
2019-10-22,17.0,17.58,16.98,17.37,4229445,TRY
2019-10-23,17.59,17.71,17.32,17.6,5090926,TRY
2019-10-24,17.71,18.29,17.71,18.28,5789223,TRY
2019-10-25,18.33,18.38,18.05,18.24,7022887,TRY
2019-10-28,18.24,18.25,18.0,18.0,2146790,TRY
2019-10-30,17.72,17.86,17.37,17.4,4582813,TRY
2019-10-31,17.5,17.5,16.95,16.95,5650144,TRY
2019-11-01,17.0,17.06,16.54,16.6,4061331,TRY
2019-11-04,16.72,17.12,16.69,17.05,4825954,TRY
2019-11-05,17.09,17.58,16.83,17.5,6976298,TRY
2019-11-06,17.52,17.58,17.14,17.23,4017151,TRY
2019-11-07,17.32,18.14,17.3,17.95,9362369,TRY
2019-11-08,17.97,18.09,17.71,17.92,5076477,TRY
2019-11-11,17.92,18.16,17.83,17.97,5146035,TRY
2019-11-12,18.03,18.51,18.0,18.37,9820847,TRY
2019-11-13,18.42,18.76,18.41,18.45,7835259,TRY
2019-11-14,18.41,18.53,17.96,17.97,9264155,TRY
2019-11-15,18.08,18.35,18.08,18.27,6260784,TRY
2019-11-18,18.38,18.64,18.35,18.53,7572756,TRY
2019-11-19,18.61,19.23,18.44,19.06,14806405,TRY
2019-11-20,19.16,19.46,18.95,19.07,17878096,TRY
2019-11-21,19.11,19.26,18.9,18.9,7155445,TRY
2019-11-22,18.96,19.24,18.93,19.04,6253979,TRY
2019-11-25,19.12,19.24,18.55,18.55,8430872,TRY
2019-11-26,18.63,19.06,18.46,19.06,8916022,TRY
2019-11-27,19.1,19.24,18.87,18.87,7644157,TRY
2019-11-28,18.94,19.12,18.86,19.11,5057830,TRY
2019-11-29,19.18,19.21,18.9,18.9,6631162,TRY
2019-12-02,18.96,19.17,18.81,18.88,9218219,TRY
2019-12-03,18.87,19.03,18.66,18.67,6838713,TRY
2019-12-04,18.71,18.84,18.63,18.8,5242564,TRY
2019-12-05,18.87,18.92,18.47,18.61,9188264,TRY
2019-12-06,18.66,18.67,18.17,18.22,7746379,TRY
2019-12-09,18.25,18.48,18.06,18.26,6732595,TRY
2019-12-10,18.31,18.44,18.03,18.06,5846891,TRY
2019-12-11,18.05,18.13,17.84,17.92,4562872,TRY
2019-12-12,17.99,18.33,17.99,18.3,5730072,TRY
2019-12-13,18.41,18.46,18.04,18.1,7617077,TRY
2019-12-16,18.24,18.85,18.23,18.69,11778683,TRY
2019-12-17,18.81,18.88,18.48,18.55,7457067,TRY
2019-12-18,18.53,18.53,18.14,18.17,5855770,TRY
2019-12-19,18.24,18.37,18.11,18.18,4417642,TRY
2019-12-20,18.27,18.42,18.2,18.25,4779789,TRY
2019-12-23,18.3,18.76,18.25,18.64,9400772,TRY
2019-12-24,18.71,19.1,18.57,19.02,15033159,TRY
2019-12-25,19.09,19.21,18.99,19.18,7798881,TRY
2019-12-26,19.24,19.31,18.91,19.0,6709783,TRY
2019-12-27,19.06,19.41,18.78,19.2,17788248,TRY
2019-12-30,19.32,19.77,19.29,19.65,13031491,TRY
2019-12-31,19.72,19.8,19.32,19.32,7218204,TRY
