Date,Open,High,Low,Close,Volume,Currency
2011-10-26,1.57,1.6,1.48,1.5,7715980,TRY
2011-10-27,1.52,1.55,1.49,1.5,5576910,TRY
2011-10-28,1.51,1.51,1.45,1.46,1033710,TRY
2011-10-31,1.47,1.47,1.41,1.41,3965580,TRY
2011-11-01,1.4,1.4,1.32,1.35,2589030,TRY
2011-11-02,1.37,1.43,1.33,1.41,4588240,TRY
2011-11-03,1.38,1.43,1.37,1.41,4402900,TRY
2011-11-04,1.43,1.45,1.41,1.42,3583890,TRY
2011-11-10,1.38,1.42,1.37,1.42,1721740,TRY
2011-11-11,1.42,1.44,1.41,1.43,1722640,TRY
2011-11-14,1.43,1.44,1.41,1.42,3738120,TRY
2011-11-15,1.41,1.43,1.39,1.41,2427150,TRY
2012-02-02,1.59,1.65,1.59,1.62,4468940,TRY
2012-02-03,1.63,1.65,1.61,1.62,3010480,TRY
2012-02-06,1.62,1.62,1.56,1.59,1958640,TRY
2012-02-07,1.6,1.6,1.56,1.58,2208870,TRY
2012-02-08,1.58,1.61,1.58,1.6,1499550,TRY
2012-02-09,1.6,1.6,1.52,1.54,2372530,TRY
2012-02-10,1.53,1.55,1.51,1.54,1300630,TRY
2012-02-13,1.58,1.6,1.56,1.59,565290,TRY
2012-02-14,1.6,1.61,1.55,1.57,840020,TRY
2012-02-15,1.59,1.63,1.59,1.6,2025760,TRY
2012-02-16,1.6,1.63,1.58,1.61,1097920,TRY
2012-02-17,1.62,1.63,1.6,1.6,3308690,TRY
2012-02-20,1.62,1.64,1.6,1.61,1116200,TRY
2012-02-21,1.61,1.61,1.57,1.58,1042150,TRY
2012-02-22,1.58,1.6,1.58,1.59,923640,TRY
2012-02-23,1.58,1.59,1.56,1.56,787230,TRY
2012-02-24,1.58,1.58,1.51,1.54,2809760,TRY
2012-02-27,1.54,1.54,1.49,1.5,1159890,TRY
2012-02-28,1.54,1.55,1.51,1.55,2955050,TRY
2012-02-29,1.55,1.57,1.54,1.55,2332290,TRY
2012-03-01,1.55,1.56,1.53,1.54,2288390,TRY
2012-03-02,1.55,1.57,1.54,1.56,854920,TRY
2012-03-05,1.55,1.55,1.53,1.54,747950,TRY
2012-03-06,1.54,1.54,1.51,1.53,642460,TRY
2012-03-07,1.53,1.53,1.51,1.53,818380,TRY
2012-03-08,1.54,1.55,1.51,1.53,4665810,TRY
2012-03-09,1.53,1.53,1.51,1.53,2585030,TRY
2012-03-12,1.53,1.53,1.51,1.51,823330,TRY
2012-03-13,1.52,1.54,1.51,1.52,2220700,TRY
2012-03-14,1.53,1.55,1.51,1.53,8824710,TRY
2012-03-15,1.54,1.57,1.53,1.56,4278460,TRY
2012-03-16,1.56,1.61,1.56,1.6,4040140,TRY
2012-03-19,1.61,1.62,1.59,1.6,1056420,TRY
2012-03-20,1.59,1.6,1.56,1.58,1807800,TRY
2012-03-21,1.58,1.63,1.58,1.62,1910440,TRY
2012-03-22,1.62,1.63,1.6,1.6,1154820,TRY
2012-03-23,1.6,1.62,1.58,1.62,932030,TRY
2012-03-26,1.62,1.66,1.6,1.66,1677860,TRY
2012-03-27,1.68,1.71,1.66,1.68,3487040,TRY
2012-03-28,1.71,1.71,1.64,1.68,2245320,TRY
2012-03-29,1.67,1.67,1.64,1.64,1963970,TRY
2012-03-30,1.66,1.67,1.61,1.63,1506440,TRY
2012-04-02,1.64,1.67,1.64,1.67,1036040,TRY
2012-04-03,1.67,1.7,1.64,1.66,4216920,TRY
2012-04-04,1.65,1.65,1.62,1.63,1145460,TRY
2012-04-05,1.64,1.65,1.61,1.62,1333850,TRY
2012-04-06,1.63,1.63,1.59,1.59,396760,TRY
2012-04-09,1.59,1.61,1.58,1.59,357490,TRY
2012-04-10,1.59,1.61,1.56,1.56,529760,TRY
2012-04-11,1.56,1.58,1.54,1.57,2383220,TRY
2012-04-12,1.57,1.59,1.57,1.59,924360,TRY
2012-04-13,1.59,1.6,1.59,1.59,1377810,TRY
2012-04-16,1.59,1.61,1.57,1.61,1249890,TRY
2012-04-17,1.61,1.64,1.6,1.63,1607000,TRY
2012-04-18,1.65,1.66,1.61,1.63,1996460,TRY
2012-04-19,1.64,1.64,1.61,1.63,694640,TRY
2012-04-20,1.62,1.64,1.62,1.64,869910,TRY
2012-04-24,1.6,1.63,1.55,1.55,2102750,TRY
2012-04-25,1.59,1.64,1.59,1.64,4356400,TRY
2012-04-26,1.64,1.66,1.63,1.64,3355100,TRY
2012-04-27,1.65,1.67,1.64,1.67,1670430,TRY
2012-04-30,1.67,1.67,1.64,1.66,758120,TRY
2012-05-02,1.63,1.66,1.62,1.66,2127630,TRY
2012-05-03,1.66,1.67,1.64,1.67,2015550,TRY
2012-05-04,1.67,1.67,1.61,1.61,1482230,TRY
2012-05-07,1.59,1.61,1.57,1.61,439760,TRY
2012-05-08,1.61,1.62,1.59,1.59,911050,TRY
2012-05-09,1.59,1.61,1.59,1.59,1625070,TRY
2012-05-10,1.61,1.64,1.61,1.64,1640220,TRY
2012-05-11,1.66,1.66,1.64,1.66,773650,TRY
2012-05-14,1.65,1.66,1.62,1.64,9819570,TRY
2012-05-15,1.64,1.65,1.63,1.64,1335000,TRY
2012-05-16,1.63,1.64,1.61,1.62,1377350,TRY
2012-05-17,1.63,1.64,1.6,1.61,557740,TRY
2012-05-18,1.61,1.64,1.58,1.63,957310,TRY
2012-05-21,1.62,1.66,1.6,1.61,959800,TRY
2012-05-22,1.61,1.65,1.59,1.6,1294430,TRY
2012-05-23,1.59,1.59,1.56,1.58,1788440,TRY
2012-05-24,1.57,1.58,1.54,1.54,1380970,TRY
2012-05-25,1.56,1.56,1.52,1.53,2012100,TRY
2012-05-28,1.54,1.55,1.52,1.53,1201570,TRY
2012-05-29,1.53,1.56,1.53,1.55,1400960,TRY
2012-05-30,1.54,1.55,1.53,1.53,1173630,TRY
2012-05-31,1.54,1.59,1.53,1.59,1709790,TRY
2012-06-01,1.58,1.58,1.53,1.56,1467050,TRY
2012-06-04,1.55,1.58,1.53,1.57,273570,TRY
2012-06-05,1.58,1.62,1.56,1.6,1697160,TRY
2012-06-06,1.63,1.67,1.61,1.65,2003010,TRY
2012-06-07,1.67,1.69,1.66,1.68,2591420,TRY
2012-06-08,1.67,1.68,1.65,1.67,2238010,TRY
2012-06-12,1.72,1.74,1.7,1.73,2230610,TRY
2012-06-13,1.74,1.75,1.71,1.72,1556800,TRY
2012-06-14,1.72,1.76,1.71,1.73,1392400,TRY
2012-06-15,1.73,1.76,1.72,1.74,641840,TRY
2012-06-18,1.78,1.79,1.71,1.73,660370,TRY
2012-06-19,1.73,1.77,1.73,1.77,436610,TRY
2012-06-20,1.8,1.8,1.77,1.8,928840,TRY
2012-06-21,1.79,1.83,1.78,1.81,1473300,TRY
2012-06-22,1.79,1.81,1.75,1.78,1320930,TRY
2012-06-25,1.76,1.78,1.76,1.78,699430,TRY
2012-06-26,1.78,1.82,1.78,1.78,728540,TRY
2012-06-27,1.79,1.85,1.79,1.82,3108820,TRY
2012-06-28,1.83,1.83,1.8,1.8,1615060,TRY
2012-06-29,1.81,1.84,1.81,1.84,1025710,TRY
2012-07-02,1.84,1.85,1.81,1.85,1299650,TRY
2012-07-03,1.85,1.9,1.84,1.9,1535470,TRY
2012-07-04,1.9,1.92,1.88,1.91,702180,TRY
2012-07-05,1.91,1.92,1.85,1.88,947810,TRY
2012-07-06,1.88,1.88,1.84,1.87,1621990,TRY
2012-07-09,1.87,1.87,1.84,1.86,853700,TRY
2012-07-10,1.85,1.9,1.85,1.88,1499260,TRY
2012-07-11,1.88,1.89,1.85,1.87,687190,TRY
2012-07-12,1.86,1.86,1.82,1.82,1073760,TRY
2012-07-13,1.83,1.84,1.82,1.83,294300,TRY
2012-07-16,1.83,1.84,1.81,1.83,1314200,TRY
2012-07-17,1.83,1.84,1.81,1.82,1481790,TRY
2012-07-18,1.82,1.86,1.81,1.84,1355620,TRY
2012-07-19,1.85,1.86,1.81,1.83,1248520,TRY
2012-07-20,1.83,1.85,1.8,1.82,1510550,TRY
2012-07-23,1.8,1.81,1.78,1.8,558750,TRY
2012-07-24,1.78,1.88,1.78,1.86,1689690,TRY
2012-07-25,1.86,1.91,1.86,1.89,1708940,TRY
2012-07-26,1.89,1.93,1.86,1.92,3062660,TRY
2012-07-27,1.93,2.01,1.92,2.0,3417280,TRY
2012-07-30,2.01,2.08,2.01,2.04,1975500,TRY
2012-07-31,2.03,2.04,1.97,2.0,4622790,TRY
2012-08-01,2.0,2.03,1.99,2.01,1392530,TRY
2012-08-02,2.03,2.03,1.97,1.98,1608300,TRY
2012-08-03,1.99,2.06,1.99,2.05,1389940,TRY
2012-08-06,2.05,2.12,2.05,2.11,2293220,TRY
2012-08-07,2.12,2.15,2.09,2.1,1782990,TRY
2012-08-08,2.09,2.12,2.06,2.06,2492600,TRY
2012-08-09,2.07,2.12,2.07,2.1,2705530,TRY
2012-08-10,2.1,2.11,2.06,2.11,4391080,TRY
2012-08-13,2.11,2.12,2.08,2.09,917550,TRY
2012-08-14,2.1,2.11,2.06,2.07,2243570,TRY
2012-08-15,2.07,2.08,1.99,1.99,3443950,TRY
2012-08-16,2.01,2.03,1.97,2.01,4012070,TRY
2012-08-17,2.02,2.08,2.02,2.08,2705040,TRY
2012-08-22,2.08,2.1,2.06,2.1,949970,TRY
2012-08-23,2.1,2.13,2.09,2.11,1895040,TRY
2012-08-24,2.12,2.14,2.11,2.12,633820,TRY
2012-08-27,2.12,2.14,2.11,2.13,1166940,TRY
2012-08-28,2.13,2.14,2.11,2.12,1964270,TRY
2012-08-29,2.13,2.13,2.09,2.09,4069430,TRY
2012-08-31,2.08,2.11,2.07,2.08,2219300,TRY
2012-09-03,2.09,2.1,2.07,2.07,2965130,TRY
2012-09-04,2.09,2.09,2.07,2.08,722330,TRY
2012-09-05,2.08,2.11,2.06,2.09,7030850,TRY
2012-09-06,2.1,2.1,2.07,2.09,2763150,TRY
2012-09-07,2.09,2.1,2.03,2.03,3386050,TRY
2012-09-10,2.05,2.06,2.01,2.01,2291790,TRY
2012-09-11,2.0,2.04,1.99,2.03,2334070,TRY
2012-09-12,2.03,2.05,2.0,2.0,2850800,TRY
2012-09-13,2.0,2.01,1.98,1.98,2099200,TRY
2012-09-14,2.02,2.03,1.99,2.0,1621930,TRY
2012-09-17,2.0,2.01,1.96,1.97,881140,TRY
2012-09-18,1.98,1.99,1.94,1.95,1411540,TRY
2012-09-19,1.97,1.97,1.91,1.91,1646070,TRY
2012-09-20,1.91,1.94,1.88,1.93,1627020,TRY
2012-09-21,1.94,1.99,1.94,1.99,3432660,TRY
2012-09-24,1.99,2.0,1.97,1.99,712780,TRY
2012-09-25,1.97,2.01,1.97,2.0,1402720,TRY
2012-09-26,1.99,2.02,1.97,1.97,2024500,TRY
2012-09-27,1.98,2.01,1.98,1.99,2493300,TRY
2012-09-28,1.99,2.0,1.98,2.0,1658250,TRY
2012-10-01,1.98,2.01,1.98,2.0,667740,TRY
2012-10-02,2.01,2.02,2.0,2.0,1143670,TRY
2012-10-03,2.0,2.02,1.96,1.96,1315950,TRY
2012-10-04,1.95,1.96,1.91,1.93,3073000,TRY
2012-10-05,1.94,1.96,1.93,1.94,2431640,TRY
2012-10-08,1.94,1.95,1.92,1.93,548140,TRY
2012-10-09,1.94,2.01,1.94,1.99,3760880,TRY
2012-10-10,1.98,2.04,1.98,2.04,2980250,TRY
2012-10-11,2.04,2.09,2.02,2.08,5166700,TRY
2012-10-12,2.09,2.09,2.06,2.07,2335010,TRY
2013-01-31,1.576,1.597,1.541,1.583,3963883,TRY
2013-02-01,1.576,1.618,1.569,1.611,1462101,TRY
2013-02-04,1.604,1.625,1.597,1.604,1345472,TRY
2013-02-05,1.611,1.625,1.604,1.611,1120525,TRY
2013-02-06,1.611,1.632,1.604,1.611,622602,TRY
2013-02-07,1.618,1.618,1.59,1.604,2614512,TRY
2013-02-08,1.597,1.597,1.555,1.583,1465726,TRY
2013-02-11,1.583,1.604,1.548,1.555,1118158,TRY
2013-02-12,1.562,1.611,1.562,1.611,2194560,TRY
2013-02-13,1.59,1.625,1.583,1.597,4620000,TRY
2013-02-14,1.611,1.611,1.576,1.576,1297682,TRY
2013-02-15,1.59,1.597,1.569,1.59,1321674,TRY
2013-02-18,1.597,1.597,1.562,1.576,518232,TRY
2013-02-19,1.576,1.597,1.562,1.576,2366399,TRY
2013-02-20,1.576,1.597,1.562,1.597,1613083,TRY
2013-02-21,1.583,1.604,1.569,1.583,6367732,TRY
2013-02-22,1.59,1.597,1.548,1.562,1995093,TRY
2013-02-25,1.562,1.576,1.555,1.562,1617067,TRY
2013-02-26,1.534,1.576,1.514,1.555,1647565,TRY
2013-02-27,1.562,1.59,1.548,1.569,1361822,TRY
2013-02-28,1.597,1.618,1.583,1.618,1093450,TRY
2013-03-01,1.597,1.618,1.597,1.611,1430887,TRY
2013-03-04,1.611,1.632,1.597,1.611,1725649,TRY
2013-03-05,1.618,1.646,1.618,1.639,3757687,TRY
2013-03-06,1.646,1.66,1.625,1.653,1728746,TRY
2013-03-07,1.653,1.667,1.632,1.646,4716780,TRY
2013-03-08,1.646,1.674,1.646,1.667,840593,TRY
2013-03-11,1.667,1.674,1.653,1.653,496643,TRY
2013-03-12,1.639,1.66,1.632,1.66,972469,TRY
2013-03-13,1.646,1.66,1.646,1.66,578645,TRY
2013-03-14,1.66,1.674,1.618,1.632,1311558,TRY
2013-03-15,1.639,1.653,1.632,1.639,1606514,TRY
2013-03-18,1.639,1.653,1.632,1.653,1744267,TRY
2013-03-19,1.653,1.66,1.632,1.653,1298369,TRY
2013-03-20,1.653,1.66,1.639,1.653,401319,TRY
2013-03-21,1.653,1.723,1.632,1.709,6184291,TRY
2013-03-22,1.709,1.744,1.681,1.744,1518247,TRY
2013-03-25,1.744,1.765,1.702,1.73,1201829,TRY
2013-03-26,1.737,1.737,1.695,1.737,1677562,TRY
2013-03-27,1.723,1.758,1.716,1.716,1876425,TRY
2013-03-29,1.783,1.79,1.769,1.776,280977,TRY
2013-04-01,1.769,1.783,1.762,1.776,653865,TRY
2013-04-02,1.783,1.812,1.769,1.805,1907008,TRY
2013-04-03,1.812,1.84,1.798,1.812,2280278,TRY
2013-04-04,1.812,1.84,1.798,1.805,1596354,TRY
2013-04-05,1.805,1.819,1.79,1.805,1621665,TRY
2013-04-08,1.805,1.819,1.798,1.805,862748,TRY
2013-04-09,1.805,1.812,1.755,1.755,1513162,TRY
2013-04-10,1.769,1.776,1.733,1.748,1503929,TRY
2013-04-11,1.755,1.805,1.748,1.79,845956,TRY
2013-04-12,1.798,1.805,1.762,1.79,1107628,TRY
2013-04-15,1.798,1.84,1.783,1.833,8210368,TRY
2013-04-16,1.819,1.847,1.805,1.833,2394665,TRY
2013-04-17,1.826,1.847,1.805,1.819,4144949,TRY
2013-04-18,1.819,1.833,1.805,1.812,1100035,TRY
2013-04-19,1.812,1.847,1.812,1.847,2038792,TRY
2013-04-22,1.847,1.897,1.84,1.862,2507550,TRY
2013-04-24,1.862,1.883,1.847,1.862,4126892,TRY
2013-04-25,1.862,1.876,1.855,1.855,1598399,TRY
2013-04-26,1.862,1.876,1.833,1.862,610932,TRY
2013-04-29,1.855,1.869,1.847,1.869,480212,TRY
2013-04-30,1.869,1.89,1.833,1.84,2383724,TRY
2013-05-02,1.847,1.876,1.833,1.862,2721773,TRY
2013-05-03,1.855,1.869,1.847,1.862,1264855,TRY
2013-05-06,1.855,1.897,1.847,1.855,2301836,TRY
2013-05-07,1.869,1.869,1.819,1.847,2177877,TRY
2013-05-08,1.855,1.876,1.84,1.855,2095347,TRY
2013-05-09,1.855,1.876,1.826,1.84,1862796,TRY
2013-05-10,1.84,1.869,1.819,1.869,1864858,TRY
2013-05-13,1.551,1.563,1.539,1.551,831050,TRY
2013-05-14,1.563,1.575,1.557,1.563,1271410,TRY
2013-05-15,1.569,1.587,1.563,1.587,1307860,TRY
2013-05-16,1.587,1.593,1.569,1.575,1161800,TRY
2013-05-17,1.593,1.617,1.557,1.593,4844460,TRY
2013-05-20,1.593,1.599,1.569,1.575,1446540,TRY
2013-05-21,1.611,1.617,1.581,1.599,1724860,TRY
2013-05-22,1.611,1.646,1.587,1.64,3318450,TRY
2013-05-23,1.593,1.623,1.575,1.605,2722170,TRY
2013-05-24,1.599,1.634,1.599,1.611,1003800,TRY
2013-05-27,1.623,1.623,1.605,1.623,533370,TRY
2013-05-28,1.623,1.623,1.521,1.611,1663400,TRY
2013-05-29,1.593,1.611,1.581,1.599,1341110,TRY
2013-05-30,1.593,1.599,1.557,1.581,1376290,TRY
2013-05-31,1.581,1.581,1.491,1.551,2856800,TRY
2013-06-03,1.444,1.456,1.324,1.384,4281170,TRY
2013-06-04,1.426,1.432,1.354,1.39,7703110,TRY
2013-06-05,1.384,1.384,1.336,1.366,2968250,TRY
2013-06-06,1.36,1.372,1.235,1.318,3185580,TRY
2013-06-07,1.282,1.438,1.27,1.384,4534500,TRY
2013-06-10,1.372,1.426,1.342,1.342,1673790,TRY
2013-06-11,1.366,1.384,1.312,1.318,3502380,TRY
2013-06-12,1.312,1.33,1.294,1.312,3858220,TRY
2013-06-13,1.318,1.342,1.306,1.312,5344610,TRY
2013-06-14,1.324,1.372,1.318,1.348,4815980,TRY
2013-06-17,1.336,1.366,1.324,1.348,3771200,TRY
2013-06-18,1.354,1.366,1.312,1.312,3918680,TRY
2013-06-19,1.318,1.366,1.318,1.366,3007560,TRY
2013-06-21,1.262,1.29,1.191,1.198,7320140,TRY
2013-06-24,1.191,1.198,1.093,1.135,9709240,TRY
2013-06-25,1.149,1.212,1.142,1.184,5714080,TRY
2013-06-26,1.191,1.297,1.191,1.29,3975840,TRY
2013-06-27,1.304,1.389,1.304,1.353,10442220,TRY
2013-06-28,1.368,1.375,1.304,1.347,5909140,TRY
2013-07-01,1.361,1.417,1.339,1.417,4507420,TRY
2013-07-02,1.438,1.459,1.417,1.431,2125890,TRY
2013-07-03,1.396,1.403,1.353,1.375,2102930,TRY
2013-07-04,1.389,1.424,1.339,1.382,3533700,TRY
2013-07-05,1.396,1.396,1.347,1.361,5811650,TRY
2013-07-08,1.353,1.375,1.332,1.347,2874860,TRY
2013-07-09,1.361,1.368,1.339,1.353,5859940,TRY
2013-07-10,1.361,1.375,1.304,1.332,5351310,TRY
2013-07-11,1.353,1.375,1.311,1.332,7223420,TRY
2013-07-12,1.332,1.339,1.311,1.325,5793490,TRY
2013-07-15,1.332,1.368,1.325,1.361,8709750,TRY
2013-07-16,1.353,1.417,1.347,1.417,9132330,TRY
2013-07-17,1.417,1.488,1.417,1.459,4273360,TRY
2013-07-18,1.466,1.473,1.431,1.438,2428250,TRY
2013-07-19,1.438,1.438,1.389,1.403,2419540,TRY
2013-07-22,1.41,1.417,1.396,1.396,1533950,TRY
2013-07-23,1.403,1.417,1.389,1.396,4265330,TRY
2013-07-24,1.396,1.417,1.361,1.375,4220000,TRY
2013-07-25,1.368,1.396,1.361,1.375,3082110,TRY
2013-07-26,1.382,1.382,1.361,1.368,1201150,TRY
2013-07-29,1.361,1.368,1.311,1.325,3309900,TRY
2013-07-30,1.347,1.361,1.325,1.353,4102400,TRY
2013-07-31,1.353,1.361,1.318,1.318,2391700,TRY
2013-08-01,1.347,1.353,1.325,1.339,2394660,TRY
2013-08-02,1.347,1.375,1.332,1.368,2652350,TRY
2013-08-05,1.396,1.424,1.368,1.396,4383790,TRY
2013-08-06,1.396,1.417,1.389,1.41,2960470,TRY
2013-08-07,1.417,1.438,1.403,1.41,1657620,TRY
2013-08-12,1.417,1.424,1.396,1.41,8341450,TRY
2013-08-13,1.41,1.424,1.389,1.403,3564890,TRY
2013-08-14,1.41,1.417,1.396,1.396,1498110,TRY
2013-08-15,1.41,1.41,1.353,1.375,1354860,TRY
2013-08-16,1.375,1.389,1.361,1.389,918030,TRY
2013-08-19,1.375,1.375,1.353,1.353,1589810,TRY
2013-08-20,1.347,1.361,1.311,1.361,4864420,TRY
2013-08-21,1.368,1.368,1.255,1.262,9615640,TRY
2013-08-22,1.234,1.248,1.191,1.198,7801460,TRY
2013-08-23,1.212,1.227,1.142,1.17,7108160,TRY
2013-08-26,1.177,1.198,1.156,1.198,2699140,TRY
2013-08-27,1.177,1.177,1.121,1.121,2870680,TRY
2013-08-28,1.107,1.149,1.079,1.142,3595030,TRY
2013-08-29,1.149,1.212,1.149,1.206,3151690,TRY
2013-09-02,1.22,1.234,1.206,1.212,1930150,TRY
2013-09-03,1.22,1.22,1.177,1.184,4053820,TRY
2013-09-04,1.184,1.206,1.177,1.206,1059530,TRY
2013-09-05,1.212,1.212,1.177,1.198,1167420,TRY
2013-09-06,1.198,1.227,1.177,1.206,6116400,TRY
2013-09-09,1.22,1.248,1.206,1.241,3288610,TRY
2013-09-10,1.262,1.304,1.255,1.29,3864280,TRY
2013-09-11,1.29,1.304,1.269,1.276,3371010,TRY
2013-09-12,1.29,1.325,1.269,1.325,8214000,TRY
2013-09-13,1.311,1.353,1.304,1.339,3219490,TRY
2013-09-16,1.375,1.396,1.353,1.389,4554660,TRY
2013-09-17,1.375,1.396,1.375,1.382,1275550,TRY
2013-09-18,1.396,1.396,1.375,1.382,1255830,TRY
2013-09-19,1.438,1.473,1.382,1.382,22285550,TRY
2013-09-20,1.389,1.389,1.318,1.332,7814130,TRY
2013-09-23,1.339,1.347,1.311,1.325,2550640,TRY
2013-09-24,1.325,1.368,1.318,1.332,9631400,TRY
2013-09-25,1.332,1.361,1.325,1.325,9528550,TRY
2013-09-26,1.325,1.332,1.276,1.29,9544720,TRY
2013-09-27,1.297,1.304,1.283,1.283,4218630,TRY
2013-09-30,1.283,1.283,1.255,1.262,3957400,TRY
2013-10-01,1.276,1.332,1.269,1.318,7963230,TRY
2013-10-02,1.325,1.353,1.318,1.325,6805910,TRY
2013-10-03,1.339,1.368,1.339,1.353,5867930,TRY
2013-10-04,1.361,1.368,1.339,1.353,2361350,TRY
2013-10-07,1.353,1.361,1.332,1.339,2086400,TRY
2013-10-08,1.339,1.375,1.339,1.353,3870720,TRY
2013-10-09,1.339,1.389,1.339,1.389,2602040,TRY
2013-10-10,1.389,1.396,1.368,1.389,3009920,TRY
2013-10-11,1.389,1.403,1.353,1.368,3470760,TRY
2013-10-14,1.368,1.375,1.353,1.368,397950,TRY
2013-10-21,1.389,1.403,1.382,1.403,4556280,TRY
2013-10-22,1.403,1.431,1.389,1.424,8137010,TRY
2013-10-23,1.41,1.417,1.396,1.396,3516490,TRY
2013-10-24,1.403,1.417,1.396,1.417,3449300,TRY
2013-10-25,1.41,1.417,1.396,1.403,2353410,TRY
2013-10-28,1.41,1.417,1.403,1.403,740190,TRY
2013-10-30,1.41,1.431,1.403,1.403,3786880,TRY
2013-10-31,1.403,1.403,1.361,1.375,4395300,TRY
2013-11-01,1.382,1.389,1.347,1.361,8799630,TRY
2013-11-04,1.368,1.403,1.361,1.396,4731470,TRY
2013-11-05,1.396,1.41,1.347,1.353,3440130,TRY
2013-11-06,1.361,1.375,1.347,1.368,2513040,TRY
2013-11-07,1.368,1.389,1.361,1.368,2174710,TRY
2013-11-08,1.361,1.375,1.304,1.325,4345470,TRY
2013-11-11,1.332,1.353,1.318,1.325,2399020,TRY
2013-11-12,1.332,1.339,1.318,1.332,965477,TRY
2013-11-13,1.339,1.347,1.325,1.339,1671598,TRY
2013-11-14,1.353,1.375,1.353,1.361,993865,TRY
2013-11-15,1.361,1.375,1.353,1.361,1447198,TRY
2013-11-18,1.368,1.368,1.353,1.353,1473821,TRY
2013-11-19,1.361,1.368,1.325,1.332,2165120,TRY
2013-11-20,1.339,1.347,1.325,1.332,1113169,TRY
2013-11-21,1.332,1.361,1.325,1.339,2851261,TRY
2013-11-22,1.347,1.382,1.339,1.368,4845142,TRY
2013-11-25,1.382,1.41,1.375,1.403,4614909,TRY
2013-11-26,1.403,1.403,1.382,1.396,2301207,TRY
2013-11-27,1.396,1.403,1.368,1.375,684378,TRY
2013-11-28,1.368,1.382,1.361,1.375,352318,TRY
2013-11-29,1.382,1.403,1.368,1.396,1428877,TRY
2013-12-02,1.396,1.41,1.382,1.389,1219242,TRY
2013-12-03,1.389,1.389,1.361,1.368,1026934,TRY
2013-12-04,1.361,1.368,1.332,1.353,2803624,TRY
2013-12-05,1.353,1.361,1.339,1.339,2842208,TRY
2013-12-06,1.347,1.353,1.304,1.332,3210177,TRY
2013-12-09,1.339,1.353,1.332,1.347,2216293,TRY
2013-12-10,1.347,1.361,1.332,1.339,2982650,TRY
2013-12-11,1.339,1.389,1.339,1.368,5462971,TRY
2013-12-12,1.368,1.368,1.339,1.347,1480741,TRY
2013-12-13,1.339,1.361,1.339,1.353,4518405,TRY
2013-12-16,1.353,1.375,1.353,1.368,6336647,TRY
2013-12-17,1.353,1.353,1.318,1.332,7292284,TRY
2013-12-18,1.318,1.347,1.297,1.325,1510049,TRY
2013-12-19,1.318,1.332,1.276,1.29,1837806,TRY
2013-12-20,1.318,1.318,1.283,1.297,2289810,TRY
2013-12-23,1.304,1.311,1.234,1.269,1047645,TRY
2013-12-24,1.269,1.29,1.262,1.276,6686653,TRY
2013-12-25,1.283,1.29,1.22,1.241,1151573,TRY
2013-12-26,1.234,1.255,1.156,1.191,1360791,TRY
2013-12-27,1.198,1.198,1.107,1.177,2742799,TRY
2013-12-30,1.177,1.304,1.177,1.304,1991456,TRY
2013-12-31,1.311,1.311,1.241,1.29,1344729,TRY
2014-01-02,1.29,1.29,1.212,1.241,2485417,TRY
2014-01-03,1.248,1.269,1.212,1.234,4537252,TRY
2014-01-06,1.227,1.283,1.227,1.283,4219962,TRY
2014-01-07,1.283,1.318,1.276,1.318,4848690,TRY
2014-01-08,1.304,1.318,1.276,1.283,2668170,TRY
2014-01-09,1.269,1.276,1.248,1.269,1890970,TRY
2014-01-10,1.269,1.283,1.262,1.283,5004681,TRY
2014-01-13,1.29,1.29,1.269,1.269,1278046,TRY
2014-01-14,1.262,1.29,1.262,1.283,1509985,TRY
2014-01-15,1.29,1.311,1.276,1.29,1770136,TRY
2014-01-16,1.276,1.276,1.262,1.276,3001679,TRY
2014-01-17,1.283,1.311,1.241,1.276,3024530,TRY
2014-01-20,1.262,1.29,1.255,1.262,4146328,TRY
2014-01-21,1.276,1.283,1.248,1.262,3647542,TRY
2014-01-22,1.269,1.297,1.262,1.297,3412911,TRY
2014-01-23,1.276,1.297,1.255,1.269,4890115,TRY
2014-01-24,1.269,1.283,1.241,1.241,6198673,TRY
2014-01-27,1.241,1.248,1.149,1.206,15606551,TRY
2014-01-28,1.22,1.234,1.177,1.198,6047851,TRY
2014-01-29,1.212,1.234,1.163,1.184,5261614,TRY
2014-01-30,1.184,1.198,1.17,1.184,2731899,TRY
2014-01-31,1.184,1.198,1.163,1.198,1598885,TRY
2014-02-03,1.198,1.206,1.184,1.191,1170154,TRY
2014-02-04,1.184,1.262,1.177,1.248,6374491,TRY
2014-02-05,1.241,1.255,1.22,1.227,5976943,TRY
2014-02-06,1.227,1.269,1.227,1.255,3073207,TRY
2014-02-07,1.255,1.269,1.255,1.269,2420938,TRY
2014-02-10,1.262,1.269,1.241,1.262,1059052,TRY
2014-02-11,1.269,1.297,1.262,1.297,3739986,TRY
2014-02-12,1.297,1.304,1.269,1.269,1234791,TRY
2014-02-13,1.269,1.276,1.248,1.248,1231551,TRY
2014-02-14,1.255,1.269,1.241,1.255,1897650,TRY
2014-02-17,1.262,1.283,1.255,1.276,923578,TRY
2014-02-18,1.276,1.276,1.255,1.255,2442171,TRY
2014-02-19,1.255,1.262,1.22,1.241,2066283,TRY
2014-02-20,1.227,1.248,1.212,1.241,1370104,TRY
2014-02-21,1.248,1.248,1.227,1.234,317339,TRY
2014-02-24,1.241,1.255,1.227,1.241,588584,TRY
2014-02-25,1.22,1.22,1.191,1.206,2016905,TRY
2014-02-26,1.206,1.22,1.177,1.191,2066185,TRY
2014-02-27,1.177,1.22,1.177,1.22,899595,TRY
2014-02-28,1.22,1.248,1.206,1.22,2690554,TRY
2014-03-03,1.22,1.227,1.198,1.198,1284412,TRY
2014-03-04,1.212,1.262,1.206,1.241,2534475,TRY
2014-03-05,1.241,1.29,1.241,1.29,1482735,TRY
2014-03-06,1.269,1.29,1.255,1.269,1423731,TRY
2014-03-07,1.269,1.283,1.262,1.283,1437644,TRY
2014-03-10,1.283,1.283,1.262,1.276,967490,TRY
2014-03-11,1.276,1.29,1.262,1.269,854615,TRY
2014-03-12,1.276,1.276,1.241,1.262,883558,TRY
2014-03-13,1.262,1.283,1.255,1.255,594811,TRY
2014-03-14,1.248,1.262,1.22,1.241,2230000,TRY
2014-03-17,1.248,1.255,1.234,1.255,1583629,TRY
2014-03-18,1.241,1.269,1.22,1.262,4910878,TRY
2014-03-19,1.262,1.276,1.234,1.248,4876364,TRY
2014-03-20,1.248,1.248,1.227,1.234,1066735,TRY
2014-03-21,1.22,1.241,1.22,1.22,1233394,TRY
2014-03-24,1.227,1.234,1.198,1.198,1842711,TRY
2014-03-25,1.212,1.234,1.206,1.234,960708,TRY
2014-03-26,1.241,1.276,1.234,1.262,2942393,TRY
2014-03-27,1.262,1.283,1.241,1.262,4063880,TRY
2014-03-28,1.262,1.297,1.262,1.29,3741857,TRY
2014-03-31,1.341,1.355,1.312,1.326,1990015,TRY
2014-04-01,1.334,1.384,1.326,1.334,3570364,TRY
2014-04-02,1.334,1.363,1.312,1.326,3641498,TRY
2014-04-03,1.334,1.348,1.319,1.348,2207788,TRY
2014-04-04,1.348,1.37,1.341,1.355,1680377,TRY
2014-04-07,1.348,1.355,1.334,1.355,2251635,TRY
2014-04-08,1.355,1.413,1.355,1.413,3764644,TRY
2014-04-09,1.413,1.413,1.355,1.363,3500399,TRY
2014-04-10,1.377,1.399,1.37,1.384,2830436,TRY
2014-04-11,1.377,1.377,1.341,1.363,1983205,TRY
2014-04-14,1.348,1.391,1.348,1.391,1779351,TRY
2014-04-15,1.391,1.406,1.377,1.384,2816611,TRY
2014-04-16,1.384,1.399,1.363,1.37,2832742,TRY
2014-04-17,1.377,1.399,1.37,1.399,2391026,TRY
2014-04-18,1.399,1.421,1.391,1.391,2062288,TRY
2014-04-21,1.399,1.406,1.391,1.391,852593,TRY
2014-04-22,1.391,1.406,1.384,1.384,2066388,TRY
2014-04-24,1.377,1.384,1.355,1.377,5008352,TRY
2014-04-25,1.377,1.377,1.319,1.341,2123342,TRY
2014-04-28,1.341,1.355,1.334,1.341,2135692,TRY
2014-04-29,1.348,1.363,1.348,1.355,2804803,TRY
2014-04-30,1.355,1.391,1.355,1.384,5545392,TRY
2014-05-02,1.391,1.413,1.384,1.384,8471815,TRY
2014-05-05,1.384,1.399,1.363,1.37,3440244,TRY
2014-05-06,1.377,1.399,1.377,1.377,2687013,TRY
2014-05-07,1.384,1.399,1.37,1.384,10351784,TRY
2014-05-08,1.384,1.399,1.37,1.37,8081202,TRY
2014-05-09,1.377,1.384,1.355,1.37,3565991,TRY
2014-05-12,1.37,1.384,1.355,1.363,4166344,TRY
2014-05-13,1.37,1.391,1.363,1.384,5994225,TRY
2014-05-15,1.388,1.405,1.346,1.346,7560986,TRY
2014-05-16,1.346,1.355,1.321,1.338,1777113,TRY
2014-05-20,1.338,1.346,1.321,1.338,2586486,TRY
2014-05-21,1.338,1.371,1.321,1.355,17172146,TRY
2014-05-22,1.363,1.388,1.33,1.38,20698476,TRY
2014-05-23,1.388,1.397,1.371,1.397,11429724,TRY
2014-05-26,1.388,1.413,1.38,1.397,6246646,TRY
2014-05-27,1.397,1.405,1.363,1.371,4449653,TRY
2014-05-28,1.371,1.447,1.363,1.405,18176872,TRY
2014-05-29,1.413,1.472,1.413,1.455,12404144,TRY
2014-05-30,1.455,1.472,1.43,1.438,6767374,TRY
2014-06-02,1.447,1.472,1.438,1.455,7308841,TRY
2014-06-03,1.455,1.488,1.447,1.455,8242062,TRY
2014-06-04,1.447,1.464,1.43,1.438,3155792,TRY
2014-06-05,1.438,1.48,1.43,1.455,6964725,TRY
2014-06-06,1.472,1.497,1.464,1.472,7090756,TRY
2014-06-09,1.472,1.497,1.472,1.472,9346549,TRY
2014-06-10,1.48,1.488,1.455,1.48,4995263,TRY
2014-06-11,1.48,1.488,1.422,1.438,4651014,TRY
2014-06-12,1.43,1.455,1.405,1.43,5433564,TRY
2014-06-13,1.422,1.438,1.397,1.422,6280948,TRY
2014-06-16,1.405,1.422,1.388,1.413,5257287,TRY
2014-06-17,1.422,1.447,1.422,1.438,7202006,TRY
2014-06-18,1.43,1.455,1.413,1.438,11205565,TRY
2014-06-19,1.447,1.464,1.438,1.438,3364758,TRY
2014-06-20,1.43,1.447,1.422,1.447,2740201,TRY
2014-06-23,1.455,1.464,1.43,1.43,5265156,TRY
2014-06-24,1.438,1.455,1.422,1.422,2458057,TRY
2014-06-25,1.413,1.438,1.388,1.438,4642691,TRY
2014-06-26,1.438,1.438,1.405,1.413,2635339,TRY
2014-06-27,1.43,1.43,1.413,1.413,1074581,TRY
2014-06-30,1.43,1.447,1.422,1.447,2108828,TRY
2014-07-01,1.447,1.455,1.413,1.422,1966485,TRY
2014-07-02,1.422,1.43,1.405,1.413,3231953,TRY
2014-07-03,1.422,1.447,1.413,1.438,2418589,TRY
2014-07-04,1.43,1.438,1.413,1.422,1124760,TRY
2014-07-07,1.422,1.438,1.413,1.438,2234260,TRY
2014-07-08,1.438,1.438,1.422,1.422,3150933,TRY
2014-07-09,1.43,1.438,1.422,1.438,7926651,TRY
2014-07-10,1.438,1.455,1.413,1.43,17504136,TRY
2014-07-11,1.438,1.48,1.438,1.472,6833156,TRY
2014-07-14,1.48,1.522,1.48,1.514,4859382,TRY
2014-07-15,1.514,1.539,1.514,1.539,2216341,TRY
2014-07-16,1.539,1.572,1.53,1.564,5564510,TRY
2014-07-17,1.572,1.572,1.522,1.522,2310900,TRY
2014-07-18,1.522,1.522,1.505,1.514,1659135,TRY
2014-07-21,1.522,1.539,1.514,1.539,7394520,TRY
2014-07-22,1.539,1.564,1.522,1.555,8649017,TRY
2014-07-23,1.555,1.639,1.555,1.631,6301829,TRY
2014-07-24,1.631,1.647,1.581,1.639,6387018,TRY
2014-07-25,1.647,1.647,1.614,1.622,1731704,TRY
2014-07-31,1.614,1.647,1.597,1.597,8900649,TRY
2014-08-01,1.606,1.622,1.572,1.622,5338593,TRY
2014-08-04,1.622,1.631,1.597,1.606,2067360,TRY
2014-08-05,1.622,1.631,1.522,1.53,6476948,TRY
2014-08-06,1.522,1.53,1.464,1.488,5930229,TRY
2014-08-07,1.497,1.514,1.488,1.497,3151702,TRY
2014-08-08,1.48,1.547,1.48,1.547,3908482,TRY
2014-08-11,1.572,1.581,1.505,1.522,3823552,TRY
2014-08-12,1.522,1.547,1.514,1.522,1344301,TRY
2014-08-13,1.53,1.539,1.505,1.522,4980969,TRY
2014-08-14,1.53,1.53,1.497,1.497,3536881,TRY
2014-08-15,1.505,1.522,1.497,1.505,2560619,TRY
2014-08-18,1.505,1.522,1.497,1.505,2018822,TRY
2014-08-19,1.514,1.547,1.514,1.53,4654815,TRY
2014-08-20,1.53,1.539,1.48,1.514,3707574,TRY
2014-08-21,1.497,1.53,1.497,1.53,1946925,TRY
2014-08-22,1.522,1.53,1.505,1.514,1409779,TRY
2014-08-25,1.514,1.53,1.514,1.53,931813,TRY
2014-08-26,1.53,1.547,1.522,1.547,3180726,TRY
2014-08-27,1.547,1.555,1.53,1.547,4316403,TRY
2014-08-28,1.555,1.581,1.547,1.581,3245747,TRY
2014-08-29,1.581,1.597,1.555,1.589,2118993,TRY
2014-09-01,1.581,1.581,1.555,1.564,1083705,TRY
2014-09-02,1.564,1.581,1.564,1.581,802614,TRY
2014-09-03,1.581,1.589,1.572,1.589,1327545,TRY
2014-09-04,1.589,1.631,1.572,1.614,2898742,TRY
2014-09-05,1.614,1.631,1.606,1.622,1917398,TRY
2014-09-08,1.639,1.656,1.614,1.622,2371107,TRY
2014-09-09,1.622,1.622,1.555,1.564,2365704,TRY
2014-09-10,1.564,1.622,1.547,1.622,4951942,TRY
2014-09-11,1.622,1.622,1.572,1.572,2105743,TRY
2014-09-12,1.572,1.581,1.522,1.522,2340532,TRY
2014-09-15,1.522,1.53,1.497,1.505,3404236,TRY
2014-09-16,1.505,1.53,1.497,1.522,3813730,TRY
2014-09-17,1.53,1.555,1.53,1.555,2891508,TRY
2014-09-18,1.539,1.539,1.514,1.53,14394107,TRY
2014-09-19,1.53,1.547,1.522,1.539,2331585,TRY
2014-09-22,1.539,1.539,1.514,1.514,4142637,TRY
2014-09-23,1.522,1.555,1.522,1.547,4371499,TRY
2014-09-24,1.555,1.555,1.53,1.539,2458667,TRY
2014-09-25,1.539,1.547,1.514,1.522,2188370,TRY
2014-09-26,1.522,1.539,1.505,1.514,3501445,TRY
2014-09-29,1.522,1.539,1.505,1.539,3694745,TRY
2014-09-30,1.539,1.606,1.53,1.606,14571061,TRY
2014-10-01,1.606,1.639,1.581,1.589,7602528,TRY
2014-10-02,1.597,1.606,1.572,1.581,2771554,TRY
2014-10-03,1.589,1.589,1.572,1.589,467589,TRY
2014-10-08,1.555,1.572,1.522,1.53,3332822,TRY
2014-10-09,1.555,1.622,1.555,1.614,4658323,TRY
2014-10-10,1.597,1.631,1.581,1.606,2511785,TRY
2014-10-13,1.614,1.681,1.614,1.673,7208146,TRY
2014-10-14,1.673,1.698,1.622,1.631,3959301,TRY
2014-10-15,1.639,1.647,1.597,1.597,2700072,TRY
2014-10-16,1.606,1.622,1.572,1.597,4862323,TRY
2014-10-17,1.597,1.631,1.589,1.622,2971564,TRY
2014-10-20,1.631,1.656,1.622,1.622,3993985,TRY
2014-10-21,1.631,1.673,1.622,1.673,4746144,TRY
2014-10-22,1.681,1.689,1.656,1.673,1512637,TRY
2014-10-23,1.673,1.689,1.656,1.673,1778583,TRY
2014-10-24,1.673,1.673,1.631,1.631,2664572,TRY
2014-10-27,1.639,1.647,1.614,1.631,2344398,TRY
2014-10-28,1.622,1.639,1.622,1.622,1156830,TRY
2014-10-30,1.606,1.639,1.606,1.614,3817528,TRY
2014-10-31,1.631,1.647,1.614,1.631,1930459,TRY
2014-11-03,1.631,1.631,1.614,1.622,3897405,TRY
2014-11-04,1.622,1.647,1.614,1.647,2357787,TRY
2014-11-05,1.647,1.647,1.597,1.597,3660290,TRY
2014-11-06,1.597,1.606,1.581,1.589,3137978,TRY
2014-11-07,1.589,1.597,1.572,1.581,2910647,TRY
2014-11-10,1.589,1.614,1.589,1.597,1663642,TRY
2014-11-11,1.606,1.622,1.589,1.622,3182350,TRY
2014-11-12,1.622,1.656,1.614,1.639,6064483,TRY
2014-11-13,1.639,1.656,1.606,1.614,3267333,TRY
2014-11-14,1.622,1.639,1.614,1.639,1792085,TRY
2014-11-17,1.631,1.656,1.622,1.622,3229675,TRY
2014-11-18,1.622,1.647,1.622,1.639,2627258,TRY
2014-11-19,1.647,1.681,1.639,1.656,3862144,TRY
2014-11-20,1.664,1.681,1.656,1.673,1146119,TRY
2014-11-21,1.681,1.706,1.664,1.689,4922574,TRY
2014-11-24,1.681,1.714,1.673,1.706,5777022,TRY
2014-11-25,1.706,1.714,1.681,1.698,3168602,TRY
2014-11-26,1.689,1.706,1.673,1.698,3043316,TRY
2014-11-27,1.698,1.706,1.689,1.689,1906228,TRY
2014-11-28,1.689,1.698,1.656,1.681,4470757,TRY
2014-12-01,1.681,1.706,1.673,1.706,2913606,TRY
2014-12-02,1.706,1.723,1.681,1.689,3515613,TRY
2014-12-03,1.689,1.706,1.656,1.656,2767342,TRY
2014-12-04,1.656,1.664,1.639,1.656,2437970,TRY
2014-12-05,1.656,1.673,1.647,1.647,3956146,TRY
2014-12-08,1.656,1.656,1.639,1.639,737336,TRY
2014-12-09,1.639,1.664,1.631,1.639,5375887,TRY
2014-12-10,1.647,1.656,1.631,1.656,2869647,TRY
2014-12-11,1.656,1.706,1.647,1.689,7554543,TRY
2014-12-12,1.689,1.706,1.656,1.681,5653248,TRY
2014-12-15,1.681,1.698,1.664,1.673,1777561,TRY
2014-12-16,1.656,1.673,1.606,1.631,5313470,TRY
2014-12-17,1.631,1.664,1.631,1.639,3355942,TRY
2014-12-18,1.656,1.664,1.647,1.664,4861197,TRY
2014-12-19,1.664,1.689,1.656,1.681,1765357,TRY
2014-12-22,1.681,1.731,1.673,1.723,2677761,TRY
2014-12-23,1.723,1.723,1.689,1.698,2238464,TRY
2014-12-24,1.706,1.723,1.689,1.706,1163502,TRY
2014-12-25,1.698,1.714,1.698,1.706,498277,TRY
2014-12-26,1.706,1.714,1.698,1.706,217509,TRY
2014-12-29,1.706,1.714,1.698,1.714,409843,TRY
2014-12-30,1.714,1.723,1.681,1.689,1184919,TRY
2014-12-31,1.689,1.698,1.681,1.689,655592,TRY
2015-01-02,1.681,1.698,1.673,1.681,563974,TRY
2015-01-05,1.673,1.714,1.673,1.714,3072367,TRY
2015-01-06,1.706,1.706,1.681,1.698,2220752,TRY
2015-01-07,1.698,1.756,1.689,1.739,6554998,TRY
2015-01-08,1.748,1.79,1.739,1.773,4192159,TRY
2015-01-09,1.773,1.781,1.756,1.781,1305968,TRY
2015-01-12,1.756,1.815,1.756,1.79,2563054,TRY
2015-01-13,1.798,1.798,1.739,1.756,5765186,TRY
2015-01-14,1.739,1.781,1.739,1.781,1994990,TRY
2015-01-15,1.781,1.798,1.764,1.773,1478205,TRY
2015-01-16,1.773,1.773,1.706,1.714,5615121,TRY
2015-01-19,1.723,1.748,1.706,1.748,1532198,TRY
2015-01-20,1.731,1.756,1.723,1.756,2728684,TRY
2015-01-21,1.764,1.781,1.731,1.748,3256738,TRY
2015-01-22,1.748,1.764,1.706,1.748,7538414,TRY
2015-01-23,1.756,1.79,1.748,1.79,2113996,TRY
2015-01-26,1.79,1.815,1.773,1.798,2537216,TRY
2015-01-27,1.79,1.798,1.773,1.79,1049618,TRY
2015-01-28,1.79,1.798,1.773,1.79,4695715,TRY
2015-01-29,1.764,1.781,1.748,1.756,2716792,TRY
2015-01-30,1.756,1.781,1.689,1.706,21506536,TRY
2015-02-02,1.706,1.714,1.681,1.689,6985012,TRY
2015-02-03,1.698,1.714,1.689,1.698,5345480,TRY
2015-02-04,1.706,1.714,1.664,1.664,2891567,TRY
2015-02-05,1.664,1.689,1.664,1.689,3244336,TRY
2015-02-06,1.689,1.689,1.664,1.681,2779428,TRY
2015-02-09,1.664,1.673,1.572,1.622,7543892,TRY
2015-02-10,1.631,1.664,1.614,1.614,2106462,TRY
2015-02-11,1.622,1.673,1.622,1.664,2933471,TRY
2015-02-12,1.673,1.723,1.647,1.698,5583058,TRY
2015-02-13,1.706,1.714,1.681,1.698,3603220,TRY
2015-02-16,1.698,1.706,1.681,1.689,3017459,TRY
2015-02-17,1.681,1.698,1.639,1.639,3510257,TRY
2015-02-18,1.639,1.664,1.631,1.639,4460302,TRY
2015-02-19,1.656,1.673,1.647,1.647,3136870,TRY
2015-02-20,1.656,1.664,1.647,1.656,1278315,TRY
2015-02-23,1.664,1.673,1.622,1.673,3240701,TRY
2015-02-24,1.673,1.689,1.656,1.689,3741457,TRY
2015-02-25,1.698,1.706,1.681,1.689,3847728,TRY
2015-02-26,1.681,1.706,1.664,1.673,4373352,TRY
2015-02-27,1.681,1.689,1.647,1.656,3700752,TRY
2015-03-02,1.664,1.689,1.647,1.656,1773585,TRY
2015-03-03,1.664,1.673,1.656,1.664,5055363,TRY
2015-03-04,1.664,1.673,1.622,1.639,1730703,TRY
2015-03-05,1.647,1.673,1.631,1.664,12291089,TRY
2015-03-06,1.656,1.698,1.647,1.664,7943280,TRY
2015-03-09,1.673,1.698,1.647,1.656,3763273,TRY
2015-03-10,1.664,1.681,1.597,1.614,5521879,TRY
2015-03-11,1.614,1.631,1.564,1.606,4606679,TRY
2015-03-12,1.622,1.656,1.622,1.622,4058508,TRY
2015-03-13,1.631,1.647,1.597,1.597,2989095,TRY
2015-03-16,1.622,1.656,1.597,1.622,3654334,TRY
2015-03-17,1.639,1.664,1.622,1.631,3664387,TRY
2015-03-18,1.639,1.698,1.631,1.664,5118324,TRY
2015-03-19,1.698,1.731,1.673,1.706,10130271,TRY
2015-03-20,1.714,1.714,1.664,1.664,21674470,TRY
2015-03-23,1.656,1.714,1.656,1.714,9331103,TRY
2015-03-24,1.706,1.723,1.673,1.673,2810426,TRY
2015-03-25,1.689,1.714,1.681,1.706,2488595,TRY
2015-03-26,1.689,1.689,1.631,1.647,5972123,TRY
2015-03-27,1.647,1.664,1.631,1.647,2250006,TRY
2015-03-30,1.663,1.731,1.654,1.731,3035839,TRY
2015-03-31,1.723,1.757,1.697,1.706,4741930,TRY
2015-04-01,1.706,1.74,1.706,1.731,2462212,TRY
2015-04-02,1.74,1.74,1.714,1.723,428676,TRY
2015-04-03,1.731,1.749,1.714,1.749,964126,TRY
2015-04-06,1.749,1.757,1.731,1.731,546012,TRY
2015-04-07,1.74,1.766,1.731,1.766,4947106,TRY
2015-04-08,1.757,1.766,1.749,1.757,797247,TRY
2015-04-09,1.766,1.817,1.757,1.809,4627460,TRY
2015-04-10,1.791,1.834,1.783,1.834,5428760,TRY
2015-04-13,1.834,1.843,1.809,1.843,2381313,TRY
2015-04-14,1.809,1.834,1.791,1.817,2736267,TRY
2015-04-15,1.817,1.817,1.774,1.783,1290417,TRY
2015-04-16,1.783,1.8,1.757,1.757,3771254,TRY
2015-04-17,1.766,1.791,1.766,1.783,4300259,TRY
2015-04-20,1.783,1.791,1.774,1.774,1835418,TRY
2015-04-21,1.783,1.809,1.74,1.809,3033062,TRY
2015-04-22,1.817,1.817,1.757,1.766,2657805,TRY
2015-04-24,1.774,1.791,1.757,1.774,4528193,TRY
2015-04-27,1.783,1.8,1.766,1.774,4732590,TRY
2015-04-28,1.774,1.783,1.766,1.766,1837285,TRY
2015-04-29,1.766,1.783,1.749,1.757,2861916,TRY
2015-04-30,1.766,1.766,1.731,1.731,1196777,TRY
2015-05-04,1.731,1.757,1.706,1.757,2565788,TRY
2015-05-05,1.749,1.8,1.731,1.774,4517433,TRY
2015-05-06,1.783,1.783,1.731,1.783,4649320,TRY
2015-05-07,1.783,1.783,1.749,1.774,2001419,TRY
2015-05-08,1.774,1.774,1.731,1.74,4783754,TRY
2015-05-11,1.749,1.757,1.731,1.731,3547793,TRY
2015-05-12,1.731,1.731,1.714,1.723,1971993,TRY
2015-05-13,1.731,1.783,1.731,1.766,3632871,TRY
2015-05-14,1.774,1.8,1.757,1.791,3540294,TRY
2015-05-15,1.783,1.826,1.783,1.809,3668460,TRY
2015-05-18,1.817,1.843,1.8,1.834,4648887,TRY
2015-05-20,1.834,1.834,1.757,1.783,8983457,TRY
2015-05-21,1.791,1.791,1.766,1.791,3067286,TRY
2015-05-22,1.791,1.809,1.774,1.809,1536450,TRY
2015-05-25,1.791,1.809,1.757,1.757,901488,TRY
2015-05-26,1.757,1.817,1.757,1.8,4678709,TRY
2015-05-27,1.8,1.809,1.766,1.8,2078034,TRY
2015-05-28,1.783,1.826,1.774,1.783,2290701,TRY
2015-05-29,1.791,1.817,1.774,1.774,1280588,TRY
2015-06-01,1.791,1.791,1.74,1.757,6369614,TRY
2015-06-02,1.749,1.774,1.74,1.749,2658173,TRY
2015-06-03,1.757,1.929,1.74,1.766,4515420,TRY
2015-06-04,1.766,1.783,1.74,1.757,1639876,TRY
2015-06-08,1.62,1.74,1.62,1.72,3867951,TRY
2015-06-09,1.72,1.73,1.69,1.7,1614845,TRY
2015-06-10,1.191,1.218,1.184,1.204,7719159,TRY
2015-06-11,1.198,1.218,1.177,1.212,7202340,TRY
2015-06-12,1.212,1.225,1.191,1.204,3851758,TRY
2015-06-15,1.198,1.204,1.177,1.177,2255134,TRY
2015-06-16,1.177,1.191,1.156,1.17,4377091,TRY
2015-06-17,1.177,1.198,1.177,1.191,4410043,TRY
2015-06-18,1.191,1.198,1.177,1.177,4062017,TRY
2015-06-19,1.184,1.198,1.177,1.198,4525746,TRY
2015-06-22,1.198,1.218,1.198,1.204,3525336,TRY
2015-06-23,1.212,1.218,1.198,1.218,3872749,TRY
2015-06-24,1.212,1.225,1.212,1.218,2165305,TRY
2015-06-25,1.225,1.225,1.204,1.204,2080420,TRY
2015-06-26,1.212,1.225,1.204,1.218,3495848,TRY
2015-06-29,1.198,1.212,1.184,1.191,2508583,TRY
2015-06-30,1.198,1.198,1.177,1.184,3347954,TRY
2015-07-01,1.191,1.225,1.191,1.212,13841395,TRY
2015-07-02,1.212,1.212,1.184,1.198,4450362,TRY
2015-07-03,1.191,1.198,1.177,1.184,2764727,TRY
2015-07-06,1.177,1.198,1.177,1.184,5560943,TRY
2015-07-07,1.191,1.191,1.163,1.163,4330199,TRY
2015-07-08,1.163,1.177,1.156,1.163,2374796,TRY
2015-07-09,1.17,1.191,1.17,1.177,3193030,TRY
2015-07-10,1.184,1.198,1.177,1.184,2875862,TRY
2015-07-13,1.184,1.198,1.184,1.184,3403025,TRY
2015-07-14,1.191,1.198,1.177,1.191,5868993,TRY
2015-07-15,1.191,1.198,1.184,1.184,611414,TRY
2015-07-16,1.191,1.191,1.184,1.184,1564092,TRY
2015-07-20,1.184,1.204,1.184,1.191,5624867,TRY
2015-07-21,1.191,1.212,1.184,1.198,5309955,TRY
2015-07-22,1.191,1.204,1.184,1.198,2942207,TRY
2015-07-23,1.191,1.204,1.17,1.17,4741231,TRY
2015-07-24,1.177,1.191,1.17,1.177,2597416,TRY
2015-07-27,1.184,1.204,1.177,1.198,6022845,TRY
2015-07-28,1.204,1.212,1.191,1.204,3134386,TRY
2015-07-29,1.204,1.218,1.191,1.191,4221629,TRY
2015-07-30,1.191,1.204,1.184,1.191,2636566,TRY
2015-07-31,1.198,1.212,1.191,1.212,1883609,TRY
2015-08-03,1.204,1.212,1.184,1.184,2845643,TRY
2015-08-04,1.191,1.198,1.17,1.184,2725579,TRY
2015-08-05,1.184,1.191,1.177,1.177,5451676,TRY
2015-08-06,1.177,1.191,1.17,1.191,2138830,TRY
2015-08-07,1.191,1.191,1.17,1.17,1710159,TRY
2015-08-10,1.177,1.184,1.135,1.142,3236142,TRY
2015-08-11,1.156,1.184,1.149,1.184,3522047,TRY
2015-08-12,1.177,1.177,1.149,1.156,9194076,TRY
2015-08-13,1.163,1.163,1.114,1.142,2031638,TRY
2015-08-14,1.135,1.156,1.121,1.142,1515584,TRY
2015-08-17,1.135,1.156,1.135,1.142,4362211,TRY
2015-08-18,1.149,1.156,1.135,1.142,1870311,TRY
2015-08-19,1.142,1.149,1.086,1.1,6857193,TRY
2015-08-20,1.086,1.086,1.058,1.072,10460471,TRY
2015-08-21,1.058,1.086,1.058,1.086,1450299,TRY
2015-08-24,1.086,1.086,1.01,1.044,2674435,TRY
2015-08-25,1.051,1.079,1.044,1.065,4546428,TRY
2015-08-26,1.065,1.072,1.051,1.065,1891252,TRY
2015-08-27,1.079,1.086,1.065,1.079,3212751,TRY
2015-08-28,1.079,1.086,1.051,1.058,2577696,TRY
2015-08-31,1.051,1.079,1.051,1.079,1853030,TRY
2015-09-01,1.079,1.079,1.044,1.058,1790862,TRY
2015-09-02,1.058,1.065,1.051,1.051,1227041,TRY
2015-09-03,1.058,1.072,1.051,1.058,1855888,TRY
2015-09-04,1.058,1.065,1.051,1.051,1114157,TRY
2015-09-07,1.051,1.058,1.037,1.044,1257589,TRY
2015-09-08,1.051,1.058,1.037,1.044,1277803,TRY
2015-09-09,1.051,1.058,1.037,1.037,3131333,TRY
2015-09-10,1.037,1.037,1.003,1.01,5240693,TRY
2015-09-11,1.016,1.016,0.982,0.982,5095522,TRY
2015-09-14,0.989,1.003,0.961,0.961,8819309,TRY
2015-09-15,0.968,0.989,0.954,0.989,9689444,TRY
2015-09-16,0.989,1.01,0.968,1.003,7160437,TRY
2015-09-17,1.003,1.016,0.989,1.003,3736204,TRY
2015-09-18,1.003,1.003,0.982,0.996,12331145,TRY
2015-09-21,0.996,1.024,0.982,1.016,15674173,TRY
2015-09-22,1.024,1.024,1.003,1.01,5483007,TRY
2015-09-23,1.003,1.01,0.989,1.003,2258427,TRY
2015-09-28,1.003,1.01,0.982,0.982,2989188,TRY
2015-09-29,0.982,1.003,0.968,0.996,7649258,TRY
2015-09-30,0.996,1.01,0.982,0.982,5613227,TRY
2015-10-01,0.989,1.003,0.982,0.989,3428675,TRY
2015-10-02,0.989,1.003,0.982,0.996,2258508,TRY
2015-10-05,1.003,1.044,1.003,1.044,11950065,TRY
2015-10-06,1.044,1.051,1.024,1.037,3676424,TRY
2015-10-07,1.044,1.058,1.037,1.044,8192612,TRY
2015-10-08,1.044,1.079,1.037,1.065,4110216,TRY
2015-10-09,1.072,1.086,1.072,1.086,2365597,TRY
2015-10-12,1.072,1.093,1.065,1.079,3333726,TRY
2015-10-13,1.086,1.093,1.058,1.065,2486911,TRY
2015-10-14,1.065,1.086,1.044,1.072,6464395,TRY
2015-10-15,1.086,1.093,1.065,1.072,4704810,TRY
2015-10-16,1.079,1.086,1.051,1.051,5250099,TRY
2015-10-19,1.072,1.086,1.065,1.079,2450267,TRY
2015-10-20,1.079,1.1,1.065,1.093,7057538,TRY
2015-10-21,1.086,1.093,1.058,1.065,5211070,TRY
2015-10-22,1.072,1.079,1.058,1.072,3212098,TRY
2015-10-23,1.079,1.114,1.072,1.093,16119567,TRY
2015-10-26,1.093,1.093,1.065,1.079,4204973,TRY
2015-10-27,1.079,1.086,1.065,1.079,4534495,TRY
2015-10-28,1.086,1.086,1.065,1.079,2170583,TRY
2015-10-30,1.079,1.086,1.051,1.072,5746856,TRY
2015-11-02,1.135,1.142,1.107,1.142,11270887,TRY
2015-11-03,1.142,1.149,1.121,1.135,15517925,TRY
2015-11-04,1.135,1.156,1.135,1.156,2019653,TRY
2015-11-05,1.149,1.149,1.135,1.142,7510969,TRY
2015-11-06,1.142,1.149,1.114,1.121,3326524,TRY
2015-11-09,1.121,1.128,1.114,1.121,3434821,TRY
2015-11-10,1.121,1.128,1.114,1.114,4514163,TRY
2015-11-11,1.121,1.135,1.107,1.121,3644634,TRY
2015-11-12,1.128,1.135,1.121,1.128,895635,TRY
2015-11-13,1.121,1.135,1.121,1.135,3003435,TRY
2015-11-16,1.135,1.135,1.121,1.128,1708468,TRY
2015-11-17,1.128,1.142,1.128,1.142,2100767,TRY
2015-11-18,1.142,1.149,1.135,1.149,3245223,TRY
2015-11-19,1.149,1.156,1.135,1.149,5062503,TRY
2015-11-20,1.149,1.156,1.121,1.135,2244808,TRY
2015-11-23,1.135,1.135,1.1,1.114,3636511,TRY
2015-11-24,1.114,1.121,1.058,1.065,4083828,TRY
2015-11-25,1.065,1.079,1.051,1.079,3701772,TRY
2015-11-26,1.072,1.079,1.037,1.044,2451362,TRY
2015-11-27,1.044,1.072,1.044,1.051,2050650,TRY
2015-11-30,1.065,1.072,1.044,1.051,2193915,TRY
2015-12-01,1.044,1.072,1.044,1.065,5918024,TRY
2015-12-02,1.072,1.086,1.058,1.072,6357619,TRY
2015-12-03,1.072,1.079,1.058,1.065,4938891,TRY
2015-12-04,1.072,1.072,1.03,1.044,9705618,TRY
2015-12-07,1.044,1.044,1.003,1.01,8779613,TRY
2015-12-08,1.01,1.016,0.989,0.996,6657547,TRY
2015-12-09,1.003,1.037,0.996,1.037,5216306,TRY
2015-12-10,1.03,1.037,0.975,0.989,23760614,TRY
2015-12-11,0.996,0.996,0.94,0.94,15476462,TRY
2015-12-14,0.954,0.961,0.905,0.905,17613224,TRY
2015-12-15,0.912,0.961,0.912,0.947,16668869,TRY
2015-12-16,0.947,0.968,0.94,0.94,14726943,TRY
2015-12-17,0.947,0.975,0.94,0.961,10693028,TRY
2015-12-18,0.961,0.982,0.954,0.954,9519746,TRY
2015-12-21,0.961,0.982,0.961,0.968,6990236,TRY
2015-12-22,0.968,0.975,0.954,0.968,1609310,TRY
2015-12-23,0.968,0.989,0.968,0.975,3924181,TRY
2015-12-24,0.975,1.01,0.968,1.003,8175625,TRY
2015-12-25,1.01,1.016,0.996,1.01,924808,TRY
2015-12-28,1.03,1.051,1.016,1.044,7066551,TRY
2015-12-29,1.051,1.058,1.037,1.044,6843835,TRY
2015-12-30,1.051,1.058,1.03,1.051,7633706,TRY
2015-12-31,1.051,1.065,1.016,1.058,14137886,TRY
2016-01-04,1.044,1.044,1.01,1.016,5527701,TRY
2016-01-05,1.024,1.03,0.982,0.996,11534162,TRY
2016-01-06,0.989,1.003,0.975,1.003,10444498,TRY
2016-01-07,0.989,1.003,0.968,0.989,5100472,TRY
2016-01-08,0.996,1.01,0.975,0.982,7772302,TRY
2016-01-11,0.982,0.996,0.968,0.982,9154727,TRY
2016-01-12,0.982,0.996,0.968,0.982,14797229,TRY
2016-01-13,0.989,0.996,0.982,0.982,15827358,TRY
2016-01-14,0.982,0.996,0.975,0.975,8664475,TRY
2016-01-15,0.982,0.982,0.947,0.954,11431344,TRY
2016-01-18,0.954,0.961,0.94,0.954,6918597,TRY
2016-01-19,0.961,0.968,0.947,0.954,5615374,TRY
2016-01-20,0.947,0.947,0.926,0.94,5164942,TRY
2016-01-21,0.94,0.947,0.912,0.94,14886622,TRY
2016-01-22,0.947,0.982,0.947,0.982,12512933,TRY
2016-01-25,0.989,0.996,0.968,0.975,6452585,TRY
2016-01-26,0.968,0.989,0.961,0.982,3295888,TRY
2016-01-27,0.989,0.996,0.982,0.996,8666068,TRY
2016-01-28,0.996,1.03,0.989,1.024,17505774,TRY
2016-01-29,1.037,1.037,1.016,1.024,8730572,TRY
2016-02-01,1.024,1.058,1.01,1.051,15172060,TRY
2016-02-02,1.058,1.058,1.024,1.03,6181687,TRY
2016-02-03,1.024,1.051,1.016,1.044,11451126,TRY
2016-02-04,1.051,1.051,1.03,1.044,8904662,TRY
2016-02-05,1.044,1.072,1.037,1.058,13350627,TRY
2016-02-08,1.058,1.079,1.024,1.03,12459302,TRY
2016-02-09,1.024,1.03,0.982,1.003,10138051,TRY
2016-02-10,1.01,1.03,0.996,1.016,7372324,TRY
2016-02-11,1.01,1.01,0.982,1.003,5382726,TRY
2016-02-12,1.003,1.01,0.989,0.989,5213176,TRY
2016-02-15,0.996,1.003,0.968,0.989,7711703,TRY
2016-02-16,1.003,1.01,0.996,0.996,3441708,TRY
2016-02-17,0.996,1.037,0.989,1.03,4857694,TRY
2016-02-18,1.03,1.065,1.024,1.058,12963927,TRY
2016-02-19,1.058,1.093,1.044,1.086,15178773,TRY
2016-02-22,1.086,1.107,1.086,1.1,8954259,TRY
2016-02-23,1.1,1.135,1.1,1.128,14331928,TRY
2016-02-24,1.128,1.128,1.086,1.093,4309127,TRY
2016-02-25,1.1,1.107,1.079,1.1,4538477,TRY
2016-02-26,1.107,1.121,1.086,1.1,3876903,TRY
2016-02-29,1.1,1.128,1.086,1.121,7158512,TRY
2016-03-01,1.128,1.128,1.114,1.128,3310967,TRY
2016-03-02,1.135,1.142,1.121,1.142,3439127,TRY
2016-03-03,1.142,1.142,1.121,1.135,3840308,TRY
2016-03-04,1.142,1.142,1.121,1.135,1817513,TRY
2016-03-07,1.135,1.149,1.128,1.142,5621922,TRY
2016-03-08,1.135,1.156,1.128,1.142,5793017,TRY
2016-03-09,1.142,1.163,1.142,1.156,5611296,TRY
2016-03-10,1.156,1.177,1.149,1.17,6923615,TRY
2016-03-11,1.177,1.184,1.156,1.184,6840631,TRY
2016-03-14,1.177,1.204,1.17,1.191,4600176,TRY
2016-03-15,1.191,1.191,1.17,1.184,10377389,TRY
2016-03-16,1.184,1.191,1.149,1.149,16513198,TRY
2016-03-17,1.17,1.184,1.149,1.156,16953406,TRY
2016-03-18,1.156,1.191,1.142,1.184,7348079,TRY
2016-03-21,1.184,1.204,1.177,1.184,7572496,TRY
2016-03-22,1.177,1.177,1.128,1.135,22973230,TRY
2016-03-23,1.135,1.142,1.114,1.135,6956872,TRY
2016-03-24,1.128,1.149,1.121,1.142,12403614,TRY
2016-03-25,1.142,1.163,1.135,1.156,2714949,TRY
2016-03-28,1.163,1.177,1.156,1.163,2382086,TRY
2016-03-29,1.163,1.17,1.149,1.149,4997805,TRY
2016-03-30,1.156,1.177,1.156,1.17,5943711,TRY
2016-03-31,1.17,1.184,1.163,1.17,15759546,TRY
2016-04-01,1.17,1.177,1.149,1.156,6547098,TRY
2016-04-04,1.163,1.184,1.163,1.177,4213333,TRY
2016-04-05,1.177,1.177,1.156,1.163,5238866,TRY
2016-04-06,1.17,1.17,1.142,1.149,8006059,TRY
2016-04-07,1.156,1.156,1.135,1.135,5000841,TRY
2016-04-08,1.142,1.163,1.135,1.156,7041067,TRY
2016-04-11,1.156,1.17,1.149,1.163,9230102,TRY
2016-04-12,1.17,1.191,1.163,1.17,19697248,TRY
2016-04-13,1.184,1.205,1.177,1.205,23502454,TRY
2016-04-14,1.205,1.234,1.184,1.234,16220082,TRY
2016-04-15,1.241,1.255,1.227,1.234,21402696,TRY
2016-04-18,1.227,1.262,1.227,1.262,9630060,TRY
2016-04-19,1.262,1.262,1.234,1.241,6844773,TRY
2016-04-20,1.241,1.255,1.227,1.227,8017184,TRY
2016-04-21,1.234,1.248,1.22,1.22,3513045,TRY
2016-04-22,1.227,1.227,1.205,1.227,6601608,TRY
2016-04-25,1.234,1.234,1.22,1.22,3585287,TRY
2016-04-26,1.227,1.248,1.212,1.241,5259358,TRY
2016-04-27,1.241,1.248,1.227,1.234,2744510,TRY
2016-04-28,1.227,1.241,1.227,1.234,4118636,TRY
2016-04-29,1.241,1.241,1.227,1.241,4612652,TRY
2016-05-02,1.234,1.241,1.205,1.205,2544679,TRY
2016-05-03,1.212,1.234,1.184,1.205,11088098,TRY
2016-05-04,1.198,1.205,1.142,1.142,11396863,TRY
2016-05-05,1.113,1.163,1.085,1.127,18637464,TRY
2016-05-06,0.942,0.96,0.924,0.954,8257400,TRY
2016-05-09,0.96,0.972,0.948,0.948,4746000,TRY
2016-05-10,0.948,0.954,0.924,0.936,15637500,TRY
2016-05-11,0.942,0.948,0.924,0.942,13085400,TRY
2016-05-12,0.942,0.948,0.924,0.93,7854700,TRY
2016-05-13,0.924,0.942,0.918,0.918,16592900,TRY
2016-05-16,0.924,0.93,0.912,0.918,10638300,TRY
2016-05-17,0.924,0.93,0.901,0.906,10717300,TRY
2016-05-18,0.901,0.906,0.883,0.901,23844800,TRY
2016-05-20,0.901,0.901,0.889,0.895,18543200,TRY
2016-05-23,0.895,0.912,0.889,0.906,5751200,TRY
2016-05-24,0.901,0.93,0.901,0.93,18938200,TRY
2016-05-25,0.93,0.942,0.918,0.924,24089800,TRY
2016-05-26,0.924,0.924,0.901,0.901,23157200,TRY
2016-05-27,0.906,0.912,0.901,0.912,3081900,TRY
2016-05-30,0.912,0.93,0.912,0.924,2867600,TRY
2016-05-31,0.93,0.942,0.918,0.918,10094900,TRY
2016-06-01,0.918,0.924,0.912,0.912,5583400,TRY
2016-06-02,0.912,0.918,0.906,0.912,4810100,TRY
2016-06-03,0.912,0.93,0.906,0.918,6109600,TRY
2016-06-06,0.93,0.966,0.924,0.954,13562900,TRY
2016-06-07,0.96,0.972,0.942,0.954,11277600,TRY
2016-06-08,0.954,0.96,0.942,0.948,7914000,TRY
2016-06-09,0.954,0.96,0.924,0.93,8977600,TRY
2016-06-10,0.93,0.942,0.924,0.93,7896100,TRY
2016-06-13,0.93,0.936,0.895,0.906,9505000,TRY
2016-06-14,0.906,0.912,0.889,0.901,6290100,TRY
2016-06-15,0.912,0.924,0.906,0.918,4014500,TRY
2016-06-16,0.909,0.923,0.888,0.902,4615500,TRY
2016-06-17,0.909,0.923,0.902,0.916,3028000,TRY
2016-06-20,0.93,0.944,0.923,0.937,5183200,TRY
2016-06-21,0.937,0.951,0.93,0.944,5610800,TRY
2016-06-22,0.944,0.958,0.93,0.937,5888800,TRY
2016-06-23,0.944,0.951,0.923,0.937,10525500,TRY
2016-06-24,0.895,0.909,0.881,0.888,7073500,TRY
2016-06-27,0.895,0.909,0.888,0.895,7826100,TRY
2016-06-28,0.909,0.93,0.909,0.909,7399300,TRY
2016-06-29,0.916,0.923,0.902,0.909,4142800,TRY
2016-06-30,0.909,0.93,0.909,0.923,4713000,TRY
2016-07-01,0.93,0.958,0.93,0.958,9434600,TRY
2016-07-04,0.965,1.006,0.965,1.006,7358000,TRY
2016-07-08,0.999,1.013,0.965,0.999,6060100,TRY
2016-07-11,1.013,1.02,0.993,0.999,8181100,TRY
2016-07-12,1.006,1.034,0.999,1.02,10693200,TRY
2016-07-13,1.027,1.041,1.013,1.013,10125200,TRY
2016-07-14,1.02,1.027,1.006,1.02,6140900,TRY
2016-07-15,1.02,1.027,1.013,1.027,4690800,TRY
2016-07-18,1.006,1.006,0.902,0.937,13477100,TRY
2016-07-19,0.93,0.944,0.902,0.909,25688800,TRY
2016-07-20,0.909,0.916,0.875,0.875,11170700,TRY
2016-07-21,0.868,0.875,0.819,0.854,19972400,TRY
2016-07-22,0.861,0.868,0.819,0.84,15570000,TRY
2016-07-25,0.854,0.895,0.854,0.888,19624500,TRY
2016-07-26,0.895,0.902,0.868,0.875,7022500,TRY
2016-07-27,0.881,0.895,0.868,0.881,17929800,TRY
2016-07-28,0.888,0.895,0.881,0.881,7896100,TRY
2016-07-29,0.888,0.916,0.881,0.909,9567600,TRY
2016-08-01,0.923,0.93,0.902,0.909,9048500,TRY
2016-08-02,0.909,0.923,0.902,0.916,10786100,TRY
2016-08-03,0.916,0.916,0.881,0.881,14326200,TRY
2016-08-04,0.888,0.902,0.881,0.902,6072300,TRY
2016-08-05,0.902,0.916,0.895,0.909,11619700,TRY
2016-08-08,0.923,0.937,0.916,0.93,6840000,TRY
2016-08-09,0.937,0.958,0.937,0.958,10401200,TRY
2016-08-10,0.958,0.999,0.951,0.986,19859100,TRY
2016-08-11,0.986,0.993,0.972,0.986,5874600,TRY
2016-08-12,0.993,0.999,0.979,0.986,5854400,TRY
2016-08-15,0.993,0.999,0.986,0.993,5020300,TRY
2016-08-16,0.999,1.006,0.979,0.986,7295000,TRY
2016-08-17,0.986,0.993,0.965,0.972,4351800,TRY
2016-08-18,0.986,0.986,0.972,0.986,2985600,TRY
2016-08-19,0.986,0.986,0.972,0.979,1956100,TRY
2016-08-22,0.972,0.993,0.972,0.979,4331200,TRY
2016-08-23,0.986,1.013,0.979,0.986,6955300,TRY
2016-08-24,0.972,0.979,0.951,0.979,4851900,TRY
2016-08-25,0.979,0.999,0.965,0.993,17730500,TRY
2016-08-26,0.993,0.993,0.972,0.986,6348200,TRY
2016-08-29,0.979,0.986,0.972,0.972,1687500,TRY
2016-08-31,0.972,0.979,0.944,0.944,5924600,TRY
2016-09-01,0.951,0.951,0.923,0.93,8514400,TRY
2016-09-02,0.937,0.972,0.923,0.951,10629800,TRY
2016-09-05,0.958,0.972,0.951,0.958,5919800,TRY
2016-09-06,0.965,0.965,0.944,0.944,8594600,TRY
2016-09-07,0.951,0.958,0.944,0.951,6087500,TRY
2016-09-08,0.951,0.958,0.944,0.951,5166700,TRY
2016-09-09,0.944,0.951,0.937,0.951,4859400,TRY
2016-09-16,0.944,0.951,0.902,0.902,9666600,TRY
2016-09-19,0.909,0.93,0.902,0.93,5925800,TRY
2016-09-20,0.937,0.937,0.916,0.93,5016300,TRY
2016-09-21,0.937,0.965,0.93,0.951,8491400,TRY
2016-09-22,0.965,0.979,0.958,0.979,10834900,TRY
2016-09-23,0.979,0.986,0.972,0.986,5388100,TRY
2016-09-26,0.958,0.958,0.923,0.951,16775400,TRY
2016-09-27,0.951,0.965,0.93,0.937,9477800,TRY
2016-09-28,0.944,0.951,0.937,0.937,8274900,TRY
2016-09-29,0.944,0.944,0.93,0.93,6248000,TRY
2016-09-30,0.923,0.93,0.916,0.923,4847600,TRY
2016-10-03,0.93,0.944,0.923,0.93,4593700,TRY
2016-10-04,0.93,0.937,0.923,0.937,4541400,TRY
2016-10-05,0.93,0.944,0.923,0.937,5047600,TRY
2016-10-06,0.937,0.951,0.937,0.937,3079000,TRY
2016-10-07,0.944,0.951,0.937,0.951,2875000,TRY
2016-10-10,0.944,0.951,0.937,0.937,1771000,TRY
2016-10-11,0.937,0.944,0.923,0.923,4059000,TRY
2016-10-12,0.93,0.937,0.923,0.937,4844500,TRY
2016-10-13,0.937,0.937,0.923,0.93,3079900,TRY
2016-10-14,0.93,0.937,0.923,0.937,2263000,TRY
2016-10-17,0.93,0.937,0.923,0.93,4700600,TRY
2016-10-18,0.93,0.944,0.93,0.937,11973000,TRY
2016-10-19,0.944,0.972,0.937,0.965,12332900,TRY
2016-10-20,0.965,0.972,0.951,0.958,5905500,TRY
2016-10-21,0.965,0.965,0.944,0.951,6687100,TRY
2016-10-24,0.958,0.972,0.951,0.972,10031100,TRY
2016-10-25,0.979,0.986,0.965,0.965,7924000,TRY
2016-10-26,0.972,0.979,0.958,0.965,8508500,TRY
2016-10-27,0.958,0.965,0.958,0.965,3243900,TRY
2016-10-28,0.965,0.972,0.951,0.951,5089000,TRY
2016-10-31,0.958,0.958,0.944,0.951,2221700,TRY
2016-11-01,0.958,0.958,0.93,0.93,7005500,TRY
2016-11-02,0.93,0.951,0.93,0.951,5574900,TRY
2016-11-03,0.951,0.958,0.93,0.937,5433800,TRY
2016-11-04,0.93,0.93,0.895,0.909,4428900,TRY
2016-11-07,0.916,0.93,0.909,0.916,13948200,TRY
2016-11-08,0.916,0.93,0.909,0.923,5922600,TRY
2016-11-09,0.902,0.916,0.881,0.916,17733000,TRY
2016-11-10,0.923,0.923,0.902,0.909,20751200,TRY
2016-11-11,0.909,0.909,0.881,0.881,13697400,TRY
2016-11-14,0.888,0.888,0.875,0.881,4119900,TRY
2016-11-15,0.888,0.895,0.881,0.888,7003300,TRY
2016-11-16,0.888,0.895,0.861,0.868,10023800,TRY
2016-11-17,0.868,0.881,0.868,0.868,5339000,TRY
2016-11-18,0.868,0.875,0.861,0.875,7215900,TRY
2016-11-21,0.875,0.881,0.868,0.868,926500,TRY
2016-11-22,0.868,0.881,0.868,0.881,6581600,TRY
2016-11-23,0.881,0.888,0.861,0.875,5922800,TRY
2016-11-24,0.868,0.875,0.847,0.854,10186400,TRY
2016-11-25,0.854,0.861,0.847,0.854,6325900,TRY
2016-11-28,0.861,0.868,0.854,0.868,4722800,TRY
2016-11-29,0.868,0.875,0.854,0.868,8876000,TRY
2016-11-30,0.868,0.875,0.861,0.868,7542700,TRY
2016-12-01,0.868,0.875,0.854,0.868,15215700,TRY
2016-12-02,0.875,0.881,0.868,0.875,5225300,TRY
2016-12-05,0.875,0.895,0.875,0.895,5371000,TRY
2016-12-06,0.895,0.93,0.895,0.923,9032500,TRY
2016-12-07,0.923,0.951,0.916,0.951,9434600,TRY
2016-12-08,0.951,0.958,0.916,0.937,19745800,TRY
2016-12-09,0.944,0.965,0.93,0.93,15391900,TRY
2016-12-12,0.93,0.937,0.923,0.93,12185000,TRY
2016-12-13,0.923,0.958,0.923,0.958,11598300,TRY
2016-12-14,0.958,0.958,0.944,0.944,6412100,TRY
2016-12-15,0.937,0.972,0.937,0.965,9681100,TRY
2016-12-16,0.958,0.965,0.944,0.958,9751500,TRY
2016-12-19,0.958,0.965,0.951,0.951,14013600,TRY
2016-12-20,0.951,0.972,0.944,0.965,9169700,TRY
2016-12-21,0.965,0.979,0.965,0.972,4579300,TRY
2016-12-22,0.972,0.972,0.958,0.965,6556800,TRY
2016-12-23,0.958,0.972,0.958,0.965,2147700,TRY
2016-12-26,0.965,0.972,0.958,0.965,664700,TRY
2016-12-27,0.965,0.972,0.958,0.965,1829000,TRY
2016-12-28,0.965,0.972,0.958,0.972,2480100,TRY
2016-12-29,0.972,0.979,0.965,0.972,1719700,TRY
2016-12-30,0.972,0.993,0.965,0.979,5658700,TRY
2017-01-02,0.979,0.979,0.965,0.972,2004400,TRY
2017-01-03,0.979,0.979,0.944,0.951,13351200,TRY
2017-01-04,0.958,0.965,0.951,0.958,5847400,TRY
2017-01-05,0.958,0.972,0.951,0.965,16428900,TRY
2017-01-06,0.965,0.972,0.958,0.972,1266200,TRY
2017-01-09,0.965,0.972,0.958,0.965,5621300,TRY
2017-01-10,0.958,0.965,0.951,0.951,3695300,TRY
2017-01-11,0.951,0.951,0.937,0.937,10983500,TRY
2017-01-12,0.944,0.979,0.937,0.972,10366300,TRY
2017-01-13,0.972,0.972,0.951,0.972,25384900,TRY
2017-01-16,0.972,0.993,0.972,0.986,6612300,TRY
2017-01-17,0.986,0.986,0.972,0.986,5939000,TRY
2017-01-18,0.986,0.993,0.979,0.993,7522400,TRY
2017-01-19,0.993,0.993,0.972,0.979,8133300,TRY
2017-01-20,0.986,0.986,0.972,0.979,5747900,TRY
2017-01-23,0.986,0.993,0.979,0.986,6541400,TRY
2017-01-24,0.986,0.999,0.979,0.999,12362200,TRY
2017-01-25,0.999,1.006,0.972,0.986,11201500,TRY
2017-01-26,0.986,0.993,0.972,0.986,7014300,TRY
2017-01-27,0.979,0.986,0.972,0.979,1911100,TRY
2017-01-30,0.979,1.02,0.979,1.013,14470200,TRY
2017-01-31,1.013,1.02,0.993,0.999,8443400,TRY
2017-02-01,0.999,1.006,0.993,1.006,1819900,TRY
2017-02-02,1.013,1.083,1.006,1.041,23602700,TRY
2017-02-03,1.041,1.097,1.027,1.09,17582900,TRY
2017-02-06,1.097,1.103,1.069,1.09,8352000,TRY
2017-02-07,1.083,1.09,1.055,1.055,7782600,TRY
2017-02-08,1.062,1.062,1.041,1.041,24083200,TRY
2017-02-09,1.048,1.062,1.041,1.048,21160600,TRY
2017-02-10,1.055,1.055,1.027,1.034,8293800,TRY
2017-02-13,1.041,1.048,1.027,1.041,6579100,TRY
2017-02-14,1.041,1.048,1.027,1.041,7070400,TRY
2017-02-15,1.041,1.041,1.034,1.034,2283300,TRY
2017-02-16,1.041,1.048,1.013,1.02,21926500,TRY
2017-02-17,1.027,1.027,1.013,1.013,10201400,TRY
2017-02-20,1.02,1.027,1.013,1.02,3333500,TRY
2017-02-21,1.02,1.034,1.013,1.027,10617700,TRY
2017-02-22,1.027,1.027,1.006,1.006,6952800,TRY
2017-02-23,1.013,1.027,1.006,1.02,15275500,TRY
2017-02-24,1.027,1.034,1.027,1.034,7806100,TRY
2017-02-27,1.034,1.041,1.027,1.027,3108200,TRY
2017-02-28,1.027,1.034,1.02,1.027,5108600,TRY
2017-03-01,1.034,1.055,1.027,1.048,16255300,TRY
2017-03-02,1.048,1.055,1.034,1.034,5007000,TRY
2017-03-03,1.034,1.041,1.02,1.041,7290300,TRY
2017-03-06,1.048,1.055,1.034,1.048,18933900,TRY
2017-03-07,1.048,1.055,1.034,1.041,4344400,TRY
2017-03-08,1.041,1.041,1.013,1.027,14352400,TRY
2017-03-09,1.013,1.02,1.006,1.006,11442800,TRY
2017-03-10,1.013,1.02,1.006,1.013,6799300,TRY
2017-03-13,1.013,1.02,0.999,1.013,6335800,TRY
2017-03-14,1.013,1.013,0.999,1.006,4694000,TRY
2017-03-15,1.006,1.02,1.006,1.013,5880200,TRY
2017-03-16,1.02,1.034,1.013,1.02,5166200,TRY
2017-03-17,1.02,1.027,1.013,1.02,1570500,TRY
2017-03-20,1.02,1.02,1.013,1.02,2061000,TRY
2017-03-21,1.013,1.02,1.006,1.02,5447000,TRY
2017-03-22,1.013,1.013,0.999,0.999,3944600,TRY
2017-03-23,1.006,1.013,0.999,1.006,6715800,TRY
2017-03-24,1.013,1.013,0.999,1.006,5754200,TRY
2017-03-27,1.028,1.028,0.992,0.992,9106400,TRY
2017-03-28,0.999,1.006,0.992,0.992,3611800,TRY
2017-03-29,0.992,0.999,0.978,0.992,5630300,TRY
2017-03-30,0.992,0.999,0.985,0.985,7584300,TRY
2017-03-31,0.985,0.992,0.971,0.985,8607700,TRY
2017-04-03,0.985,0.999,0.978,0.992,3944200,TRY
2017-04-04,0.985,1.014,0.985,1.006,7212000,TRY
2017-04-05,1.006,1.021,1.006,1.014,8087200,TRY
2017-04-06,1.006,1.021,1.006,1.006,3902500,TRY
2017-04-07,1.006,1.006,0.985,0.992,11524500,TRY
2017-04-10,0.992,1.021,0.992,1.014,25543200,TRY
2017-04-11,1.014,1.035,1.006,1.028,9237900,TRY
2017-04-12,1.028,1.042,1.021,1.028,10141500,TRY
2017-04-13,1.028,1.035,1.006,1.006,4112000,TRY
2017-04-14,1.006,1.014,0.999,1.006,1811700,TRY
2017-04-17,1.014,1.021,1.006,1.014,5048900,TRY
2017-04-18,1.014,1.035,1.006,1.028,13011900,TRY
2017-04-19,1.028,1.042,1.021,1.028,12431700,TRY
2017-04-20,1.028,1.078,1.028,1.063,18335700,TRY
2017-04-21,1.063,1.071,1.056,1.056,4811400,TRY
2017-04-24,1.063,1.099,1.063,1.099,23242000,TRY
2017-04-25,1.099,1.106,1.078,1.092,18071600,TRY
2017-04-26,1.092,1.099,1.085,1.092,5199400,TRY
2017-04-27,1.092,1.092,1.078,1.078,7843000,TRY
2017-04-28,1.078,1.092,1.071,1.078,7230800,TRY
2017-05-02,1.078,1.099,1.078,1.085,6304500,TRY
2017-05-03,1.085,1.092,1.071,1.085,9678000,TRY
2017-05-04,1.085,1.085,1.063,1.063,6303900,TRY
2017-05-05,1.063,1.071,1.049,1.063,7500800,TRY
2017-05-08,1.071,1.071,1.056,1.056,2569600,TRY
2017-05-09,1.056,1.071,1.049,1.063,7004100,TRY
2017-05-10,1.063,1.071,1.049,1.063,14170500,TRY
2017-05-11,1.063,1.071,1.049,1.056,6514100,TRY
2017-05-12,1.049,1.056,1.042,1.042,4974600,TRY
2017-05-15,1.049,1.056,1.042,1.056,3947500,TRY
2017-05-16,1.056,1.056,1.042,1.049,7089000,TRY
2017-05-17,1.049,1.056,1.035,1.042,7105200,TRY
2017-05-18,1.042,1.049,1.028,1.035,7633000,TRY
2017-05-22,1.042,1.063,1.042,1.042,10248300,TRY
2017-05-23,1.049,1.078,1.042,1.071,12988800,TRY
2017-05-24,1.071,1.106,1.063,1.099,29508300,TRY
2017-05-25,1.099,1.099,1.071,1.078,19749400,TRY
2017-05-26,1.078,1.085,1.071,1.078,14160400,TRY
2017-05-29,1.085,1.092,1.078,1.085,1920400,TRY
2017-05-30,1.085,1.085,1.063,1.078,10984100,TRY
2017-05-31,1.086,1.111,1.086,1.111,9976300,TRY
2017-06-01,1.111,1.111,1.086,1.086,5939800,TRY
2017-06-02,1.095,1.103,1.086,1.103,5741400,TRY
2017-06-05,1.103,1.111,1.086,1.086,3972600,TRY
2017-06-06,1.086,1.136,1.086,1.111,24136700,TRY
2017-06-07,1.111,1.12,1.095,1.095,5753800,TRY
2017-06-08,1.103,1.12,1.086,1.103,10392300,TRY
2017-06-09,1.111,1.128,1.111,1.128,7147100,TRY
2017-06-12,1.128,1.136,1.12,1.136,4832400,TRY
2017-06-13,1.136,1.136,1.12,1.128,6753800,TRY
2017-06-14,1.136,1.153,1.12,1.136,9570400,TRY
2017-06-15,1.136,1.136,1.128,1.128,2341000,TRY
2017-06-16,1.128,1.136,1.12,1.136,7415300,TRY
2017-06-19,1.136,1.145,1.12,1.145,8461000,TRY
2017-06-20,1.153,1.161,1.136,1.161,7429000,TRY
2017-06-21,1.17,1.178,1.153,1.161,11939100,TRY
2017-06-22,1.161,1.178,1.161,1.178,4388900,TRY
2017-06-23,1.178,1.178,1.161,1.17,3518200,TRY
2017-06-28,1.17,1.178,1.161,1.178,6539800,TRY
2017-06-29,1.178,1.178,1.161,1.178,4587200,TRY
2017-06-30,1.178,1.195,1.178,1.187,4261800,TRY
2017-07-03,1.195,1.195,1.178,1.195,3045100,TRY
2017-07-04,1.195,1.203,1.187,1.195,1424200,TRY
2017-07-05,1.195,1.203,1.187,1.195,8331200,TRY
2017-07-06,1.187,1.203,1.187,1.195,5397000,TRY
2017-07-07,1.195,1.203,1.187,1.195,2735000,TRY
2017-07-10,1.195,1.203,1.187,1.195,2439300,TRY
2017-07-11,1.203,1.22,1.195,1.22,11519100,TRY
2017-07-12,1.22,1.245,1.212,1.245,10479200,TRY
2017-07-13,1.245,1.253,1.237,1.253,5370400,TRY
2017-07-14,1.245,1.262,1.237,1.253,8629700,TRY
2017-07-17,1.253,1.253,1.237,1.245,9241100,TRY
2017-07-18,1.245,1.245,1.237,1.237,2184300,TRY
2017-07-19,1.237,1.278,1.228,1.278,12422400,TRY
2017-07-20,1.27,1.278,1.262,1.278,2900700,TRY
2017-07-21,1.278,1.295,1.262,1.287,10514400,TRY
2017-07-24,1.287,1.287,1.278,1.278,3662500,TRY
2017-07-25,1.278,1.295,1.278,1.287,6131100,TRY
2017-07-26,1.287,1.295,1.278,1.287,5769200,TRY
2017-07-27,1.287,1.312,1.278,1.312,12626300,TRY
2017-07-28,1.304,1.304,1.287,1.295,4763200,TRY
2017-07-31,1.295,1.295,1.278,1.278,2679900,TRY
2017-08-01,1.287,1.295,1.27,1.287,14683400,TRY
2017-08-02,1.287,1.287,1.253,1.253,7679400,TRY
2017-08-03,1.262,1.262,1.228,1.237,9280300,TRY
2017-08-04,1.237,1.262,1.228,1.245,6805200,TRY
2017-08-07,1.253,1.262,1.245,1.262,8868200,TRY
2017-08-08,1.262,1.278,1.253,1.27,6576800,TRY
2017-08-09,1.262,1.262,1.245,1.245,4533800,TRY
2017-08-10,1.253,1.253,1.228,1.228,3201300,TRY
2017-08-11,1.228,1.237,1.195,1.212,10932300,TRY
2017-08-14,1.22,1.237,1.22,1.228,3892200,TRY
2017-08-15,1.237,1.245,1.195,1.195,6598500,TRY
2017-08-16,1.203,1.212,1.178,1.195,5752200,TRY
2017-08-17,1.195,1.203,1.178,1.178,3271900,TRY
2017-08-18,1.178,1.212,1.17,1.195,3785800,TRY
2017-08-21,1.187,1.22,1.187,1.203,11622600,TRY
2017-08-22,1.203,1.22,1.203,1.22,5464100,TRY
2017-08-23,1.22,1.22,1.195,1.203,3395600,TRY
2017-08-24,1.212,1.237,1.203,1.22,5956200,TRY
2017-08-25,1.22,1.245,1.22,1.245,5647900,TRY
2017-08-28,1.245,1.262,1.237,1.245,2265900,TRY
2017-08-29,1.245,1.253,1.228,1.253,5302400,TRY
2017-08-31,1.253,1.278,1.245,1.27,2710800,TRY
2017-09-05,1.278,1.278,1.245,1.253,13654400,TRY
2017-09-06,1.253,1.262,1.228,1.237,9797500,TRY
2017-09-07,1.237,1.262,1.22,1.228,13664000,TRY
2017-09-08,1.237,1.237,1.187,1.22,10179800,TRY
2017-09-11,1.22,1.237,1.212,1.237,8750500,TRY
2017-09-12,1.237,1.237,1.22,1.228,2874800,TRY
2017-09-13,1.228,1.237,1.22,1.22,6423600,TRY
2017-09-14,1.22,1.228,1.212,1.228,6011800,TRY
2017-09-15,1.22,1.228,1.212,1.228,2770200,TRY
2017-09-18,1.22,1.228,1.195,1.195,6194200,TRY
2017-09-19,1.195,1.203,1.178,1.195,7519900,TRY
2017-09-20,1.187,1.195,1.153,1.17,10677400,TRY
2017-09-21,1.161,1.17,1.128,1.145,8475700,TRY
2017-09-22,1.145,1.153,1.103,1.128,10518100,TRY
2017-09-25,1.12,1.12,1.078,1.111,12076200,TRY
2017-09-26,1.111,1.145,1.103,1.136,7282800,TRY
2017-09-27,1.136,1.136,1.103,1.111,13746200,TRY
2017-09-28,1.111,1.145,1.103,1.136,5462900,TRY
2017-09-29,1.136,1.17,1.136,1.161,11834300,TRY
2017-10-02,1.161,1.17,1.153,1.161,2500300,TRY
2017-10-03,1.161,1.17,1.145,1.153,6629800,TRY
2017-10-04,1.153,1.178,1.153,1.178,7724100,TRY
2017-10-05,1.178,1.187,1.161,1.187,7361800,TRY
2017-10-06,1.178,1.187,1.161,1.17,6359200,TRY
2017-10-09,1.145,1.161,1.103,1.153,9220400,TRY
2017-10-10,1.161,1.17,1.145,1.153,4684700,TRY
2017-10-11,1.153,1.17,1.136,1.145,13527300,TRY
2017-10-12,1.161,1.17,1.136,1.153,6548100,TRY
2017-10-13,1.153,1.17,1.145,1.161,10429900,TRY
2017-10-16,1.161,1.161,1.145,1.153,4742300,TRY
2017-10-17,1.153,1.161,1.145,1.153,3016900,TRY
2017-10-18,1.153,1.161,1.145,1.161,5175900,TRY
2017-10-19,1.161,1.195,1.153,1.187,9965100,TRY
2017-10-20,1.187,1.195,1.17,1.187,8957100,TRY
2017-10-23,1.187,1.187,1.153,1.153,9276000,TRY
2017-10-24,1.161,1.17,1.145,1.145,6218000,TRY
2017-10-25,1.153,1.17,1.153,1.161,8843200,TRY
2017-10-26,1.161,1.17,1.136,1.136,22489900,TRY
2017-10-27,1.136,1.153,1.12,1.153,11750400,TRY
2017-10-30,1.153,1.161,1.136,1.145,15966000,TRY
2017-10-31,1.145,1.153,1.136,1.145,12777600,TRY
2017-11-01,1.153,1.161,1.145,1.153,28673100,TRY
2017-11-02,1.161,1.195,1.153,1.17,43732500,TRY
2017-11-03,1.178,1.203,1.153,1.17,14515500,TRY
2017-11-06,1.17,1.187,1.161,1.187,9066500,TRY
2017-11-07,1.187,1.187,1.153,1.17,10948500,TRY
2017-11-08,1.17,1.195,1.161,1.178,23329700,TRY
2017-11-09,1.178,1.187,1.153,1.153,6775700,TRY
2017-11-10,1.153,1.17,1.145,1.161,5344300,TRY
2017-11-13,1.17,1.17,1.145,1.161,6441800,TRY
2017-11-14,1.161,1.212,1.153,1.195,12700900,TRY
2017-11-15,1.195,1.203,1.161,1.17,9423200,TRY
2017-11-16,1.17,1.195,1.161,1.187,7792000,TRY
2017-11-17,1.187,1.187,1.153,1.161,6280700,TRY
2017-11-20,1.161,1.161,1.128,1.145,4703500,TRY
2017-11-21,1.145,1.153,1.128,1.145,6126100,TRY
2017-11-22,1.145,1.161,1.128,1.153,5980400,TRY
2017-11-23,1.153,1.153,1.136,1.136,3722000,TRY
2017-11-24,1.136,1.145,1.128,1.136,1750800,TRY
2017-11-27,1.136,1.153,1.136,1.136,1390500,TRY
2017-11-28,1.136,1.153,1.095,1.103,9459700,TRY
2017-11-29,1.103,1.103,1.078,1.086,6787700,TRY
2017-11-30,1.095,1.128,1.095,1.128,4210200,TRY
2017-12-01,1.12,1.12,1.095,1.103,6150200,TRY
2017-12-04,1.103,1.12,1.095,1.111,11882300,TRY
2017-12-05,1.12,1.128,1.103,1.12,6865300,TRY
2017-12-06,1.12,1.12,1.111,1.12,912700,TRY
2017-12-07,1.12,1.145,1.111,1.136,10211300,TRY
2017-12-08,1.136,1.161,1.136,1.145,6352300,TRY
2017-12-11,1.153,1.161,1.145,1.161,3619700,TRY
2017-12-12,1.161,1.178,1.153,1.153,6806300,TRY
2017-12-13,1.153,1.161,1.136,1.145,7661300,TRY
2017-12-14,1.145,1.153,1.12,1.136,14762200,TRY
2017-12-15,1.145,1.161,1.128,1.153,13076900,TRY
2017-12-18,1.153,1.161,1.136,1.136,10562800,TRY
2017-12-19,1.145,1.153,1.136,1.145,6153300,TRY
2017-12-20,1.145,1.161,1.136,1.153,16342400,TRY
2017-12-21,1.17,1.22,1.17,1.178,38561200,TRY
2017-12-22,1.187,1.187,1.17,1.17,5513000,TRY
2017-12-25,1.178,1.195,1.17,1.187,6830600,TRY
2017-12-26,1.187,1.212,1.178,1.187,11262300,TRY
2017-12-27,1.187,1.195,1.178,1.195,4580300,TRY
2017-12-28,1.195,1.22,1.187,1.212,16037900,TRY
2017-12-29,1.22,1.237,1.203,1.203,7432400,TRY
2018-01-02,1.203,1.228,1.203,1.22,6393200,TRY
2018-01-03,1.22,1.228,1.212,1.22,9478600,TRY
2018-01-04,1.22,1.237,1.203,1.212,13192600,TRY
2018-01-05,1.22,1.228,1.203,1.22,11740300,TRY
2018-01-08,1.22,1.228,1.22,1.22,3090300,TRY
2018-01-09,1.22,1.228,1.203,1.212,8878800,TRY
2018-01-10,1.203,1.212,1.195,1.195,6452100,TRY
2018-01-11,1.203,1.22,1.195,1.212,6623100,TRY
2018-01-12,1.212,1.22,1.195,1.212,22813500,TRY
2018-01-15,1.212,1.22,1.195,1.203,5415100,TRY
2018-01-16,1.195,1.203,1.145,1.203,12422300,TRY
2018-01-17,1.203,1.228,1.203,1.212,8812200,TRY
2018-01-18,1.22,1.237,1.212,1.228,11915100,TRY
2018-01-19,1.228,1.228,1.195,1.203,5636000,TRY
2018-01-22,1.212,1.212,1.195,1.203,6707200,TRY
2018-01-23,1.212,1.237,1.212,1.228,16948400,TRY
2018-01-24,1.228,1.287,1.228,1.27,42980400,TRY
2018-01-25,1.27,1.354,1.262,1.337,54096600,TRY
2018-01-26,1.337,1.37,1.32,1.362,25311800,TRY
2018-01-29,1.362,1.37,1.329,1.337,16270000,TRY
2018-01-30,1.337,1.379,1.329,1.354,21953900,TRY
2018-01-31,1.354,1.362,1.32,1.354,17744700,TRY
2018-02-01,1.354,1.387,1.32,1.329,20558800,TRY
2018-02-02,1.337,1.354,1.329,1.337,11273800,TRY
2018-02-05,1.337,1.337,1.295,1.304,9167300,TRY
2018-02-06,1.27,1.295,1.237,1.278,17445600,TRY
2018-02-07,1.287,1.329,1.27,1.312,21884700,TRY
2018-02-08,1.32,1.362,1.295,1.329,25323500,TRY
2018-02-09,1.312,1.354,1.304,1.345,13964300,TRY
2018-02-12,1.345,1.387,1.337,1.379,11946300,TRY
2018-02-13,1.387,1.387,1.354,1.354,7797700,TRY
2018-02-14,1.362,1.379,1.345,1.354,9526900,TRY
2018-02-15,1.362,1.37,1.354,1.354,4250400,TRY
2018-02-16,1.362,1.37,1.354,1.354,3776300,TRY
2018-02-19,1.362,1.37,1.354,1.354,8107300,TRY
2018-02-20,1.354,1.404,1.32,1.32,18523100,TRY
2018-02-21,1.354,1.395,1.345,1.379,12415400,TRY
2018-02-22,1.37,1.404,1.362,1.379,10358800,TRY
2018-02-23,1.379,1.421,1.37,1.412,11389500,TRY
2018-02-26,1.412,1.429,1.379,1.379,10323700,TRY
2018-02-27,1.387,1.404,1.379,1.395,8889300,TRY
2018-02-28,1.395,1.412,1.379,1.412,10821800,TRY
2018-03-01,1.412,1.421,1.395,1.404,9205700,TRY
2018-03-02,1.395,1.404,1.37,1.379,9152400,TRY
2018-03-05,1.379,1.412,1.37,1.395,10779200,TRY
2018-03-06,1.395,1.404,1.37,1.37,7413700,TRY
2018-03-07,1.37,1.387,1.37,1.387,3245500,TRY
2018-03-08,1.387,1.387,1.362,1.362,4686200,TRY
2018-03-09,1.37,1.37,1.345,1.362,5751100,TRY
2018-03-12,1.37,1.404,1.362,1.395,8895100,TRY
2018-03-13,1.395,1.404,1.379,1.387,3430400,TRY
2018-03-14,1.379,1.387,1.337,1.345,19825900,TRY
2018-03-15,1.354,1.362,1.337,1.354,5090400,TRY
2018-03-16,1.354,1.362,1.345,1.362,4705700,TRY
2018-03-19,1.362,1.362,1.32,1.329,9181900,TRY
2018-03-20,1.329,1.354,1.32,1.345,14349900,TRY
2018-03-21,1.345,1.354,1.312,1.329,14046100,TRY
2018-03-22,1.337,1.345,1.32,1.329,6847200,TRY
2018-03-23,1.32,1.337,1.304,1.329,5703500,TRY
2018-03-26,1.337,1.346,1.32,1.32,6263400,TRY
2018-03-27,1.329,1.337,1.32,1.329,8830200,TRY
2018-03-28,1.329,1.329,1.294,1.303,10848500,TRY
2018-03-29,1.294,1.32,1.294,1.303,3247500,TRY
2018-03-30,1.311,1.32,1.303,1.32,2012100,TRY
2018-04-02,1.32,1.32,1.303,1.303,1671900,TRY
2018-04-03,1.311,1.32,1.286,1.303,12086800,TRY
2018-04-04,1.303,1.303,1.277,1.286,8917200,TRY
2018-04-05,1.294,1.303,1.286,1.294,6116200,TRY
2018-04-06,1.294,1.311,1.294,1.294,3112100,TRY
2018-04-09,1.294,1.303,1.286,1.294,10982400,TRY
2018-04-10,1.294,1.303,1.217,1.243,17125900,TRY
2018-04-11,1.243,1.251,1.191,1.209,13195100,TRY
2018-04-12,1.217,1.234,1.209,1.217,9345400,TRY
2018-04-13,1.226,1.226,1.2,1.209,4417800,TRY
2018-04-16,1.217,1.234,1.209,1.226,4761600,TRY
2018-04-17,1.234,1.251,1.174,1.2,16292300,TRY
2018-04-18,1.191,1.243,1.174,1.243,15961200,TRY
2018-04-19,1.243,1.26,1.226,1.251,21877400,TRY
2018-04-20,1.243,1.251,1.234,1.243,8248100,TRY
2018-04-24,1.243,1.251,1.217,1.243,7727500,TRY
2018-04-25,1.243,1.26,1.209,1.217,17581700,TRY
2018-04-26,1.217,1.226,1.2,1.217,7269800,TRY
2018-04-27,1.217,1.243,1.209,1.226,7129900,TRY
2018-04-30,1.234,1.243,1.183,1.2,9306600,TRY
2018-05-02,1.191,1.209,1.123,1.183,18815400,TRY
2018-05-03,1.183,1.183,1.131,1.131,11434000,TRY
2018-05-04,1.14,1.149,1.114,1.123,11552200,TRY
2018-05-07,1.123,1.131,1.097,1.106,11495400,TRY
2018-05-08,1.114,1.114,1.071,1.089,9635000,TRY
2018-05-09,1.08,1.106,1.063,1.097,8445600,TRY
2018-05-10,1.097,1.106,1.071,1.106,12418400,TRY
2018-05-11,1.106,1.106,1.071,1.08,15882800,TRY
2018-05-14,1.089,1.106,1.08,1.097,23298600,TRY
2018-05-15,1.089,1.097,1.063,1.08,9777900,TRY
2018-05-16,1.08,1.08,1.063,1.071,13319700,TRY
2018-05-17,1.071,1.089,1.063,1.071,14728400,TRY
2018-05-18,1.071,1.08,1.054,1.063,11098200,TRY
2018-05-21,1.063,1.071,1.037,1.037,8073200,TRY
2018-05-22,1.054,1.08,1.046,1.063,11662200,TRY
2018-05-23,1.054,1.063,1.037,1.054,8447500,TRY
2018-05-24,1.071,1.08,1.011,1.02,14831600,TRY
2018-05-25,1.037,1.054,1.029,1.037,6223500,TRY
2018-05-28,1.054,1.089,1.054,1.089,8909700,TRY
2018-05-29,1.089,1.106,1.071,1.089,15400000,TRY
2018-05-30,1.089,1.106,1.071,1.08,17237700,TRY
2018-05-31,1.08,1.089,1.02,1.046,12922300,TRY
2018-06-01,1.046,1.054,1.011,1.046,19404700,TRY
2018-06-04,1.05,1.08,1.04,1.06,16109100,TRY
2018-06-05,1.07,1.08,1.03,1.05,16707400,TRY
2018-06-06,1.06,1.06,0.99,1.02,16693000,TRY
2018-06-07,1.03,1.04,1.02,1.03,10368900,TRY
2018-06-08,1.03,1.03,0.95,0.99,16985700,TRY
2018-06-11,0.99,1.01,0.95,0.99,15834000,TRY
2018-06-12,0.98,1.0,0.95,0.97,20052000,TRY
2018-06-13,0.96,0.99,0.95,0.97,9103800,TRY
2018-06-14,0.97,0.98,0.96,0.97,5685300,TRY
2018-06-18,0.97,0.98,0.96,0.96,12970500,TRY
2018-06-19,0.96,0.98,0.95,0.97,11543600,TRY
2018-06-20,0.96,0.97,0.95,0.95,14742900,TRY
2018-06-21,0.95,0.96,0.92,0.93,19914400,TRY
2018-06-22,0.93,0.95,0.92,0.95,10008900,TRY
2018-06-25,0.98,0.98,0.9,0.92,27288300,TRY
2018-06-26,0.92,0.95,0.91,0.93,19502200,TRY
2018-06-27,0.93,0.96,0.93,0.96,24589500,TRY
2018-06-28,0.96,0.97,0.94,0.95,26085500,TRY
2018-06-29,0.97,0.98,0.96,0.97,14754400,TRY
2018-07-02,0.97,1.0,0.96,0.98,18891400,TRY
2018-07-03,0.98,0.99,0.96,0.96,9199900,TRY
2018-07-04,0.96,0.98,0.96,0.98,7887600,TRY
2018-07-05,0.98,1.01,0.97,1.0,21274000,TRY
2018-07-06,1.01,1.01,0.98,1.0,28442000,TRY
2018-07-09,1.01,1.04,1.0,1.02,30132500,TRY
2018-07-10,0.99,1.01,0.96,0.96,37890600,TRY
2018-07-11,0.95,0.96,0.86,0.87,28590900,TRY
2018-07-12,0.88,0.88,0.82,0.85,67358096,TRY
2018-07-13,0.85,0.87,0.83,0.85,18871800,TRY
2018-07-16,0.85,0.86,0.82,0.84,22372800,TRY
2018-07-17,0.84,0.85,0.82,0.85,23601700,TRY
2018-07-18,0.85,0.87,0.84,0.85,29371900,TRY
2018-07-19,0.86,0.87,0.84,0.85,23823100,TRY
2018-07-20,0.86,0.89,0.85,0.89,30863600,TRY
2018-07-23,0.89,0.92,0.89,0.89,20317400,TRY
2018-07-24,0.9,0.9,0.83,0.84,37135500,TRY
2018-07-25,0.85,0.89,0.84,0.89,27074800,TRY
2018-07-26,0.9,0.91,0.88,0.88,25603200,TRY
2018-07-27,0.88,0.9,0.86,0.87,18068800,TRY
2018-07-30,0.87,0.87,0.85,0.86,18963900,TRY
2018-07-31,0.86,0.87,0.84,0.86,39111500,TRY
2018-08-01,0.87,0.88,0.85,0.87,21174000,TRY
2018-08-02,0.85,0.86,0.83,0.84,30667600,TRY
2018-08-03,0.84,0.86,0.83,0.86,21378900,TRY
2018-08-06,0.85,0.86,0.82,0.83,33373000,TRY
2018-08-07,0.83,0.85,0.81,0.84,34742700,TRY
2018-08-08,0.84,0.88,0.83,0.86,51764500,TRY
2018-08-09,0.86,0.88,0.84,0.86,43161600,TRY
2018-08-10,0.84,0.86,0.77,0.81,51015000,TRY
2018-08-13,0.8,0.8,0.67,0.71,79306400,TRY
2018-08-14,0.74,0.75,0.72,0.74,25320800,TRY
2018-08-15,0.75,0.77,0.7,0.73,46662500,TRY
2018-08-16,0.74,0.76,0.71,0.72,36602100,TRY
2018-08-17,0.72,0.72,0.68,0.72,30762000,TRY
2018-08-20,0.72,0.74,0.71,0.72,13786800,TRY
2018-08-27,0.72,0.74,0.7,0.74,20626400,TRY
2018-08-28,0.74,0.76,0.73,0.75,35047100,TRY
2018-08-29,0.74,0.77,0.74,0.75,24669100,TRY
2018-08-31,0.75,0.77,0.75,0.76,11022700,TRY
2018-09-03,0.76,0.78,0.75,0.77,10928100,TRY
2018-09-04,0.77,0.78,0.75,0.76,16719500,TRY
2018-09-05,0.76,0.76,0.74,0.76,20762100,TRY
2018-09-06,0.76,0.77,0.76,0.77,6208300,TRY
2018-09-07,0.77,0.77,0.76,0.76,5737100,TRY
2018-09-10,0.76,0.77,0.72,0.72,30882800,TRY
2018-09-11,0.73,0.74,0.71,0.73,32300900,TRY
2018-09-12,0.73,0.74,0.7,0.72,27823400,TRY
2018-09-13,0.72,0.75,0.69,0.73,39943500,TRY
2018-09-14,0.74,0.76,0.73,0.74,31009500,TRY
2018-09-17,0.74,0.76,0.72,0.73,20721600,TRY
2018-09-18,0.73,0.87,0.72,0.78,226529104,TRY
2018-09-19,0.79,0.93,0.78,0.84,429699296,TRY
2018-09-20,0.86,0.97,0.77,0.82,325985888,TRY
2018-09-21,0.83,0.84,0.79,0.81,50812900,TRY
2018-09-24,0.82,0.85,0.8,0.84,37439500,TRY
2018-09-25,0.85,0.87,0.84,0.84,30606700,TRY
2018-09-26,0.85,0.86,0.83,0.85,13589100,TRY
2018-09-27,0.85,0.87,0.84,0.85,21864400,TRY
2018-09-28,0.85,0.87,0.84,0.86,23627900,TRY
2018-10-01,0.86,0.88,0.83,0.84,20908500,TRY
2018-10-02,0.84,0.85,0.82,0.83,10943000,TRY
2018-10-03,0.83,0.84,0.81,0.82,17424400,TRY
2018-10-04,0.82,0.82,0.77,0.78,13189500,TRY
2018-10-05,0.78,0.82,0.77,0.81,26990500,TRY
2018-10-08,0.83,0.85,0.81,0.83,47860600,TRY
2018-10-09,0.84,0.84,0.81,0.81,25340300,TRY
2018-10-10,0.82,0.83,0.77,0.78,37111600,TRY
2018-10-11,0.77,0.87,0.77,0.81,111057504,TRY
2018-10-12,0.82,0.87,0.81,0.83,92259904,TRY
2018-10-15,0.85,0.87,0.78,0.81,223672304,TRY
2018-10-16,0.82,0.82,0.81,0.82,31092100,TRY
2018-10-17,0.82,0.83,0.81,0.82,43310000,TRY
2018-10-18,0.82,0.83,0.8,0.8,39130000,TRY
2018-10-19,0.81,0.81,0.79,0.8,44628800,TRY
2018-10-22,0.8,0.81,0.77,0.79,62740800,TRY
2018-10-23,0.79,0.79,0.76,0.77,30891100,TRY
2018-10-24,0.77,0.79,0.77,0.77,22641300,TRY
2018-10-25,0.77,0.77,0.76,0.77,15596000,TRY
2018-10-26,0.77,0.77,0.7,0.71,91387400,TRY
2018-10-30,0.72,0.74,0.7,0.74,68936496,TRY
2018-10-31,0.74,0.74,0.71,0.71,35605200,TRY
2018-11-01,0.72,0.75,0.71,0.74,61268200,TRY
2018-11-02,0.75,0.77,0.74,0.76,67813104,TRY
2018-11-05,0.77,0.79,0.75,0.79,42601000,TRY
2018-11-06,0.79,0.8,0.76,0.76,27069500,TRY
2018-11-07,0.77,0.78,0.75,0.77,34885800,TRY
2018-11-08,0.77,0.78,0.75,0.75,31726400,TRY
2018-11-09,0.74,0.75,0.72,0.74,57464500,TRY
2018-11-12,0.74,0.75,0.73,0.73,20464600,TRY
2018-11-13,0.73,0.75,0.72,0.73,36936800,TRY
2018-11-14,0.74,0.76,0.73,0.76,42728300,TRY
2018-11-15,0.76,0.76,0.73,0.75,28889000,TRY
2018-11-16,0.75,0.76,0.74,0.75,32246000,TRY
2018-11-19,0.75,0.79,0.74,0.78,61985800,TRY
2018-11-20,0.78,0.79,0.76,0.76,71818096,TRY
2018-11-21,0.77,0.78,0.75,0.77,31799400,TRY
2018-11-22,0.77,0.78,0.76,0.77,27138100,TRY
2018-11-23,0.76,0.77,0.76,0.77,8979900,TRY
2018-11-26,0.77,0.78,0.76,0.77,41072100,TRY
2018-11-27,0.78,0.79,0.77,0.78,26453000,TRY
2018-11-28,0.79,0.82,0.79,0.8,83358096,TRY
2018-11-29,0.81,0.82,0.79,0.8,28701300,TRY
2018-11-30,0.8,0.8,0.77,0.79,47789900,TRY
2018-12-03,0.81,0.81,0.79,0.79,36263700,TRY
2018-12-04,0.79,0.79,0.76,0.77,35549600,TRY
2018-12-05,0.77,0.8,0.77,0.79,37878000,TRY
2018-12-06,0.79,0.8,0.77,0.78,20821100,TRY
2018-12-07,0.78,0.78,0.76,0.77,60562600,TRY
2018-12-10,0.77,0.78,0.76,0.76,14229100,TRY
2018-12-11,0.76,0.77,0.74,0.74,47004600,TRY
2018-12-12,0.74,0.75,0.71,0.73,45385200,TRY
2018-12-13,0.73,0.73,0.72,0.72,15287300,TRY
2018-12-14,0.72,0.73,0.69,0.71,36406900,TRY
2018-12-17,0.71,0.72,0.71,0.71,11763600,TRY
2018-12-18,0.71,0.72,0.7,0.72,23678300,TRY
2018-12-19,0.72,0.74,0.72,0.74,28261400,TRY
2018-12-20,0.73,0.74,0.72,0.74,26939100,TRY
2018-12-21,0.73,0.77,0.73,0.75,37984200,TRY
2018-12-24,0.76,0.76,0.75,0.76,11125500,TRY
2018-12-25,0.75,0.75,0.74,0.74,7280400,TRY
2018-12-26,0.74,0.75,0.74,0.75,5401400,TRY
2018-12-27,0.76,0.76,0.74,0.75,18309200,TRY
2018-12-28,0.75,0.77,0.74,0.77,22615000,TRY
2018-12-31,0.77,0.81,0.76,0.81,36200900,TRY
2019-01-02,0.8,0.82,0.77,0.77,42809500,TRY
2019-01-03,0.76,0.77,0.72,0.73,61726300,TRY
2019-01-04,0.73,0.74,0.71,0.72,98532896,TRY
2019-01-07,0.72,0.74,0.71,0.73,36367300,TRY
2019-01-08,0.73,0.74,0.72,0.74,21632600,TRY
2019-01-09,0.73,0.74,0.72,0.72,17501800,TRY
2019-01-10,0.73,0.73,0.71,0.72,54712200,TRY
2019-01-11,0.73,0.73,0.71,0.73,29225100,TRY
2019-01-14,0.72,0.73,0.71,0.72,26872400,TRY
2019-01-15,0.72,0.74,0.72,0.73,20407400,TRY
2019-01-16,0.73,0.76,0.73,0.75,52288100,TRY
2019-01-17,0.76,0.78,0.75,0.77,91819000,TRY
2019-01-18,0.78,0.8,0.77,0.79,71600096,TRY
2019-01-21,0.79,0.8,0.77,0.78,53871900,TRY
2019-01-22,0.78,0.81,0.78,0.81,68630704,TRY
2019-01-23,0.81,0.82,0.8,0.81,38230200,TRY
2019-01-24,0.81,0.84,0.8,0.84,60221600,TRY
2019-01-25,0.84,0.85,0.82,0.85,40486900,TRY
2019-01-28,0.85,0.86,0.83,0.84,32860900,TRY
2019-01-29,0.83,0.86,0.82,0.86,53439400,TRY
2019-01-30,0.86,0.86,0.85,0.86,13548000,TRY
2019-01-31,0.86,0.87,0.85,0.85,30363100,TRY
2019-02-01,0.85,0.86,0.84,0.85,26309300,TRY
2019-02-04,0.86,0.86,0.84,0.84,36942400,TRY
2019-02-05,0.85,0.87,0.84,0.86,59033700,TRY
2019-02-06,0.86,0.86,0.84,0.86,23712600,TRY
2019-02-07,0.86,0.87,0.84,0.85,45491200,TRY
2019-02-08,0.84,0.85,0.83,0.84,19590000,TRY
2019-02-11,0.84,0.85,0.84,0.85,5296300,TRY
2019-02-12,0.85,0.86,0.84,0.84,29250000,TRY
2019-02-13,0.85,0.85,0.82,0.83,40198500,TRY
2019-02-14,0.83,0.84,0.82,0.84,28303900,TRY
2019-02-15,0.84,0.84,0.82,0.84,30181600,TRY
2019-02-18,0.84,0.84,0.82,0.82,5224400,TRY
2019-02-19,0.82,0.83,0.81,0.82,21002700,TRY
2019-02-20,0.82,0.84,0.81,0.82,40943000,TRY
2019-02-21,0.82,0.84,0.82,0.84,8321800,TRY
2019-02-22,0.84,0.85,0.83,0.84,19989800,TRY
2019-02-25,0.84,0.86,0.83,0.85,29941500,TRY
2019-02-26,0.85,0.85,0.83,0.85,29056100,TRY
2019-02-27,0.85,0.85,0.84,0.84,7948800,TRY
2019-02-28,0.84,0.85,0.83,0.84,47177000,TRY
2019-03-01,0.84,0.86,0.84,0.85,51234100,TRY
2019-03-04,0.85,0.86,0.84,0.86,18641300,TRY
2019-03-05,0.86,0.9,0.85,0.89,91751200,TRY
2019-03-06,0.9,0.92,0.89,0.9,82300704,TRY
2019-03-07,0.9,0.91,0.89,0.9,23902800,TRY
2019-03-08,0.89,0.9,0.86,0.87,39409500,TRY
2019-03-11,0.88,0.89,0.86,0.87,29452600,TRY
2019-03-12,0.87,0.89,0.86,0.86,62640900,TRY
2019-03-13,0.87,0.88,0.85,0.86,39154800,TRY
2019-03-14,0.86,0.87,0.86,0.86,6483900,TRY
2019-03-15,0.87,0.87,0.86,0.87,10222300,TRY
2019-03-18,0.87,0.89,0.87,0.88,41047600,TRY
2019-03-19,0.89,0.9,0.88,0.89,36370700,TRY
2019-03-20,0.9,0.91,0.88,0.89,52956900,TRY
2019-03-21,0.89,0.89,0.87,0.88,26948300,TRY
2019-03-22,0.89,0.89,0.82,0.83,46519800,TRY
2019-03-25,0.82,0.83,0.79,0.81,53499400,TRY
2019-03-26,0.82,0.83,0.78,0.79,48312300,TRY
2019-03-27,0.79,0.8,0.72,0.73,64498800,TRY
2019-03-28,0.73,0.76,0.72,0.73,43970200,TRY
2019-03-29,0.74,0.76,0.73,0.76,25106900,TRY
2019-04-01,0.77,0.78,0.74,0.77,48533500,TRY
2019-04-02,0.76,0.79,0.76,0.76,32756600,TRY
2019-04-03,0.77,0.78,0.76,0.76,37063100,TRY
2019-04-04,0.77,0.79,0.76,0.79,32968100,TRY
2019-04-05,0.79,0.79,0.77,0.78,21698600,TRY
2019-04-08,0.79,0.79,0.76,0.78,23694200,TRY
2019-04-09,0.78,0.79,0.77,0.78,57825360,TRY
2019-04-10,0.79,0.79,0.77,0.78,14466780,TRY
2019-04-11,0.78,0.78,0.76,0.77,15931910,TRY
2019-04-12,0.76,0.77,0.75,0.75,25129300,TRY
2019-04-15,0.76,0.76,0.75,0.76,2846200,TRY
2019-04-16,0.75,0.78,0.75,0.76,26915320,TRY
2019-04-17,0.77,0.78,0.75,0.77,58359120,TRY
2019-04-18,0.77,0.78,0.75,0.76,50689380,TRY
2019-04-19,0.77,0.77,0.76,0.77,2025790,TRY
2019-04-22,0.76,0.77,0.75,0.76,25702140,TRY
2019-04-24,0.76,0.76,0.75,0.75,10076270,TRY
2019-04-25,0.76,0.76,0.74,0.75,28422920,TRY
2019-04-26,0.75,0.75,0.73,0.75,11306290,TRY
2019-04-29,0.75,0.75,0.74,0.75,6456180,TRY
2019-04-30,0.75,0.76,0.74,0.75,14561310,TRY
2019-05-02,0.76,0.77,0.74,0.74,24087390,TRY
2019-05-03,0.75,0.75,0.74,0.75,3255220,TRY
2019-05-06,0.74,0.75,0.72,0.73,38935480,TRY
2019-05-07,0.72,0.73,0.71,0.73,41433940,TRY
2019-05-08,0.73,0.74,0.72,0.72,14572990,TRY
2019-05-09,0.72,0.73,0.71,0.72,12099910,TRY
2019-05-10,0.72,0.73,0.71,0.71,7685670,TRY
2019-05-13,0.72,0.73,0.66,0.68,46589608,TRY
2019-05-14,0.68,0.7,0.67,0.69,32189290,TRY
2019-05-15,0.7,0.7,0.67,0.69,20547130,TRY
2019-05-16,0.69,0.7,0.68,0.68,31851090,TRY
2019-05-17,0.69,0.69,0.68,0.69,10727710,TRY
2019-05-20,0.69,0.69,0.68,0.68,5983060,TRY
2019-05-21,0.69,0.69,0.66,0.67,26874270,TRY
2019-05-22,0.67,0.68,0.64,0.65,27963000,TRY
2019-05-23,0.64,0.66,0.64,0.66,20456240,TRY
2019-05-24,0.66,0.68,0.65,0.67,29811990,TRY
2019-05-27,0.68,0.69,0.67,0.68,10649910,TRY
2019-05-28,0.68,0.69,0.67,0.67,26324100,TRY
2019-05-29,0.67,0.68,0.66,0.67,16775630,TRY
2019-05-30,0.67,0.69,0.67,0.69,30797010,TRY
2019-05-31,0.69,0.69,0.68,0.68,9539670,TRY
2019-06-03,0.69,0.69,0.68,0.68,2421760,TRY
2019-06-07,0.68,0.72,0.68,0.72,29132990,TRY
2019-06-10,0.72,0.73,0.7,0.72,62351840,TRY
2019-06-11,0.73,0.73,0.7,0.71,29017960,TRY
2019-06-12,0.71,0.72,0.69,0.7,37396272,TRY
2019-06-13,0.7,0.71,0.69,0.69,20610830,TRY
2019-06-14,0.69,0.7,0.68,0.69,16577950,TRY
2019-06-17,0.68,0.71,0.68,0.7,32120300,TRY
2019-06-18,0.7,0.71,0.69,0.7,26220060,TRY
2019-06-19,0.7,0.71,0.69,0.71,29269280,TRY
2019-06-20,0.71,0.73,0.7,0.73,108100448,TRY
2019-06-21,0.73,0.73,0.71,0.72,25447790,TRY
2019-06-24,0.74,0.75,0.72,0.73,39478180,TRY
2019-06-25,0.74,0.75,0.73,0.74,35234160,TRY
2019-06-26,0.75,0.75,0.73,0.74,36272100,TRY
2019-06-27,0.75,0.76,0.74,0.75,39521480,TRY
2019-06-28,0.75,0.77,0.74,0.74,28641730,TRY
2019-07-01,0.76,0.78,0.76,0.78,65364648,TRY
2019-07-02,0.78,0.79,0.77,0.79,22758090,TRY
2019-07-03,0.79,0.8,0.76,0.78,23130480,TRY
2019-07-04,0.78,0.79,0.77,0.79,29525460,TRY
2019-07-05,0.79,0.82,0.78,0.82,55896380,TRY
2019-07-08,0.8,0.83,0.79,0.8,59011520,TRY
2019-07-09,0.81,0.81,0.77,0.77,79013552,TRY
2019-07-10,0.78,0.81,0.77,0.8,25508330,TRY
2019-07-11,0.82,0.82,0.79,0.8,29313840,TRY
2019-07-12,0.81,0.81,0.77,0.79,18699200,TRY
2019-07-16,0.79,0.8,0.78,0.79,25665380,TRY
2019-07-17,0.8,0.81,0.78,0.81,30889870,TRY
2019-07-18,0.81,0.83,0.8,0.82,32356110,TRY
2019-07-19,0.83,0.85,0.82,0.83,51168312,TRY
2019-07-22,0.82,0.83,0.81,0.81,8116180,TRY
2019-07-23,0.81,0.85,0.81,0.85,33017410,TRY
2019-07-24,0.84,0.85,0.84,0.85,9882630,TRY
2019-07-25,0.85,0.86,0.82,0.84,44710728,TRY
2019-07-26,0.83,0.85,0.83,0.84,21699940,TRY
2019-07-29,0.85,0.85,0.83,0.84,12696680,TRY
2019-07-30,0.84,0.85,0.83,0.83,12430010,TRY
2019-07-31,0.84,0.84,0.82,0.83,24349570,TRY
2019-08-01,0.82,0.84,0.82,0.83,22453060,TRY
2019-08-02,0.84,0.84,0.82,0.83,25475980,TRY
2019-08-05,0.83,0.84,0.82,0.84,22379860,TRY
2019-08-06,0.84,0.87,0.83,0.86,29578370,TRY
2019-08-07,0.86,0.87,0.84,0.85,27788400,TRY
2019-08-08,0.86,0.87,0.84,0.85,15808080,TRY
2019-08-09,0.85,0.85,0.84,0.84,7624950,TRY
2019-08-15,0.84,0.84,0.81,0.82,25952480,TRY
2019-08-16,0.83,0.84,0.81,0.82,22659570,TRY
2019-08-19,0.84,0.85,0.83,0.83,17371400,TRY
2019-08-20,0.84,0.87,0.83,0.86,34456152,TRY
2019-08-21,0.86,0.86,0.84,0.85,29227840,TRY
2019-08-22,0.86,0.86,0.83,0.85,28276420,TRY
2019-08-23,0.84,0.86,0.83,0.85,24086990,TRY
2019-08-26,0.83,0.85,0.83,0.85,13650350,TRY
2019-08-27,0.85,0.85,0.83,0.84,18266530,TRY
2019-08-28,0.84,0.85,0.83,0.84,10961460,TRY
2019-08-29,0.84,0.85,0.83,0.84,14032200,TRY
2019-09-02,0.85,0.87,0.84,0.85,19243100,TRY
2019-09-03,0.86,0.87,0.84,0.86,26741470,TRY
2019-09-04,0.87,0.9,0.87,0.89,40615368,TRY
2019-09-05,0.9,0.92,0.89,0.9,27307720,TRY
2019-09-06,0.9,0.91,0.86,0.86,39006980,TRY
2019-09-09,0.88,0.91,0.87,0.89,22359690,TRY
2019-09-10,0.9,0.93,0.89,0.92,45523920,TRY
2019-09-11,0.93,0.94,0.91,0.92,22144010,TRY
2019-09-12,0.93,0.94,0.91,0.92,33310960,TRY
2019-09-13,0.92,0.93,0.91,0.93,13860380,TRY
2019-09-16,0.92,0.93,0.91,0.92,23088310,TRY
2019-09-17,0.92,0.93,0.91,0.91,14862400,TRY
2019-09-18,0.91,0.93,0.91,0.92,23964100,TRY
2019-09-19,0.92,0.93,0.91,0.91,23040800,TRY
2019-09-20,0.92,0.92,0.91,0.91,16480100,TRY
2019-09-23,0.92,0.93,0.9,0.91,43986700,TRY
2019-09-24,0.92,0.93,0.91,0.92,17621000,TRY
2019-09-25,0.92,0.93,0.91,0.93,11138900,TRY
2019-09-26,0.93,0.95,0.92,0.93,37054200,TRY
2019-09-27,0.93,0.96,0.92,0.95,34198500,TRY
2019-09-30,0.96,0.96,0.93,0.95,19726800,TRY
2019-10-01,0.95,0.95,0.91,0.92,28455000,TRY
2019-10-02,0.91,0.92,0.91,0.91,10912300,TRY
2019-10-03,0.91,0.93,0.89,0.91,27692000,TRY
2019-10-04,0.91,0.92,0.9,0.91,10890000,TRY
2019-10-07,0.92,0.92,0.9,0.91,15567400,TRY
2019-10-08,0.9,0.9,0.87,0.89,38881200,TRY
2019-10-09,0.89,0.9,0.87,0.88,17229900,TRY
2019-10-10,0.88,0.89,0.86,0.88,27877000,TRY
2019-10-11,0.88,0.9,0.88,0.89,6298800,TRY
2019-10-14,0.88,0.88,0.83,0.84,26124400,TRY
2019-10-15,0.85,0.86,0.83,0.86,16925300,TRY
2019-10-16,0.83,0.84,0.81,0.84,19493700,TRY
2019-10-17,0.83,0.84,0.82,0.84,5430100,TRY
2019-10-18,0.87,0.88,0.86,0.87,7809700,TRY
2019-10-21,0.87,0.88,0.86,0.87,4087800,TRY
2019-10-22,0.86,0.89,0.85,0.88,15774500,TRY
2019-10-23,0.9,0.91,0.89,0.9,12225700,TRY
2019-10-24,0.9,0.91,0.89,0.89,15862600,TRY
2019-10-25,0.9,0.9,0.88,0.89,10238400,TRY
2019-10-28,0.89,0.89,0.87,0.89,8624000,TRY
2019-10-30,0.88,0.89,0.87,0.89,10776000,TRY
2019-10-31,0.89,0.9,0.88,0.9,11175500,TRY
2019-11-01,0.9,0.91,0.89,0.89,7196500,TRY
2019-11-04,0.9,0.94,0.9,0.91,36551700,TRY
2019-11-05,0.91,0.93,0.9,0.91,14401700,TRY
2019-11-06,0.92,0.92,0.9,0.91,15378200,TRY
2019-11-07,0.92,0.95,0.92,0.95,39383900,TRY
2019-11-08,0.94,0.95,0.93,0.93,26821000,TRY
2019-11-11,0.92,0.94,0.92,0.93,20809400,TRY
2019-11-12,0.94,0.95,0.93,0.94,35797400,TRY
2019-11-13,0.94,0.94,0.93,0.94,18719200,TRY
2019-11-14,0.94,0.94,0.91,0.92,42985100,TRY
2019-11-15,0.93,0.94,0.92,0.93,42830700,TRY
2019-11-18,0.94,1.0,0.93,0.99,113151200,TRY
2019-11-19,1.0,1.03,0.99,1.01,65311400,TRY
2019-11-20,1.02,1.05,1.0,1.02,105920304,TRY
2019-11-21,1.02,1.02,1.0,1.01,45611500,TRY
2019-11-22,1.02,1.03,1.01,1.01,28189900,TRY
2019-11-25,1.02,1.03,1.0,1.0,40034200,TRY
2019-11-26,1.01,1.02,0.99,1.02,32312600,TRY
2019-11-27,1.01,1.03,1.0,1.01,42008000,TRY
2019-11-28,1.01,1.03,1.01,1.02,23532700,TRY
2019-11-29,1.02,1.04,1.01,1.03,54019900,TRY
2019-12-02,1.03,1.05,1.02,1.04,47067300,TRY
2019-12-03,1.04,1.09,1.03,1.06,80466800,TRY
2019-12-04,1.07,1.11,1.06,1.09,102382496,TRY
2019-12-05,1.1,1.15,1.1,1.15,76005000,TRY
2019-12-06,1.16,1.19,1.14,1.16,85778200,TRY
2019-12-09,1.16,1.17,1.13,1.14,50722500,TRY
2019-12-10,1.15,1.15,1.12,1.14,42888200,TRY
2019-12-11,1.14,1.16,1.13,1.14,48352400,TRY
2019-12-12,1.16,1.17,1.14,1.17,41106500,TRY
2019-12-13,1.18,1.19,1.15,1.15,61184900,TRY
2019-12-16,1.16,1.17,1.14,1.15,51743300,TRY
2019-12-17,1.16,1.16,1.12,1.12,52231800,TRY
2019-12-18,1.11,1.12,1.1,1.1,52820300,TRY
2019-12-19,1.11,1.11,1.08,1.1,43244600,TRY
2019-12-20,1.1,1.11,1.09,1.09,26616900,TRY
2019-12-23,1.09,1.12,1.08,1.11,36828600,TRY
2019-12-24,1.12,1.13,1.11,1.12,33898700,TRY
2019-12-25,1.13,1.16,1.11,1.14,133875000,TRY
2019-12-26,1.16,1.18,1.14,1.15,83517696,TRY
2019-12-27,1.16,1.19,1.14,1.17,119215904,TRY
2019-12-30,1.19,1.23,1.18,1.2,91648000,TRY
2019-12-31,1.22,1.24,1.21,1.21,112374800,TRY
