Date,Open,High,Low,Close,Volume,Currency
2010-05-04,4.32,4.36,4.2,4.24,2415316,TRY
2010-05-05,4.24,4.32,4.2,4.24,1999737,TRY
2010-05-06,4.24,4.28,4.12,4.24,2460539,TRY
2010-05-07,4.16,4.28,4.08,4.2,6836465,TRY
2010-05-10,4.28,4.4,4.2,4.36,4675322,TRY
2010-05-11,4.36,4.4,4.28,4.32,4375498,TRY
2010-05-12,4.32,4.47,4.32,4.43,3224947,TRY
2010-05-13,4.43,4.47,4.32,4.32,2290047,TRY
2010-05-14,4.32,4.4,4.24,4.24,1280863,TRY
2010-05-17,4.24,4.32,4.2,4.32,1193518,TRY
2010-05-18,4.32,4.36,4.24,4.36,1146910,TRY
2010-05-20,4.28,4.36,4.08,4.12,2216388,TRY
2010-05-21,4.16,4.28,4.08,4.2,2887999,TRY
2010-05-24,4.33,4.35,4.2,4.23,1606381,TRY
2010-05-25,4.2,4.2,4.06,4.15,3715215,TRY
2010-05-26,4.16,4.26,4.13,4.23,2270477,TRY
2010-05-27,4.21,4.23,4.16,4.2,1921179,TRY
2010-05-28,4.21,4.25,4.15,4.25,3029923,TRY
2010-05-31,4.18,4.23,4.11,4.21,2743885,TRY
2010-06-01,4.2,4.2,4.08,4.13,1572627,TRY
2010-06-02,4.15,4.18,4.13,4.16,1567951,TRY
2010-06-03,4.25,4.25,4.13,4.15,1614744,TRY
2010-06-04,4.15,4.2,4.13,4.16,1266414,TRY
2010-06-07,4.08,4.2,4.06,4.18,1185643,TRY
2010-06-08,4.18,4.25,4.13,4.13,1576630,TRY
2010-06-09,4.16,4.25,4.13,4.23,2245656,TRY
2010-06-10,4.2,4.28,4.18,4.28,1897693,TRY
2010-06-11,4.28,4.37,4.28,4.33,1893725,TRY
2010-06-14,4.37,4.42,4.29,4.42,2000082,TRY
2010-06-15,4.37,4.54,4.37,4.5,2551889,TRY
2010-06-16,4.59,4.63,4.5,4.54,3053777,TRY
2010-06-17,4.54,4.59,4.37,4.42,2004377,TRY
2010-06-18,4.42,4.46,4.33,4.42,1034447,TRY
2010-06-21,4.46,4.46,4.33,4.42,1187058,TRY
2010-06-22,4.37,4.42,4.29,4.37,1400461,TRY
2010-06-23,4.33,4.37,4.29,4.37,983231,TRY
2010-06-24,4.37,4.42,4.29,4.33,996434,TRY
2010-06-25,4.33,4.42,4.29,4.33,1035418,TRY
2010-06-28,4.33,4.46,4.33,4.42,1426769,TRY
2010-06-29,4.33,4.42,4.29,4.33,1091407,TRY
2010-06-30,4.33,4.42,4.2,4.29,3508131,TRY
2010-07-01,4.25,4.28,4.2,4.28,986131,TRY
2010-07-02,4.28,4.3,4.25,4.28,1668141,TRY
2010-07-05,4.29,4.33,4.2,4.25,1336732,TRY
2010-07-06,4.25,4.33,4.25,4.29,1030235,TRY
2010-07-07,4.29,4.42,4.25,4.37,1695393,TRY
2010-07-08,4.42,4.5,4.37,4.46,2554723,TRY
2010-07-09,4.46,4.5,4.42,4.5,1062706,TRY
2010-07-12,4.5,4.54,4.46,4.5,2492994,TRY
2010-07-13,4.5,4.54,4.42,4.5,4108983,TRY
2010-07-14,4.54,4.54,4.42,4.46,3049078,TRY
2010-07-15,4.46,4.5,4.37,4.46,2234277,TRY
2010-07-16,4.46,4.46,4.37,4.37,814978,TRY
2010-07-19,4.42,4.46,4.33,4.42,3698269,TRY
2010-07-20,4.46,4.5,4.37,4.5,2004100,TRY
2010-07-21,4.5,4.59,4.42,4.5,6431534,TRY
2010-07-22,4.5,4.54,4.37,4.46,4516496,TRY
2010-07-23,4.46,4.46,4.33,4.37,2971128,TRY
2010-07-26,4.42,4.46,4.37,4.42,2196106,TRY
2010-07-27,4.42,4.54,4.42,4.54,2777044,TRY
2010-07-28,4.54,4.76,4.5,4.67,7069731,TRY
2010-07-29,4.71,4.88,4.71,4.8,8016742,TRY
2010-07-30,4.8,4.84,4.71,4.8,5326229,TRY
2010-08-02,4.84,4.97,4.84,4.88,3091043,TRY
2010-08-03,4.93,4.97,4.88,4.88,1783044,TRY
2010-08-04,4.93,5.1,4.88,5.05,2720172,TRY
2010-08-05,5.01,5.14,4.93,5.14,3630855,TRY
2010-08-06,5.14,5.22,5.05,5.18,3799691,TRY
2010-08-09,5.18,5.22,5.1,5.14,2664585,TRY
2010-08-10,5.14,5.14,4.97,4.97,2443087,TRY
2010-08-11,4.93,5.1,4.93,4.97,5105053,TRY
2010-08-12,5.01,5.22,4.97,5.14,3576423,TRY
2010-08-13,5.18,5.22,5.1,5.14,1441678,TRY
2010-08-16,5.14,5.22,5.1,5.22,870397,TRY
2010-08-17,5.22,5.22,5.05,5.14,2770629,TRY
2010-08-18,5.1,5.14,5.01,5.1,2372480,TRY
2010-08-19,5.18,5.18,5.01,5.1,2053752,TRY
2010-08-20,5.05,5.1,5.05,5.05,924555,TRY
2010-08-23,5.1,5.14,5.05,5.1,1617321,TRY
2010-08-24,5.1,5.18,5.01,5.14,1364815,TRY
2010-08-25,5.18,5.35,5.14,5.27,4575414,TRY
2010-08-26,5.35,5.39,5.27,5.39,1616933,TRY
2010-08-27,5.35,5.35,5.27,5.35,2688163,TRY
2010-08-31,5.31,5.39,5.27,5.35,1974377,TRY
2010-09-01,5.35,5.39,5.22,5.22,3106569,TRY
2010-09-02,5.31,5.31,5.18,5.22,916417,TRY
2010-09-03,5.22,5.27,5.14,5.18,1945862,TRY
2010-09-06,5.14,5.22,5.1,5.22,1007511,TRY
2010-09-07,5.18,5.22,5.14,5.14,1356847,TRY
2010-09-08,5.14,5.22,5.14,5.18,1744128,TRY
2010-09-13,5.35,5.35,5.22,5.31,2714201,TRY
2010-09-14,5.31,5.48,5.27,5.44,4135030,TRY
2010-09-15,5.31,5.44,5.31,5.44,3847808,TRY
2010-09-16,5.39,5.44,5.31,5.39,1837727,TRY
2010-09-17,5.39,5.44,5.27,5.35,1452495,TRY
2010-09-20,5.35,5.35,5.22,5.31,1361777,TRY
2010-09-21,5.27,5.35,5.27,5.31,1143824,TRY
2010-09-22,5.31,5.35,5.27,5.31,1515281,TRY
2010-09-23,5.31,5.31,5.27,5.31,1470277,TRY
2010-09-24,5.27,5.35,5.27,5.31,1575171,TRY
2010-09-27,5.31,5.31,5.22,5.31,1682623,TRY
2010-09-28,5.31,5.39,5.22,5.39,1962603,TRY
2010-09-29,5.39,5.44,5.27,5.31,3551848,TRY
2010-09-30,5.31,5.52,5.27,5.52,2570484,TRY
2010-10-01,5.44,5.44,5.35,5.35,1454557,TRY
2010-10-04,5.35,5.48,5.31,5.48,1772877,TRY
2010-10-05,5.48,5.52,5.39,5.48,1631327,TRY
2010-10-06,5.52,5.65,5.48,5.61,2228433,TRY
2010-10-07,5.61,5.73,5.56,5.65,2237280,TRY
2010-10-08,5.65,5.65,5.48,5.61,1972089,TRY
2010-10-11,5.61,5.61,5.52,5.56,3061844,TRY
2010-10-12,5.52,5.69,5.52,5.69,3001521,TRY
2010-10-13,5.69,5.73,5.61,5.69,2389156,TRY
2010-10-14,5.69,5.78,5.56,5.61,3609393,TRY
2010-10-15,5.61,5.78,5.56,5.73,2139420,TRY
2010-10-18,5.69,5.82,5.69,5.82,844876,TRY
2010-10-19,5.78,5.86,5.69,5.82,1315743,TRY
2010-10-20,5.82,6.03,5.82,6.03,1611870,TRY
2010-10-21,6.12,6.12,6.03,6.12,2406676,TRY
2010-10-22,6.07,6.07,5.9,5.99,3215423,TRY
2010-10-25,6.03,6.03,5.82,5.95,2166674,TRY
2010-10-26,5.95,5.95,5.86,5.95,724347,TRY
2010-10-27,5.95,5.95,5.61,5.73,2321670,TRY
2010-10-28,5.78,5.78,5.56,5.69,1194864,TRY
2010-11-01,5.81,5.83,5.47,5.74,3291890,TRY
2010-11-02,5.74,5.84,5.61,5.66,1475622,TRY
2010-11-03,5.69,5.69,5.54,5.66,2050932,TRY
2010-11-04,5.66,5.9,5.66,5.86,2671362,TRY
2010-11-05,5.86,5.96,5.76,5.88,2214154,TRY
2010-11-08,5.79,5.88,5.76,5.88,1157220,TRY
2010-11-09,5.9,5.9,5.79,5.88,1388743,TRY
2010-11-10,5.83,5.95,5.81,5.9,1699044,TRY
2010-11-11,5.91,5.96,5.81,5.83,1676780,TRY
2010-11-12,5.79,5.95,5.69,5.95,727602,TRY
2010-11-15,5.86,5.93,5.86,5.86,217858,TRY
2010-11-22,5.95,5.98,5.69,5.73,2831777,TRY
2010-11-23,5.66,5.71,5.52,5.66,2921286,TRY
2010-11-24,5.67,5.74,5.54,5.64,2659757,TRY
2010-11-25,5.62,5.64,5.57,5.64,834530,TRY
2010-11-26,5.57,5.62,5.54,5.61,627827,TRY
2010-11-29,5.61,5.62,5.45,5.5,1407997,TRY
2010-11-30,5.61,5.61,5.33,5.33,2195150,TRY
2010-12-01,5.49,5.52,5.45,5.49,2338796,TRY
2010-12-02,5.52,5.54,5.44,5.44,1512753,TRY
2010-12-03,5.47,5.56,5.44,5.52,1259857,TRY
2010-12-06,5.56,5.61,5.56,5.57,1909488,TRY
2010-12-07,5.57,5.74,5.57,5.57,5136412,TRY
2010-12-08,5.57,5.59,5.5,5.52,2275138,TRY
2010-12-09,5.54,5.57,5.33,5.35,2003564,TRY
2010-12-10,5.35,5.45,5.3,5.37,1548772,TRY
2010-12-13,5.37,5.59,5.33,5.56,2574119,TRY
2010-12-14,5.59,5.61,5.54,5.56,1762293,TRY
2010-12-15,5.54,5.57,5.45,5.5,3084921,TRY
2010-12-16,5.5,5.59,5.47,5.57,2230000,TRY
2010-12-17,5.64,5.67,5.56,5.61,3789050,TRY
2010-12-20,5.61,5.64,5.42,5.47,1757230,TRY
2010-12-21,5.44,5.52,5.44,5.5,1018113,TRY
2010-12-22,5.47,5.62,5.45,5.61,2703188,TRY
2010-12-23,5.61,5.71,5.61,5.69,1957012,TRY
2010-12-24,5.69,5.71,5.66,5.69,323258,TRY
2010-12-27,5.71,5.71,5.59,5.66,1144576,TRY
2010-12-28,5.67,5.73,5.62,5.67,906016,TRY
2010-12-29,5.71,5.73,5.61,5.69,1062611,TRY
2010-12-30,5.69,5.69,5.62,5.69,531325,TRY
2010-12-31,5.69,5.71,5.52,5.52,1368823,TRY
2011-01-03,5.59,5.67,5.54,5.64,1227603,TRY
2011-01-04,5.66,5.84,5.66,5.74,3310982,TRY
2011-01-05,5.76,5.81,5.64,5.81,2444320,TRY
2011-01-06,5.83,5.84,5.79,5.81,2006922,TRY
2011-01-07,5.78,5.84,5.74,5.81,1058166,TRY
2011-01-10,5.81,5.93,5.78,5.91,1562132,TRY
2011-01-11,5.95,6.01,5.88,5.98,2528457,TRY
2011-01-12,5.98,6.05,5.96,5.96,1420991,TRY
2011-01-13,6.01,6.12,6.0,6.12,2379570,TRY
2011-01-14,6.17,6.17,6.0,6.0,1320471,TRY
2011-01-17,6.0,6.03,5.76,5.79,2602877,TRY
2011-01-18,5.83,5.91,5.81,5.81,2722673,TRY
2011-01-19,5.84,5.91,5.83,5.84,1261156,TRY
2011-01-20,5.83,5.98,5.83,5.93,1577455,TRY
2011-01-21,5.93,5.98,5.86,5.88,1990157,TRY
2011-01-24,5.95,6.0,5.86,5.88,1736722,TRY
2011-01-25,5.88,5.91,5.78,5.83,2172437,TRY
2011-01-26,5.84,5.88,5.79,5.84,1848033,TRY
2011-01-27,5.88,5.93,5.79,5.81,3122064,TRY
2011-01-28,5.81,5.81,5.61,5.64,1457088,TRY
2011-01-31,5.62,5.62,5.44,5.59,2364737,TRY
2011-02-01,5.64,5.79,5.57,5.76,2710056,TRY
2011-02-02,5.78,5.78,5.69,5.74,1570401,TRY
2011-02-03,5.71,5.78,5.69,5.71,1452718,TRY
2011-02-04,5.67,5.73,5.59,5.64,1738972,TRY
2011-02-07,5.67,5.74,5.61,5.67,2931873,TRY
2011-02-08,5.69,5.78,5.67,5.74,1785058,TRY
2011-02-09,5.78,5.93,5.78,5.9,7004025,TRY
2011-02-10,5.86,5.9,5.81,5.84,2119181,TRY
2011-02-11,5.84,6.1,5.83,6.05,3003704,TRY
2011-02-14,6.07,6.25,6.07,6.17,2074567,TRY
2011-02-15,6.18,6.37,6.15,6.22,2563526,TRY
2011-02-16,6.2,6.29,6.17,6.18,728634,TRY
2011-02-17,6.2,6.29,5.96,6.07,5380397,TRY
2011-02-18,6.1,6.13,5.95,5.98,2962546,TRY
2011-02-21,5.96,6.07,5.91,6.05,2821654,TRY
2011-02-22,5.96,6.25,5.96,6.18,3585238,TRY
2011-02-23,6.13,6.25,6.12,6.15,1649300,TRY
2011-02-24,6.15,6.22,5.95,6.05,4401492,TRY
2011-02-25,6.05,6.08,5.98,6.05,1658718,TRY
2011-02-28,6.05,6.13,5.98,6.05,1605793,TRY
2011-03-01,6.05,6.12,6.0,6.08,1914227,TRY
2011-03-02,6.0,6.07,5.91,5.93,2943168,TRY
2011-03-03,5.98,6.03,5.83,5.93,3518467,TRY
2011-03-04,5.95,5.96,5.81,5.83,2599773,TRY
2011-03-07,5.88,5.88,5.64,5.81,2570848,TRY
2011-03-08,5.84,5.88,5.74,5.86,1663175,TRY
2011-03-09,5.86,5.9,5.73,5.76,1791122,TRY
2011-03-10,5.76,5.78,5.66,5.73,3250219,TRY
2011-03-11,5.67,5.9,5.66,5.84,3036193,TRY
2011-03-14,5.88,5.95,5.79,5.9,3025800,TRY
2011-03-15,5.84,5.88,5.74,5.86,3728589,TRY
2011-03-16,5.9,5.96,5.78,5.79,2581717,TRY
2011-03-17,5.79,5.93,5.79,5.9,1843551,TRY
2011-03-18,5.93,6.03,5.83,5.96,3444726,TRY
2011-03-21,5.96,6.13,5.96,6.1,2138748,TRY
2011-03-22,6.13,6.32,6.1,6.22,4223905,TRY
2011-03-23,6.22,6.25,6.03,6.07,2565286,TRY
2011-03-24,5.98,6.3,5.98,6.27,2379427,TRY
2011-03-25,6.29,6.32,6.17,6.24,1021360,TRY
2011-03-28,6.25,6.37,6.25,6.34,2195980,TRY
2011-03-29,6.3,6.49,6.25,6.41,1908802,TRY
2011-03-30,6.42,6.56,6.39,6.46,1376507,TRY
2011-03-31,6.47,6.69,6.47,6.59,1608594,TRY
2011-04-01,6.68,6.74,6.59,6.74,1966089,TRY
2011-04-04,6.74,6.91,6.74,6.86,2842526,TRY
2011-04-05,6.8,6.9,6.8,6.81,1982167,TRY
2011-04-06,6.81,7.07,6.8,7.0,2535489,TRY
2011-04-07,7.0,7.03,6.86,6.95,2488350,TRY
2011-04-08,7.0,7.07,6.83,6.85,2395255,TRY
2011-04-11,6.85,6.85,6.76,6.8,1992190,TRY
2011-04-12,6.78,6.8,6.71,6.71,1595357,TRY
2011-04-13,6.71,6.86,6.71,6.8,1356346,TRY
2011-04-14,6.81,6.81,6.63,6.68,1231069,TRY
2011-04-15,6.71,6.85,6.68,6.83,1192319,TRY
2011-04-18,7.05,7.05,6.71,6.78,1807519,TRY
2011-04-19,6.78,6.9,6.71,6.83,1689119,TRY
2011-04-20,6.9,6.93,6.85,6.88,1416332,TRY
2011-04-21,6.9,6.95,6.86,6.93,557006,TRY
2011-04-22,6.93,6.97,6.9,6.95,279937,TRY
2011-04-25,6.98,7.0,6.88,6.9,499486,TRY
2011-04-26,6.95,6.95,6.83,6.88,561934,TRY
2011-04-27,6.93,6.93,6.66,6.71,2190845,TRY
2011-04-28,6.76,6.76,6.59,6.66,2689852,TRY
2011-04-29,6.68,6.78,6.58,6.73,2395969,TRY
2011-05-02,6.78,6.81,6.74,6.8,679226,TRY
2011-05-03,6.8,6.88,6.73,6.86,1558502,TRY
2011-05-04,6.88,6.91,6.74,6.8,1115682,TRY
2011-05-05,6.8,6.81,6.69,6.74,845475,TRY
2011-05-06,6.76,6.81,6.71,6.8,1752274,TRY
2011-05-09,6.88,6.88,6.73,6.83,1314111,TRY
2011-05-10,6.78,6.86,6.76,6.76,1042988,TRY
2011-05-11,6.71,6.8,6.71,6.8,1006660,TRY
2011-05-12,6.76,6.8,6.73,6.74,1347013,TRY
2011-05-13,6.76,6.81,6.73,6.73,1537714,TRY
2011-05-16,6.74,6.8,6.73,6.73,1680274,TRY
2011-05-17,6.76,6.8,6.68,6.71,2248252,TRY
2011-05-18,6.73,6.73,6.54,6.69,1414247,TRY
2011-05-20,6.63,6.74,6.52,6.69,2773538,TRY
2011-05-23,6.69,6.74,6.68,6.71,2496424,TRY
2011-05-24,6.74,6.91,6.69,6.91,5240428,TRY
2011-05-25,6.9,6.95,6.71,6.85,2371768,TRY
2011-05-26,6.85,6.9,6.76,6.85,1096754,TRY
2011-05-27,6.88,6.9,6.73,6.76,1329189,TRY
2011-05-30,6.08,7.21,6.08,6.5,1498101,TRY
2011-05-31,6.54,6.93,6.39,6.67,3265235,TRY
2011-06-01,6.65,6.87,6.65,6.8,1963095,TRY
2011-06-02,6.78,6.97,6.76,6.93,1489994,TRY
2011-06-03,7.04,7.21,6.97,7.0,1629634,TRY
2011-06-06,7.0,7.28,7.0,7.19,1764902,TRY
2011-06-07,7.19,7.34,7.19,7.3,2195116,TRY
2011-06-08,7.32,7.35,7.26,7.34,2151394,TRY
2011-06-09,7.34,7.43,7.32,7.32,1221904,TRY
2011-06-10,7.32,7.48,7.3,7.47,1939403,TRY
2011-06-13,7.52,7.56,7.37,7.43,1384689,TRY
2011-06-14,7.48,7.5,7.3,7.48,1647806,TRY
2011-06-15,7.37,7.47,7.22,7.28,2294734,TRY
2011-06-16,7.28,7.37,7.02,7.19,2231672,TRY
2011-06-17,7.35,7.39,7.22,7.3,2175982,TRY
2011-06-20,7.26,7.43,7.06,7.28,1061026,TRY
2011-06-21,7.39,7.54,7.39,7.39,1245009,TRY
2011-06-22,7.43,7.48,7.37,7.41,2086479,TRY
2011-06-23,7.41,7.63,7.41,7.52,2736454,TRY
2011-06-24,7.59,7.59,7.47,7.47,815710,TRY
2011-06-27,7.47,7.67,7.43,7.63,1366642,TRY
2011-06-28,7.71,8.02,7.71,7.91,2769783,TRY
2011-06-29,7.93,8.11,7.93,7.98,3253547,TRY
2011-06-30,8.07,8.09,7.82,7.93,2924615,TRY
2011-07-01,7.96,7.98,7.85,7.87,1029701,TRY
2011-07-04,7.87,8.67,7.82,8.67,1248701,TRY
2011-07-05,8.2,8.2,8.0,8.0,3383917,TRY
2011-07-06,8.02,8.02,7.8,7.89,1207309,TRY
2011-07-07,7.89,7.93,7.72,7.72,1386037,TRY
2011-07-08,7.76,7.87,7.74,7.85,1431264,TRY
2011-07-11,7.39,7.87,7.39,7.83,640369,TRY
2011-07-12,7.76,7.91,7.69,7.78,1105751,TRY
2011-07-13,7.82,7.83,7.54,7.59,2124816,TRY
2011-07-14,7.59,7.65,7.34,7.35,2471978,TRY
2011-07-15,7.39,7.47,7.22,7.39,2603409,TRY
2011-07-18,7.37,7.39,7.32,7.39,778780,TRY
2011-07-19,7.39,7.39,7.24,7.35,1962607,TRY
2011-07-20,7.37,7.37,7.11,7.13,1698970,TRY
2011-07-21,7.21,7.26,6.95,7.26,1767021,TRY
2011-07-22,7.11,7.24,7.04,7.24,1274927,TRY
2011-07-25,7.19,7.21,6.93,7.21,1639833,TRY
2011-07-26,7.22,7.24,7.06,7.1,1610818,TRY
2011-07-27,7.15,7.17,6.93,6.97,3901250,TRY
2011-07-28,6.97,6.97,6.84,6.86,3921243,TRY
2011-07-29,6.87,6.89,6.62,6.65,2480715,TRY
2011-08-01,6.67,6.8,6.63,6.69,2806918,TRY
2011-08-02,6.69,6.86,6.63,6.86,3126909,TRY
2011-08-03,6.76,6.89,6.71,6.8,2593049,TRY
2011-08-04,6.82,6.84,6.62,6.65,2258396,TRY
2011-08-05,6.52,6.56,6.3,6.36,3694949,TRY
2011-08-08,6.25,6.43,5.97,6.19,3424925,TRY
2011-08-09,6.19,6.25,5.78,5.93,3004222,TRY
2011-08-10,5.93,6.28,5.88,6.15,4752670,TRY
2011-08-11,6.19,6.74,6.01,6.62,2859271,TRY
2011-08-12,6.56,6.58,6.21,6.56,2413143,TRY
2011-08-15,6.56,6.6,6.39,6.52,1189497,TRY
2011-08-16,6.5,6.5,6.26,6.49,1947222,TRY
2011-08-17,6.49,6.82,6.43,6.82,2373018,TRY
2011-08-18,6.84,6.89,6.65,6.89,3084004,TRY
2011-08-19,6.86,7.04,6.73,6.98,1547952,TRY
2011-08-22,6.58,6.87,6.58,6.8,2313163,TRY
2011-08-23,6.82,6.84,6.5,6.58,2472040,TRY
2011-08-24,6.6,6.63,6.43,6.62,2053505,TRY
2011-08-25,6.58,6.87,6.58,6.84,2465766,TRY
2011-08-26,6.84,7.35,6.8,7.35,4356805,TRY
2011-08-29,7.35,7.41,7.21,7.24,480070,TRY
2011-09-02,7.41,7.74,7.34,7.5,3089016,TRY
2012-05-21,6.58,6.65,6.56,6.6,2268550,TRY
2012-05-22,6.63,6.63,6.56,6.62,1882312,TRY
2012-05-23,6.52,6.58,6.5,6.54,2724247,TRY
2012-05-24,6.54,6.62,6.47,6.5,4744851,TRY
2012-05-25,6.5,6.58,6.3,6.47,3612519,TRY
2012-05-28,6.52,6.58,6.5,6.58,2614396,TRY
2012-05-29,6.68,6.68,6.54,6.56,3543694,TRY
2012-05-30,6.54,6.56,6.46,6.48,1386176,TRY
2012-05-31,6.52,6.62,6.38,6.38,4448186,TRY
2012-06-01,6.38,6.4,6.26,6.34,7220752,TRY
2012-06-04,6.28,6.36,6.24,6.3,2656370,TRY
2012-06-05,6.32,6.34,6.26,6.32,3149440,TRY
2012-06-06,6.34,6.36,6.28,6.32,4031127,TRY
2012-06-07,6.34,6.36,6.26,6.3,4206131,TRY
2012-06-08,6.32,6.34,6.28,6.34,2353391,TRY
2012-06-11,6.38,6.42,6.32,6.4,4776709,TRY
2012-06-12,6.42,6.52,6.4,6.48,6526165,TRY
2012-06-13,6.52,6.58,6.5,6.54,5340397,TRY
2012-06-14,6.54,6.56,6.44,6.44,2685021,TRY
2012-06-15,6.48,6.48,6.36,6.46,5821563,TRY
2012-06-18,6.44,6.48,6.36,6.4,2522798,TRY
2012-06-19,6.38,6.5,6.38,6.5,2596007,TRY
2012-06-20,6.54,6.8,6.54,6.74,8251229,TRY
2012-06-21,6.76,6.92,6.68,6.76,5207743,TRY
2012-06-22,6.74,6.9,6.72,6.86,2928857,TRY
2012-06-25,6.78,6.9,6.74,6.82,2953586,TRY
2012-06-26,6.82,6.92,6.8,6.9,1986467,TRY
2012-06-27,6.92,7.04,6.88,7.0,3076352,TRY
2012-06-28,7.0,7.02,6.88,7.0,2870002,TRY
2012-06-29,7.06,7.38,7.02,7.38,3791361,TRY
2012-07-02,7.18,7.28,7.1,7.18,1718187,TRY
2012-07-03,7.2,7.22,7.08,7.1,2298263,TRY
2012-07-04,7.12,7.16,6.96,7.0,2841740,TRY
2012-07-05,7.0,7.04,6.92,6.92,2199063,TRY
2012-07-06,6.94,7.04,6.92,7.04,1977415,TRY
2012-07-09,7.12,7.18,7.02,7.16,5507679,TRY
2012-07-10,7.16,7.16,7.06,7.1,1973706,TRY
2012-07-11,7.08,7.12,6.98,7.0,3334532,TRY
2012-07-12,7.0,7.0,6.82,6.88,2410892,TRY
2012-07-13,6.9,7.0,6.9,7.0,1841782,TRY
2012-07-16,6.98,7.08,6.9,6.96,3018870,TRY
2012-07-17,7.0,7.02,6.92,7.0,2076846,TRY
2012-07-18,7.02,7.02,6.86,6.86,1430412,TRY
2012-07-19,6.9,7.04,6.88,7.0,2565625,TRY
2012-07-20,6.98,7.08,6.98,7.08,2381722,TRY
2012-07-23,7.06,7.06,6.86,6.98,1223025,TRY
2012-07-24,6.98,7.04,6.94,7.0,1619185,TRY
2012-07-25,6.98,7.08,6.96,7.04,1456717,TRY
2012-07-26,7.02,7.2,7.02,7.2,2396678,TRY
2012-07-27,7.22,7.28,7.16,7.28,3225222,TRY
2012-07-30,7.28,7.3,7.18,7.26,2012930,TRY
2012-07-31,7.3,7.3,6.94,6.94,3115058,TRY
2012-08-01,6.98,7.12,6.98,6.98,3193948,TRY
2012-08-02,6.98,7.08,6.94,7.02,2624918,TRY
2012-08-03,7.02,7.16,6.96,7.12,2345731,TRY
2012-08-06,7.12,7.24,7.1,7.18,2163646,TRY
2012-08-07,7.18,7.22,7.1,7.16,2022149,TRY
2012-08-08,7.16,7.2,7.12,7.16,1263740,TRY
2012-08-09,7.18,7.2,7.08,7.16,999321,TRY
2012-08-10,7.16,7.2,7.1,7.2,1170784,TRY
2012-08-13,7.18,7.2,7.12,7.16,871918,TRY
2012-08-14,7.16,7.18,6.98,7.0,1750520,TRY
2012-08-15,7.0,7.08,6.96,7.08,1147126,TRY
2012-08-16,7.04,7.14,7.0,7.02,1965549,TRY
2012-08-17,7.04,7.1,7.02,7.04,1483541,TRY
2012-08-22,7.08,7.08,7.0,7.04,1807746,TRY
2012-08-23,7.06,7.14,7.04,7.12,3040776,TRY
2012-08-24,7.1,7.14,7.08,7.08,3810884,TRY
2012-08-27,7.04,7.12,7.04,7.08,2348275,TRY
2012-08-28,7.08,7.14,7.06,7.1,3478403,TRY
2012-08-29,7.12,7.16,7.1,7.12,3433503,TRY
2012-08-31,7.1,7.2,7.08,7.2,5832096,TRY
2012-09-03,7.2,7.28,7.16,7.24,3831802,TRY
2012-09-04,7.26,7.34,7.26,7.3,3712494,TRY
2012-09-05,7.28,7.36,7.26,7.34,2667180,TRY
2012-09-06,7.36,7.36,7.28,7.34,1706902,TRY
2012-09-07,7.34,7.44,7.3,7.38,3195496,TRY
2012-09-10,7.38,7.44,7.38,7.44,1648540,TRY
2012-09-11,7.44,7.52,7.42,7.5,2946628,TRY
2012-09-12,7.5,7.6,7.44,7.56,2877495,TRY
2012-09-13,7.56,7.58,7.12,7.38,4585111,TRY
2012-09-14,7.4,7.48,7.16,7.24,4227501,TRY
2012-09-17,7.2,7.24,7.12,7.2,4237421,TRY
2012-09-18,7.18,7.2,7.1,7.14,1683204,TRY
2012-09-19,7.16,7.26,7.16,7.2,2336161,TRY
2012-09-20,7.02,7.22,7.02,7.2,1410173,TRY
2012-09-21,7.24,7.26,7.12,7.12,2292256,TRY
2012-09-24,7.14,7.24,7.12,7.22,871318,TRY
2012-09-25,7.06,7.12,6.98,7.04,4537824,TRY
2012-09-26,7.06,7.08,6.88,6.92,3495352,TRY
2012-09-27,6.96,7.0,6.92,6.96,1430247,TRY
2012-09-28,7.0,7.16,6.98,7.16,3665905,TRY
2012-10-01,7.1,7.16,7.06,7.12,1219034,TRY
2012-10-02,7.12,7.16,7.08,7.16,1068603,TRY
2012-10-03,7.22,7.24,7.08,7.14,2666127,TRY
2012-10-04,7.14,7.16,7.02,7.06,2515372,TRY
2012-10-05,7.08,7.12,7.06,7.12,2204332,TRY
2012-10-08,7.08,7.14,7.04,7.14,1043358,TRY
2012-10-09,7.16,7.16,7.08,7.14,1139589,TRY
2012-10-10,7.1,7.12,7.06,7.1,4137163,TRY
2012-10-11,7.1,7.12,7.04,7.08,3262368,TRY
2012-10-12,7.1,7.1,7.04,7.06,2142575,TRY
2012-10-15,7.06,7.12,7.06,7.1,1831210,TRY
2012-10-16,7.12,7.12,7.06,7.08,2286756,TRY
2012-10-17,7.1,7.12,7.02,7.02,2807420,TRY
2012-10-18,7.02,7.1,7.0,7.08,1620898,TRY
2012-10-19,7.08,7.1,7.04,7.04,1624975,TRY
2012-10-22,7.06,7.08,7.02,7.08,1488229,TRY
2012-10-23,7.08,7.08,6.9,6.92,2845371,TRY
2012-10-24,6.92,7.02,6.82,6.82,1794418,TRY
2012-10-30,6.82,7.0,6.8,7.0,3126105,TRY
2012-10-31,7.0,7.02,6.94,7.0,3727944,TRY
2012-11-01,7.0,7.0,6.9,6.9,2475714,TRY
2012-11-02,6.92,6.92,6.78,6.88,3031452,TRY
2012-11-05,6.86,6.86,6.72,6.76,4938116,TRY
2012-11-06,6.74,6.76,6.52,6.54,5494301,TRY
2012-11-07,6.56,6.6,6.5,6.56,9488509,TRY
2012-11-08,6.56,6.72,6.54,6.72,6775796,TRY
2012-11-09,6.74,6.8,6.72,6.74,8059060,TRY
2012-11-12,6.74,6.74,6.68,6.68,791618,TRY
2012-11-13,6.7,6.72,6.64,6.72,2382136,TRY
2012-11-14,6.7,6.72,6.6,6.62,2349786,TRY
2012-11-15,6.58,6.64,6.56,6.58,2667646,TRY
2012-11-16,6.6,6.6,6.5,6.54,4882176,TRY
2012-11-19,6.58,6.6,6.44,6.46,3199985,TRY
2012-11-20,6.5,6.5,6.44,6.44,1325106,TRY
2012-11-21,6.46,6.46,6.36,6.42,5053660,TRY
2012-11-22,6.44,6.46,6.38,6.4,3838563,TRY
2012-11-23,6.42,6.48,6.34,6.36,4627901,TRY
2012-11-26,6.38,6.44,6.36,6.44,5914761,TRY
2012-11-27,6.44,6.6,6.42,6.56,8514487,TRY
2012-11-28,6.6,6.62,6.52,6.56,3750691,TRY
2012-11-29,6.58,6.78,6.58,6.72,8561876,TRY
2012-11-30,6.74,6.78,6.66,6.68,5657115,TRY
2012-12-03,6.68,6.78,6.68,6.74,3748798,TRY
2012-12-04,6.74,6.76,6.7,6.76,3180528,TRY
2012-12-05,6.78,6.9,6.78,6.86,9236264,TRY
2012-12-06,6.86,6.94,6.86,6.9,11150422,TRY
2012-12-07,6.9,6.92,6.86,6.9,3290937,TRY
2012-12-10,6.9,6.92,6.84,6.86,5320815,TRY
2012-12-11,6.86,6.9,6.84,6.86,6750196,TRY
2012-12-12,6.88,6.94,6.86,6.88,9133919,TRY
2012-12-13,6.88,6.92,6.78,6.82,6160381,TRY
2012-12-14,6.84,6.84,6.8,6.82,2972065,TRY
2012-12-17,6.8,6.82,6.66,6.74,8011150,TRY
2012-12-18,6.78,6.82,6.76,6.82,4021604,TRY
2012-12-19,6.84,6.86,6.76,6.76,4536657,TRY
2012-12-20,6.76,6.8,6.72,6.74,2791803,TRY
2012-12-21,6.7,6.78,6.7,6.78,1930428,TRY
2012-12-24,6.8,6.82,6.78,6.82,1642475,TRY
2012-12-25,6.82,6.84,6.8,6.82,653648,TRY
2012-12-26,6.82,6.84,6.8,6.82,693286,TRY
2012-12-27,6.82,6.9,6.82,6.88,2690017,TRY
2012-12-28,6.9,6.94,6.88,6.92,2457551,TRY
2012-12-31,6.92,6.96,6.88,6.92,4532634,TRY
2013-01-02,6.96,7.04,6.92,7.04,8044755,TRY
2013-01-03,7.04,7.08,6.96,6.98,10170688,TRY
2013-01-04,6.98,7.04,6.96,7.04,4198507,TRY
2013-01-07,7.06,7.08,7.04,7.06,4485651,TRY
2013-01-08,7.06,7.1,7.02,7.04,4568515,TRY
2013-01-09,7.04,7.04,6.98,7.0,4508110,TRY
2013-01-10,7.02,7.04,6.98,7.02,3868834,TRY
2013-01-11,7.0,7.02,6.92,6.98,6815379,TRY
2013-01-14,7.0,7.04,6.96,7.02,4233523,TRY
2013-01-15,7.04,7.4,7.02,7.38,38388000,TRY
2013-01-16,7.4,7.46,7.3,7.44,12982258,TRY
2013-01-17,7.46,7.48,7.34,7.46,9870513,TRY
2013-01-18,7.48,7.48,7.4,7.46,3798438,TRY
2013-01-21,7.48,7.68,7.46,7.64,6699175,TRY
2013-01-22,7.66,7.9,7.64,7.7,7386594,TRY
2013-01-23,7.54,7.86,7.46,7.8,11959621,TRY
2013-01-24,7.82,7.86,7.62,7.74,6838238,TRY
2013-01-25,7.74,7.9,7.7,7.84,6004795,TRY
2013-01-28,7.84,7.94,7.64,7.74,8030322,TRY
2013-01-29,7.7,7.8,7.56,7.78,3066551,TRY
2013-08-28,5.64,5.69,5.57,5.57,3229647,TRY
2013-08-29,5.6,5.67,5.49,5.57,6377575,TRY
2013-09-02,5.62,5.71,5.6,5.69,3571894,TRY
2013-09-03,5.69,5.73,5.57,5.57,2566278,TRY
2013-09-04,5.58,5.64,5.57,5.58,2243479,TRY
2013-09-05,5.58,5.62,5.49,5.53,2161969,TRY
2013-09-06,5.53,5.58,5.39,5.42,2530684,TRY
2013-09-09,5.48,5.58,5.46,5.53,3022142,TRY
2013-09-10,5.57,5.8,5.55,5.78,4532921,TRY
2013-09-11,5.74,5.87,5.71,5.87,3296664,TRY
2013-09-12,5.91,5.98,5.85,5.96,3036468,TRY
2013-09-13,5.8,5.94,5.8,5.83,2123753,TRY
2013-09-16,5.91,6.17,5.91,6.16,2672210,TRY
2013-09-17,6.14,6.24,6.12,6.19,2611571,TRY
2013-09-18,6.19,6.24,6.14,6.16,2871141,TRY
2013-09-19,6.35,6.42,6.28,6.39,5693200,TRY
2013-09-20,6.42,6.51,6.33,6.33,2884723,TRY
2013-09-23,6.32,6.35,6.26,6.28,2123623,TRY
2013-09-24,6.28,6.35,6.26,6.33,2171114,TRY
2013-09-25,6.33,6.33,6.26,6.28,2448624,TRY
2013-09-26,6.33,6.33,6.08,6.08,1999085,TRY
2013-09-27,6.12,6.17,6.08,6.12,1577603,TRY
2013-09-30,6.12,6.26,6.01,6.26,2391515,TRY
2013-10-01,6.26,6.33,6.23,6.24,2771810,TRY
2013-10-02,6.24,6.28,6.16,6.16,1999571,TRY
2013-10-03,6.17,6.26,6.17,6.24,1106517,TRY
2013-10-04,6.24,6.24,6.08,6.24,1471404,TRY
2013-10-07,6.16,6.28,6.16,6.26,1756299,TRY
2013-10-08,6.24,6.24,6.1,6.17,1679470,TRY
2013-10-09,6.1,6.17,6.05,6.16,2277035,TRY
2013-10-10,6.16,6.23,6.14,6.19,1226589,TRY
2013-10-11,6.21,6.24,6.14,6.16,1006369,TRY
2013-10-14,6.17,6.23,6.16,6.17,281714,TRY
2013-10-21,6.3,6.33,6.23,6.26,6376725,TRY
2013-10-22,6.26,6.26,6.14,6.17,6690787,TRY
2013-10-23,6.16,6.21,6.12,6.17,2878624,TRY
2013-10-24,6.19,6.23,6.14,6.19,2757489,TRY
2013-10-25,6.21,6.23,6.16,6.21,3512684,TRY
2013-10-28,6.21,6.24,6.21,6.24,819487,TRY
2013-10-30,6.24,6.26,6.14,6.23,4838986,TRY
2013-10-31,6.19,6.21,6.08,6.16,3472190,TRY
2013-11-01,6.16,6.16,5.94,5.98,3415121,TRY
2013-11-04,5.98,5.98,5.87,5.87,2230204,TRY
2013-11-05,5.91,5.94,5.8,5.87,2990480,TRY
2013-11-06,5.91,6.05,5.8,6.05,2563824,TRY
2013-11-07,6.03,6.05,5.92,5.96,3390865,TRY
2013-11-08,5.96,5.96,5.78,5.83,1768792,TRY
2013-11-11,5.89,5.89,5.58,5.66,3839649,TRY
2013-11-12,5.64,5.67,5.57,5.6,2502290,TRY
2013-11-13,5.6,5.69,5.51,5.69,2355388,TRY
2013-11-14,5.71,5.85,5.67,5.71,4258527,TRY
2013-11-15,5.78,5.78,5.69,5.69,3970911,TRY
2013-11-18,5.71,5.76,5.69,5.76,1706264,TRY
2013-11-19,5.74,5.91,5.74,5.82,5775409,TRY
2013-11-20,5.78,5.89,5.74,5.89,2812703,TRY
2013-11-21,5.8,5.82,5.73,5.73,3101625,TRY
2013-11-22,5.76,5.85,5.74,5.82,2188910,TRY
2013-11-25,5.85,5.94,5.85,5.89,3400895,TRY
2013-11-26,5.89,5.89,5.73,5.73,2757928,TRY
2013-11-27,5.74,5.82,5.73,5.76,2998994,TRY
2013-11-28,5.76,5.87,5.76,5.78,3429867,TRY
2013-11-29,5.8,5.87,5.76,5.85,2486828,TRY
2013-12-02,5.87,5.91,5.8,5.83,5495973,TRY
2013-12-03,5.83,5.85,5.69,5.73,2727609,TRY
2013-12-04,5.71,5.73,5.57,5.64,3505799,TRY
2013-12-05,5.66,5.66,5.53,5.57,3436665,TRY
2013-12-06,5.57,5.64,5.49,5.62,2413909,TRY
2013-12-09,5.66,5.74,5.64,5.74,2661641,TRY
2013-12-10,5.73,5.82,5.67,5.71,2591241,TRY
2013-12-11,5.71,5.78,5.69,5.74,2295930,TRY
2013-12-12,5.73,5.76,5.66,5.73,2048871,TRY
2013-12-13,5.74,5.87,5.74,5.82,2576336,TRY
2013-12-16,5.82,5.83,5.78,5.8,1699375,TRY
2013-12-17,5.74,5.74,5.53,5.6,2552734,TRY
2013-12-18,5.46,5.66,5.33,5.6,3362501,TRY
2013-12-19,5.51,5.57,5.41,5.49,3274069,TRY
2013-12-20,5.51,5.82,5.51,5.67,6538260,TRY
2013-12-23,5.67,5.71,5.41,5.41,2837638,TRY
2013-12-24,5.42,5.51,5.42,5.48,1347124,TRY
2013-12-25,5.49,5.53,5.26,5.3,1980826,TRY
2013-12-26,5.33,5.39,5.21,5.28,1366443,TRY
2013-12-27,5.26,5.28,5.0,5.08,2455967,TRY
2013-12-30,5.21,5.44,5.19,5.44,2061042,TRY
2013-12-31,5.46,5.49,5.3,5.32,1474929,TRY
2014-01-02,5.32,5.32,5.08,5.21,3170527,TRY
2014-01-03,5.21,5.25,5.07,5.14,1648740,TRY
2014-01-06,5.14,5.39,5.08,5.33,3002016,TRY
2014-01-07,5.26,5.39,5.25,5.33,3004407,TRY
2014-01-08,5.33,5.37,5.21,5.21,2418776,TRY
2014-01-09,5.21,5.21,5.05,5.08,2355388,TRY
2014-01-10,5.08,5.19,5.07,5.17,2606744,TRY
2014-01-13,5.23,5.32,5.19,5.26,3116758,TRY
2014-01-14,5.21,5.28,5.1,5.25,2887869,TRY
2014-01-15,5.25,5.28,5.19,5.21,3585922,TRY
2014-01-16,5.12,5.17,5.08,5.17,3221412,TRY
2014-01-17,5.17,5.19,5.05,5.16,6240339,TRY
2014-01-20,5.12,5.23,5.08,5.14,2497647,TRY
2014-01-21,5.19,5.32,5.16,5.3,3711478,TRY
2014-01-22,5.3,5.44,5.3,5.42,5151558,TRY
2014-01-23,5.41,5.44,5.35,5.39,3685710,TRY
2014-01-24,5.37,5.41,5.17,5.26,4072142,TRY
2014-01-27,5.21,5.46,5.19,5.33,5504604,TRY
2014-01-28,5.41,5.48,5.16,5.16,4744725,TRY
2014-01-29,5.35,5.42,5.19,5.28,6950779,TRY
2014-01-30,5.26,5.28,5.14,5.19,5908940,TRY
2014-01-31,5.19,5.19,4.96,5.0,8248610,TRY
2014-02-03,5.0,5.03,4.87,4.87,5024239,TRY
2014-02-04,4.83,4.92,4.78,4.91,6278317,TRY
2014-02-05,4.94,5.03,4.87,5.0,6537335,TRY
2014-02-06,5.0,5.14,5.0,5.12,5952782,TRY
2014-02-07,5.12,5.14,5.01,5.07,3669313,TRY
2014-02-10,5.03,5.1,5.01,5.08,2238348,TRY
2014-02-11,5.12,5.14,5.05,5.08,4333478,TRY
2014-02-12,5.14,5.16,5.1,5.14,3080939,TRY
2014-02-13,5.1,5.16,5.07,5.14,2397622,TRY
2014-02-14,5.19,5.28,5.16,5.28,3606642,TRY
2014-02-17,5.41,5.42,5.32,5.39,1581204,TRY
2014-02-18,5.41,5.49,5.26,5.32,2401944,TRY
2014-02-19,5.28,5.39,5.23,5.3,4275254,TRY
2014-02-20,5.26,5.44,5.23,5.39,3288495,TRY
2014-02-21,5.42,5.44,5.3,5.37,2435541,TRY
2014-02-24,5.39,5.42,5.32,5.41,2274965,TRY
2014-02-25,5.28,5.35,5.07,5.14,3946236,TRY
2014-02-26,5.16,5.25,5.12,5.16,3842038,TRY
2014-02-27,5.12,5.3,5.12,5.28,1847407,TRY
2014-02-28,5.28,5.42,5.28,5.3,3254940,TRY
2014-03-03,5.26,5.3,5.21,5.25,963143,TRY
2014-03-04,5.3,5.42,5.3,5.41,3148193,TRY
2014-03-05,5.41,5.46,5.37,5.37,2212821,TRY
2014-03-06,5.39,5.41,5.32,5.35,1921844,TRY
2014-03-07,5.37,5.44,5.26,5.3,2133006,TRY
2014-03-10,5.28,5.3,5.13,5.13,3481868,TRY
2014-03-11,5.14,5.16,5.04,5.08,4375517,TRY
2015-06-10,6.65,6.72,6.6,6.6,4032702,TRY
2015-06-11,6.62,6.8,6.58,6.77,6531771,TRY
2015-06-12,6.78,6.81,6.71,6.71,2479781,TRY
2015-06-15,6.72,6.74,6.58,6.61,2463746,TRY
2015-06-16,6.63,6.7,6.62,6.69,2294768,TRY
2015-06-17,6.69,6.74,6.6,6.63,3499391,TRY
2015-06-18,6.68,6.71,6.62,6.63,2845837,TRY
2015-06-19,6.66,6.82,6.66,6.82,4211749,TRY
2015-06-22,6.86,7.01,6.86,6.96,2865993,TRY
2015-06-23,6.97,7.01,6.88,6.92,2591809,TRY
2015-06-24,6.92,7.03,6.9,6.96,5017657,TRY
2015-06-25,6.92,6.94,6.77,6.77,5431633,TRY
2015-06-26,6.77,6.86,6.77,6.81,3337283,TRY
2015-06-29,6.76,6.77,6.64,6.68,1859145,TRY
2015-06-30,6.75,6.77,6.65,6.77,2921393,TRY
2015-07-01,6.77,6.79,6.66,6.66,1787189,TRY
2015-07-02,6.68,6.75,6.63,6.7,2324782,TRY
2015-07-03,6.7,6.72,6.65,6.68,1541743,TRY
2015-07-06,6.66,6.82,6.66,6.76,2305210,TRY
2015-07-07,6.78,6.86,6.74,6.78,2350009,TRY
2015-07-08,6.74,6.76,6.6,6.6,3266734,TRY
2015-07-09,6.65,6.73,6.64,6.71,809546,TRY
2015-07-10,6.73,6.76,6.68,6.7,1612644,TRY
2015-07-13,6.69,6.75,6.68,6.75,1888970,TRY
2015-07-14,6.76,6.77,6.71,6.72,1552549,TRY
2015-07-15,6.75,6.76,6.71,6.71,1431928,TRY
2015-07-16,6.71,6.72,6.64,6.66,671621,TRY
2015-07-20,6.66,6.69,6.51,6.59,3383806,TRY
2015-07-21,6.63,6.63,6.52,6.59,4268299,TRY
2015-07-22,6.6,6.66,6.54,6.62,2970311,TRY
2015-07-23,6.63,6.63,6.34,6.36,2917384,TRY
2015-07-24,6.61,6.61,6.34,6.34,3101071,TRY
2015-07-27,6.35,6.44,6.27,6.29,1861910,TRY
2015-07-28,6.34,6.52,6.31,6.52,1842316,TRY
2015-07-29,6.49,6.52,6.32,6.39,3426764,TRY
2015-07-30,6.37,6.49,6.35,6.45,1446012,TRY
2015-07-31,6.45,6.68,6.4,6.61,3937894,TRY
2015-08-03,6.55,6.61,6.37,6.37,2812193,TRY
2015-08-04,6.4,6.5,6.36,6.47,1676114,TRY
2015-08-05,6.49,6.52,6.39,6.49,1108244,TRY
2015-08-06,6.47,6.5,6.39,6.41,1681806,TRY
2015-08-07,6.44,6.46,6.35,6.35,1780719,TRY
2015-08-10,6.37,6.38,6.17,6.24,1859728,TRY
2015-08-11,6.3,6.43,6.29,6.36,1675463,TRY
2015-08-12,6.28,6.38,6.28,6.3,1010266,TRY
2015-08-13,6.3,6.36,6.15,6.3,1659938,TRY
2015-08-14,6.3,6.34,6.22,6.32,1287388,TRY
2015-08-17,6.28,6.28,6.13,6.18,2101791,TRY
2015-08-18,6.12,6.24,6.11,6.16,2186839,TRY
2015-08-19,6.15,6.21,6.05,6.05,1443514,TRY
2015-08-20,6.05,6.1,5.92,6.05,1521600,TRY
2015-08-21,6.02,6.06,5.96,5.98,2285758,TRY
2015-08-24,5.9,5.9,5.54,5.73,2348316,TRY
2015-08-25,5.66,5.88,5.66,5.83,2632418,TRY
2015-08-26,5.82,6.13,5.77,6.05,3845155,TRY
2015-08-27,6.1,6.15,5.92,5.92,3521078,TRY
2015-08-28,5.95,6.02,5.86,5.87,2097502,TRY
2015-08-31,5.86,5.96,5.84,5.88,2278822,TRY
2015-09-01,5.87,5.93,5.78,5.78,2350705,TRY
2015-09-02,5.8,5.9,5.79,5.81,2219227,TRY
2015-09-03,5.83,5.88,5.69,5.7,4225444,TRY
2015-09-04,5.66,5.71,5.61,5.62,2450268,TRY
2015-09-07,5.6,5.6,5.52,5.53,1465812,TRY
2015-09-08,5.55,5.57,5.42,5.45,3649977,TRY
2015-09-09,5.5,5.6,5.47,5.56,8058484,TRY
2015-09-10,5.57,5.67,5.5,5.62,4697264,TRY
2015-09-11,5.64,5.64,5.54,5.57,3313172,TRY
2015-09-14,5.6,5.61,5.54,5.57,2903842,TRY
2015-09-15,5.58,5.59,5.54,5.57,4332051,TRY
2015-09-16,5.59,5.72,5.58,5.67,4671466,TRY
2015-09-17,5.73,5.86,5.73,5.86,3008570,TRY
2015-09-18,5.89,5.91,5.79,5.89,2560872,TRY
2015-09-21,5.89,5.89,5.79,5.81,2832346,TRY
2015-09-22,5.84,5.85,5.73,5.75,2916963,TRY
2015-09-23,5.76,5.81,5.72,5.77,507186,TRY
2015-09-28,5.78,5.8,5.59,5.62,3484071,TRY
2015-09-29,5.58,5.65,5.56,5.62,2963806,TRY
2015-09-30,5.67,5.74,5.65,5.74,3087685,TRY
2015-10-01,5.75,5.8,5.65,5.67,2087094,TRY
2015-10-02,5.7,5.78,5.64,5.76,2330889,TRY
2015-10-05,5.81,5.93,5.79,5.9,1802337,TRY
2015-10-06,5.9,5.96,5.86,5.9,2190483,TRY
2015-10-07,5.9,6.14,5.9,6.14,5156343,TRY
2015-10-08,6.14,6.21,6.09,6.14,3956400,TRY
2015-10-09,6.19,6.25,6.18,6.25,2988084,TRY
2015-10-12,6.25,6.41,6.24,6.29,2157959,TRY
2015-10-13,6.33,6.43,6.27,6.35,4665900,TRY
2015-10-14,6.36,6.42,6.2,6.2,4295122,TRY
2015-10-15,6.24,6.27,6.22,6.22,2129719,TRY
2015-10-16,6.24,6.33,6.19,6.33,5186276,TRY
2015-10-19,6.33,6.35,6.21,6.21,1860695,TRY
2015-10-20,6.23,6.25,6.14,6.25,2968726,TRY
2015-10-21,6.25,6.25,6.07,6.1,2873489,TRY
2015-10-22,6.1,6.11,5.92,5.96,4906037,TRY
2015-10-23,6.01,6.15,6.0,6.07,2450923,TRY
2015-10-26,6.07,6.08,5.99,5.99,1428919,TRY
2015-10-27,6.02,6.04,5.86,5.88,1580822,TRY
2015-10-28,5.88,5.9,5.79,5.84,1228489,TRY
2015-10-30,5.84,6.04,5.77,6.04,3848907,TRY
2015-11-02,6.49,6.49,6.19,6.23,5977686,TRY
2015-11-03,6.25,6.25,6.06,6.16,2410511,TRY
2015-11-04,6.19,6.25,6.08,6.08,3353325,TRY
2015-11-05,6.1,6.16,6.05,6.14,3248335,TRY
2015-11-06,6.13,6.13,6.03,6.03,1454112,TRY
2015-11-09,6.03,6.13,5.99,6.04,1775012,TRY
2015-11-10,6.05,6.11,5.92,5.92,2157694,TRY
2015-11-11,5.94,6.04,5.94,5.97,1839131,TRY
2015-11-12,6.01,6.04,5.91,6.03,2819043,TRY
2015-11-13,5.99,6.03,5.94,5.95,1772363,TRY
2015-11-16,5.93,5.96,5.86,5.88,2277777,TRY
2015-11-17,5.92,5.94,5.87,5.88,3552983,TRY
2015-11-18,5.87,6.0,5.86,5.87,3384299,TRY
2015-11-19,5.9,6.01,5.9,5.98,2886461,TRY
2015-11-20,5.97,6.11,5.97,6.09,2543458,TRY
2015-11-23,6.08,6.14,5.98,6.03,2264479,TRY
2015-11-24,6.01,6.02,5.73,5.73,4540202,TRY
2015-11-25,5.77,5.8,5.66,5.78,2695063,TRY
2015-11-26,5.77,5.78,5.62,5.69,2300457,TRY
2015-11-27,5.64,5.76,5.6,5.65,2846598,TRY
2015-11-30,5.67,5.78,5.66,5.77,3060760,TRY
2015-12-01,5.8,5.8,5.66,5.71,4249997,TRY
2015-12-02,5.76,5.77,5.61,5.62,4694751,TRY
2015-12-03,5.65,5.69,5.52,5.52,2883556,TRY
2015-12-04,5.55,5.55,5.43,5.48,3415749,TRY
2015-12-07,5.49,5.49,5.39,5.4,2563182,TRY
2015-12-08,5.39,5.47,5.32,5.32,2981195,TRY
2015-12-09,5.35,5.51,5.33,5.46,2679521,TRY
2015-12-10,5.47,5.54,5.27,5.31,3515608,TRY
2015-12-11,5.31,5.33,5.19,5.21,3209165,TRY
2015-12-14,5.29,5.35,5.11,5.12,2818474,TRY
2015-12-15,5.17,5.26,5.13,5.23,1836150,TRY
2015-12-16,5.24,5.29,5.14,5.21,3433232,TRY
2015-12-17,5.27,5.36,5.23,5.32,2379395,TRY
2015-12-18,5.29,5.29,5.17,5.17,2752468,TRY
2015-12-21,5.19,5.27,5.18,5.23,2845590,TRY
2015-12-22,5.22,5.23,5.12,5.12,2949300,TRY
2015-12-23,5.15,5.31,5.14,5.29,2196297,TRY
2015-12-24,5.29,5.32,5.26,5.28,765942,TRY
2015-12-25,5.28,5.32,5.26,5.31,186560,TRY
2015-12-28,5.31,5.42,5.29,5.31,1673996,TRY
2015-12-29,5.32,5.34,5.26,5.29,1655398,TRY
2015-12-30,5.29,5.38,5.27,5.28,2497884,TRY
2015-12-31,5.33,5.39,5.14,5.25,3587020,TRY
2016-01-04,5.25,5.25,5.11,5.13,1402867,TRY
2016-01-05,5.15,5.19,5.03,5.15,2676456,TRY
2016-01-06,5.14,5.16,5.04,5.09,5394414,TRY
2016-01-07,5.04,5.07,4.93,5.05,5159596,TRY
2016-01-08,5.06,5.09,4.96,4.96,3491624,TRY
2016-01-11,4.95,5.06,4.92,5.0,2094550,TRY
2016-01-12,5.0,5.19,4.95,5.14,4572938,TRY
2016-01-13,5.14,5.33,5.13,5.27,3426524,TRY
2016-01-14,5.23,5.25,5.12,5.16,3761120,TRY
2016-01-15,5.17,5.17,5.03,5.06,3805920,TRY
2016-01-18,5.08,5.09,4.96,4.98,3070514,TRY
2016-01-19,5.04,5.05,4.95,4.95,3213211,TRY
2016-01-20,4.91,4.93,4.8,4.8,5244541,TRY
2016-01-21,4.8,4.91,4.73,4.82,3442616,TRY
2016-01-22,4.87,4.98,4.86,4.95,2728830,TRY
2016-01-25,5.0,5.01,4.88,4.93,4217480,TRY
2016-01-26,4.89,4.99,4.85,4.98,4539178,TRY
2016-01-27,5.0,5.08,4.98,5.04,5928659,TRY
2016-01-28,5.07,5.16,5.05,5.08,7992210,TRY
2016-01-29,5.13,5.19,5.1,5.19,10565633,TRY
2016-02-01,5.19,5.26,5.13,5.26,6052248,TRY
2016-02-02,5.26,5.27,5.15,5.15,5430598,TRY
2016-02-03,5.11,5.28,5.1,5.2,5109140,TRY
2016-02-04,5.28,5.48,5.24,5.47,9829269,TRY
2016-02-05,5.47,5.54,5.45,5.49,4282822,TRY
2016-02-08,5.49,5.54,5.28,5.29,3454392,TRY
2016-02-09,5.24,5.35,5.16,5.22,5722411,TRY
2016-02-10,5.24,5.33,5.21,5.31,3243270,TRY
2016-02-11,5.26,5.33,5.16,5.25,5508106,TRY
2016-02-12,5.28,5.31,5.2,5.24,2627112,TRY
2016-02-15,5.28,5.34,5.16,5.3,3075271,TRY
2016-02-16,5.38,5.38,5.25,5.25,2048542,TRY
2016-02-17,5.28,5.45,5.25,5.4,2908629,TRY
2016-02-18,5.39,5.57,5.38,5.43,3820151,TRY
2016-02-19,5.43,5.52,5.36,5.4,2486493,TRY
2016-02-22,5.47,5.64,5.45,5.52,3860911,TRY
2016-02-23,5.52,5.58,5.48,5.49,4476676,TRY
2016-02-24,5.51,5.54,5.43,5.49,4562502,TRY
2016-02-25,5.54,5.61,5.52,5.59,3369569,TRY
2016-02-26,5.61,5.73,5.45,5.5,6475154,TRY
2016-02-29,5.46,5.68,5.45,5.54,4383181,TRY
2016-03-01,5.55,5.63,5.54,5.61,2534427,TRY
2016-03-02,5.65,5.68,5.61,5.61,3882654,TRY
2016-03-03,5.63,5.65,5.55,5.57,2972639,TRY
2016-03-04,5.58,5.61,5.54,5.61,3394498,TRY
2016-03-07,5.62,5.68,5.62,5.67,2879166,TRY
2016-03-08,5.67,5.78,5.64,5.73,4265609,TRY
2016-03-09,5.73,5.78,5.67,5.77,3714118,TRY
2016-03-10,5.77,5.99,5.74,5.94,5679703,TRY
2016-03-11,5.97,6.03,5.94,5.95,4401828,TRY
2016-03-14,5.94,5.99,5.85,5.91,5510616,TRY
2016-03-15,5.91,6.03,5.86,5.95,7134961,TRY
2016-03-16,5.99,6.09,5.97,6.02,6058596,TRY
2016-03-17,6.07,6.14,6.05,6.1,4817761,TRY
2016-03-18,6.11,6.26,6.08,6.2,5385826,TRY
2016-03-21,6.22,6.33,6.17,6.31,4455050,TRY
2016-03-22,6.32,6.41,6.24,6.41,6684758,TRY
2016-03-23,6.4,6.4,6.27,6.39,6829928,TRY
2016-03-24,6.38,6.38,6.22,6.26,6305041,TRY
2016-03-25,6.27,6.43,6.25,6.43,1639529,TRY
2016-03-28,6.41,6.47,6.38,6.41,802058,TRY
2016-03-29,6.43,6.46,6.3,6.34,6379094,TRY
2016-03-30,6.36,6.46,6.36,6.42,5423214,TRY
2016-03-31,6.42,6.49,6.39,6.42,3561340,TRY
2016-04-01,6.42,6.47,6.33,6.43,4091691,TRY
2016-04-04,6.47,6.51,6.43,6.51,2061014,TRY
2016-04-05,6.5,6.51,6.29,6.38,4102751,TRY
2016-04-06,6.4,6.43,6.28,6.32,4679333,TRY
2016-04-07,6.37,6.4,6.2,6.2,2213012,TRY
2016-04-08,6.22,6.43,6.22,6.4,2383445,TRY
2016-04-11,6.4,6.46,6.32,6.41,3190309,TRY
2016-04-12,6.41,6.52,6.38,6.42,3551757,TRY
2016-04-13,6.46,6.52,6.43,6.5,2875826,TRY
2016-04-14,6.52,6.52,6.38,6.42,3630261,TRY
2016-04-15,6.47,6.57,6.43,6.57,3290413,TRY
2016-04-18,6.54,6.73,6.53,6.57,6292212,TRY
2016-04-19,6.6,6.73,6.6,6.73,5451628,TRY
2016-04-20,6.75,6.77,6.67,6.73,5890824,TRY
2016-04-21,6.72,6.72,6.25,6.35,8727368,TRY
2016-04-22,6.36,6.4,6.27,6.36,5520729,TRY
2016-04-25,6.33,6.38,6.19,6.24,5369729,TRY
2016-04-26,6.24,6.4,6.24,6.39,3137364,TRY
2016-04-27,6.42,6.43,6.28,6.28,2870204,TRY
2016-04-28,6.28,6.44,6.27,6.44,3661242,TRY
2016-04-29,6.43,6.53,6.4,6.5,2129847,TRY
2016-05-02,6.5,6.52,6.3,6.31,2413932,TRY
2016-05-03,6.33,6.36,6.12,6.16,4372549,TRY
2016-05-04,6.17,6.18,5.94,6.04,4182878,TRY
2016-05-05,5.94,6.03,5.86,5.94,3625037,TRY
2016-05-06,5.98,6.01,5.8,5.93,4189622,TRY
2016-05-09,5.96,6.02,5.93,6.0,2499683,TRY
2016-05-10,5.99,6.1,5.98,6.08,6489976,TRY
2016-05-11,6.08,6.1,5.96,5.99,2418650,TRY
2016-05-12,6.02,6.08,5.97,5.97,3071702,TRY
2016-05-13,5.91,6.02,5.89,5.96,2135628,TRY
2016-05-16,5.93,5.98,5.83,5.88,1809743,TRY
2016-05-17,5.94,5.97,5.83,5.87,3211556,TRY
2016-05-18,5.88,5.89,5.77,5.78,3759109,TRY
2016-05-20,5.76,5.84,5.76,5.79,3703315,TRY
2016-05-23,5.8,5.92,5.8,5.87,1198454,TRY
2016-05-24,5.82,5.98,5.78,5.93,4952695,TRY
2016-05-25,5.95,6.09,5.95,6.06,3881267,TRY
2016-05-26,6.06,6.06,5.96,6.02,2465823,TRY
2016-05-27,6.02,6.03,5.88,5.91,3382266,TRY
2016-05-30,5.93,6.0,5.9,5.95,1406184,TRY
2016-05-31,6.0,6.08,5.98,6.03,3749405,TRY
2016-06-01,6.01,6.02,5.83,5.85,3941037,TRY
2016-06-02,5.88,5.93,5.8,5.8,2980272,TRY
2016-06-03,5.81,6.05,5.81,6.0,3194137,TRY
2016-06-06,6.01,6.09,5.98,6.03,1714481,TRY
2016-06-07,6.07,6.18,6.04,6.06,6018572,TRY
2016-06-08,6.07,6.16,5.98,6.08,4514677,TRY
2016-06-09,6.08,6.11,6.02,6.05,4755748,TRY
2016-06-10,6.04,6.04,5.93,5.98,1797717,TRY
2016-06-13,5.92,5.98,5.83,5.93,2458510,TRY
2016-06-14,5.94,5.96,5.8,5.82,3945458,TRY
2016-06-15,5.86,5.94,5.84,5.92,2058241,TRY
2016-06-16,5.9,5.91,5.76,5.79,3310847,TRY
2016-06-17,5.85,5.91,5.79,5.87,2676746,TRY
2016-06-20,5.94,6.05,5.94,6.05,2368689,TRY
2016-06-21,6.06,6.07,5.95,5.96,1868242,TRY
2016-06-22,5.98,6.05,5.95,5.97,1832124,TRY
2016-06-23,5.98,6.05,5.92,6.05,1701413,TRY
2016-06-24,5.9,5.9,5.73,5.87,3432897,TRY
2016-06-27,5.86,5.92,5.77,5.83,4663761,TRY
2016-06-28,5.87,5.97,5.87,5.95,2270945,TRY
2016-06-29,5.94,6.07,5.92,6.02,2772053,TRY
2016-06-30,6.03,6.09,5.98,6.05,3258266,TRY
2016-07-01,6.05,6.13,6.05,6.11,1893818,TRY
2016-07-04,6.11,6.14,6.1,6.1,275803,TRY
2016-07-08,6.05,6.26,6.04,6.2,4532067,TRY
2016-07-11,6.25,6.4,6.25,6.36,2259071,TRY
2016-07-12,6.37,6.44,6.33,6.44,2369558,TRY
2016-07-13,6.44,6.46,6.3,6.42,5492960,TRY
2016-07-14,6.46,6.58,6.41,6.53,2691543,TRY
2016-07-15,6.53,6.63,6.51,6.57,1698830,TRY
2016-07-18,6.47,6.55,6.15,6.29,4424059,TRY
2016-07-19,6.21,6.45,6.17,6.2,2309289,TRY
2016-07-20,6.19,6.35,6.01,6.04,4058511,TRY
2016-07-21,6.02,6.04,5.75,5.8,5591732,TRY
2016-07-22,5.83,6.02,5.71,5.85,3362718,TRY
2016-07-25,5.87,6.15,5.86,6.06,3261424,TRY
2016-07-26,6.09,6.11,5.94,5.99,4449225,TRY
2016-07-27,5.97,6.14,5.96,6.11,4030654,TRY
2016-07-28,6.12,6.2,6.08,6.16,1554289,TRY
2016-07-29,6.15,6.17,6.04,6.04,3277478,TRY
2016-08-01,6.11,6.25,6.09,6.22,2195728,TRY
2016-08-02,6.22,6.26,6.12,6.12,4140647,TRY
2016-08-03,6.12,6.13,5.93,5.93,4858805,TRY
2016-08-04,5.98,6.07,5.92,6.04,3001113,TRY
2016-08-05,6.06,6.1,5.94,6.0,2112905,TRY
2016-08-08,6.17,6.17,5.98,6.04,2701904,TRY
2016-08-09,6.04,6.05,5.93,6.0,8990649,TRY
2016-08-10,6.02,6.07,5.96,6.05,3848859,TRY
2016-08-11,6.06,6.13,6.02,6.1,3148671,TRY
2016-08-12,6.12,6.14,6.02,6.13,2151365,TRY
2016-08-15,6.15,6.19,6.05,6.06,2322470,TRY
2016-08-16,6.08,6.09,6.0,6.02,1340393,TRY
2016-08-17,6.03,6.11,6.01,6.08,1496168,TRY
2016-08-18,6.07,6.16,6.0,6.01,2603134,TRY
2016-08-19,6.02,6.04,5.97,6.03,1691796,TRY
2016-08-22,6.0,6.04,5.99,6.02,916929,TRY
2016-08-23,6.05,6.05,5.97,5.99,2231204,TRY
2016-08-24,5.9,5.91,5.82,5.91,2242656,TRY
2016-08-25,5.94,5.97,5.91,5.94,2907632,TRY
2016-08-26,5.93,6.02,5.93,6.0,5243989,TRY
2016-08-29,5.96,6.03,5.86,5.88,3134437,TRY
2016-08-31,5.9,6.04,5.88,5.97,7267458,TRY
2016-09-01,5.96,6.01,5.85,5.85,2606528,TRY
2016-09-02,5.88,5.96,5.86,5.96,1854981,TRY
2016-09-05,5.99,6.01,5.9,5.93,5275798,TRY
2016-09-06,5.94,5.96,5.92,5.92,2403810,TRY
2016-09-07,5.9,5.93,5.9,5.9,1723694,TRY
2016-09-08,5.93,5.93,5.84,5.84,1693126,TRY
2016-09-09,5.84,5.84,5.75,5.75,2024711,TRY
2016-09-16,5.76,5.82,5.67,5.7,5906242,TRY
2016-09-19,5.72,5.8,5.7,5.77,8628327,TRY
2016-09-20,5.78,5.81,5.75,5.81,1921210,TRY
2016-09-21,5.8,5.88,5.75,5.84,2481680,TRY
2016-09-22,5.91,5.92,5.86,5.89,3783839,TRY
2016-09-23,5.91,5.93,5.86,5.86,2537886,TRY
2016-09-26,5.68,5.8,5.64,5.77,3962606,TRY
2016-09-27,5.79,5.81,5.68,5.74,4296055,TRY
2016-09-28,5.72,5.77,5.68,5.69,4664959,TRY
2016-09-29,5.7,5.76,5.68,5.71,6474319,TRY
2016-09-30,5.68,5.73,5.67,5.67,3783817,TRY
2016-10-03,5.69,5.72,5.65,5.66,2482666,TRY
2016-10-04,5.67,5.71,5.65,5.68,3973182,TRY
2016-10-05,5.67,5.7,5.64,5.68,2992583,TRY
2016-10-06,5.71,5.76,5.69,5.71,4214806,TRY
2016-10-07,5.71,5.75,5.69,5.7,4104542,TRY
2016-10-10,5.72,5.74,5.66,5.67,2529674,TRY
2016-10-11,5.69,5.69,5.6,5.62,5867646,TRY
2016-10-12,5.63,5.71,5.6,5.65,5626692,TRY
2016-10-13,5.64,5.65,5.55,5.56,4613552,TRY
2016-10-14,5.57,5.59,5.5,5.53,7851342,TRY
2016-10-17,5.54,5.68,5.52,5.6,5944966,TRY
2016-10-18,5.63,5.67,5.62,5.62,6045282,TRY
2016-10-19,5.65,5.69,5.62,5.65,4643756,TRY
2016-10-20,5.65,5.74,5.65,5.73,6544964,TRY
2016-10-21,5.8,5.85,5.76,5.83,10197494,TRY
2016-10-24,5.86,5.9,5.8,5.86,3737261,TRY
2016-10-25,5.86,5.91,5.82,5.87,4357857,TRY
2016-10-26,5.85,5.91,5.81,5.83,9288373,TRY
2016-10-27,5.83,5.96,5.82,5.89,6669912,TRY
2016-10-28,5.9,5.91,5.81,5.81,2535554,TRY
2016-10-31,5.82,5.84,5.68,5.72,5606670,TRY
2016-11-01,5.7,5.79,5.61,5.63,4138132,TRY
2016-11-02,5.61,5.65,5.6,5.62,2589816,TRY
2016-11-03,5.62,5.72,5.61,5.69,3520971,TRY
2016-11-04,5.61,5.68,5.53,5.55,8028706,TRY
2016-11-07,5.58,5.65,5.58,5.59,2703286,TRY
2016-11-08,5.6,5.85,5.59,5.83,6286173,TRY
2016-11-09,5.7,5.78,5.66,5.77,4926632,TRY
2016-11-10,5.88,5.9,5.57,5.57,7698672,TRY
2016-11-11,5.56,5.58,5.41,5.42,10193562,TRY
2016-11-14,5.42,5.48,5.39,5.39,3202600,TRY
2016-11-15,5.45,5.65,5.45,5.62,8431197,TRY
2016-11-16,5.63,5.64,5.51,5.57,4709668,TRY
2016-11-17,5.6,5.64,5.54,5.55,3571607,TRY
2016-11-18,5.51,5.65,5.5,5.61,3703820,TRY
2016-11-21,5.6,5.76,5.59,5.7,4010763,TRY
2016-11-22,5.68,5.7,5.61,5.63,2711285,TRY
2016-11-23,5.63,5.64,5.54,5.6,5632349,TRY
2016-11-24,5.56,5.72,5.52,5.54,3501454,TRY
2016-11-25,5.52,5.58,5.49,5.52,2228898,TRY
2016-11-28,5.55,5.63,5.55,5.56,2376431,TRY
2016-11-29,5.53,5.59,5.48,5.59,4830537,TRY
2016-11-30,5.6,5.62,5.48,5.53,11540992,TRY
2016-12-01,5.5,5.51,5.05,5.1,12473101,TRY
2016-12-02,5.2,5.21,4.99,5.18,6257622,TRY
2016-12-05,5.17,5.23,5.1,5.1,3177513,TRY
2016-12-06,5.15,5.2,5.1,5.17,4937102,TRY
2016-12-07,5.17,5.2,5.11,5.18,3737465,TRY
2016-12-08,5.2,5.23,5.14,5.22,3421703,TRY
2016-12-09,5.22,5.23,5.14,5.21,4803083,TRY
2016-12-12,5.17,5.26,5.13,5.24,2430078,TRY
2016-12-13,5.28,5.28,5.16,5.17,5221626,TRY
2016-12-14,5.18,5.21,5.14,5.2,4133181,TRY
2016-12-15,5.16,5.28,5.15,5.28,4057071,TRY
2016-12-16,5.32,5.32,5.26,5.3,3615474,TRY
2016-12-19,5.3,5.31,5.27,5.28,2340505,TRY
2016-12-20,5.26,5.3,5.25,5.26,2656252,TRY
2016-12-21,5.27,5.29,5.19,5.21,2805711,TRY
2016-12-22,5.22,5.23,5.16,5.17,2378510,TRY
2016-12-23,5.17,5.18,5.13,5.14,1780495,TRY
2016-12-26,5.16,5.19,5.15,5.17,838690,TRY
2016-12-27,5.17,5.19,5.16,5.16,683212,TRY
2016-12-28,5.16,5.21,5.15,5.19,2251040,TRY
2016-12-29,5.19,5.43,5.19,5.36,14282655,TRY
2016-12-30,5.36,5.37,5.24,5.28,3779794,TRY
2017-01-02,5.26,5.35,5.24,5.32,2070474,TRY
2017-01-03,5.32,5.35,5.27,5.31,4077738,TRY
2017-01-04,5.33,5.35,5.22,5.26,2690340,TRY
2017-01-05,5.28,5.3,5.19,5.27,3050018,TRY
2017-01-06,5.26,5.27,5.23,5.24,2685885,TRY
2017-01-09,5.21,5.24,5.15,5.24,4866427,TRY
2017-01-10,5.23,5.23,5.14,5.16,5960489,TRY
2017-01-11,5.13,5.22,5.1,5.19,7068779,TRY
2017-01-12,5.24,5.41,5.2,5.4,9252934,TRY
2017-01-13,5.4,5.43,5.35,5.43,4577376,TRY
2017-01-16,5.45,5.5,5.36,5.48,7967545,TRY
2017-01-17,5.51,5.54,5.47,5.5,5352558,TRY
2017-01-18,5.5,5.61,5.48,5.55,8151465,TRY
2017-01-19,5.56,5.58,5.48,5.51,3550257,TRY
2017-01-20,5.49,5.53,5.48,5.52,2508926,TRY
2017-01-23,5.55,5.62,5.54,5.62,3061785,TRY
2017-01-24,5.62,5.79,5.62,5.76,4678048,TRY
2017-01-25,5.76,5.77,5.62,5.63,4855241,TRY
2017-01-26,5.65,5.68,5.61,5.66,2558297,TRY
2017-01-27,5.62,5.7,5.61,5.64,3854833,TRY
2017-01-30,5.65,5.74,5.65,5.72,4888071,TRY
2017-01-31,5.72,5.75,5.63,5.63,3964555,TRY
2017-02-01,5.64,5.65,5.55,5.6,3468155,TRY
2017-02-02,5.61,5.66,5.41,5.51,10736448,TRY
2017-02-03,5.51,5.53,5.46,5.5,14083133,TRY
2017-02-06,5.55,5.64,5.53,5.58,6790486,TRY
2017-02-07,5.56,5.6,5.54,5.57,2996206,TRY
2017-02-08,5.56,5.62,5.52,5.55,7229073,TRY
2017-02-09,5.52,5.69,5.47,5.66,10375350,TRY
2017-02-10,5.69,5.72,5.58,5.6,3934969,TRY
2017-02-13,5.61,5.68,5.57,5.67,4236475,TRY
2017-02-14,5.67,5.77,5.62,5.69,5367377,TRY
2017-02-15,5.69,5.74,5.67,5.71,3278315,TRY
2017-02-16,5.73,5.74,5.67,5.7,3031496,TRY
2017-02-17,5.72,5.79,5.71,5.79,4701991,TRY
2017-02-20,5.82,5.85,5.8,5.84,4039267,TRY
2017-02-21,5.85,5.9,5.74,5.77,6849412,TRY
2017-02-22,5.79,5.84,5.78,5.81,3976651,TRY
2017-02-23,5.81,5.86,5.78,5.8,3789778,TRY
2017-02-24,5.8,5.81,5.69,5.74,2974387,TRY
2017-02-27,5.75,5.75,5.69,5.73,1610177,TRY
2017-02-28,5.74,5.78,5.69,5.76,3192585,TRY
2017-03-01,5.76,5.82,5.74,5.8,3132670,TRY
2017-03-02,5.81,5.83,5.75,5.79,4660386,TRY
2017-03-03,5.78,5.78,5.73,5.75,1631984,TRY
2017-03-06,5.79,5.82,5.76,5.76,1996481,TRY
2017-03-07,5.77,5.78,5.71,5.77,2047706,TRY
2017-03-08,5.77,5.78,5.69,5.7,1761832,TRY
2017-03-09,5.71,5.74,5.65,5.73,1238897,TRY
2017-03-10,5.73,5.75,5.71,5.72,1992745,TRY
2017-03-13,5.7,5.73,5.67,5.7,1563876,TRY
2017-03-14,5.71,5.72,5.67,5.68,2773494,TRY
2017-03-15,5.7,5.78,5.68,5.71,3021381,TRY
2017-03-16,5.76,5.82,5.73,5.77,4695545,TRY
2017-03-17,5.83,5.88,5.78,5.83,8079408,TRY
2017-03-20,5.82,5.87,5.79,5.82,3825134,TRY
2017-03-21,5.83,5.93,5.81,5.87,7143909,TRY
2017-03-22,5.82,5.89,5.79,5.82,2672701,TRY
2017-03-23,5.83,5.85,5.79,5.85,2097129,TRY
2017-03-24,5.85,5.87,5.8,5.85,1618661,TRY
2017-03-27,5.84,5.9,5.81,5.9,3412620,TRY
2017-03-28,5.92,5.98,5.88,5.94,8326184,TRY
2017-03-29,5.94,5.94,5.89,5.94,2335225,TRY
2017-03-30,5.96,5.99,5.89,5.96,2095201,TRY
2017-03-31,5.95,5.97,5.89,5.9,3511313,TRY
2017-04-03,5.91,6.04,5.87,5.95,12175403,TRY
2017-04-04,5.95,6.04,5.94,5.99,7665298,TRY
2017-04-05,6.01,6.02,5.92,5.96,2404429,TRY
2017-04-06,5.91,5.94,5.88,5.89,3364659,TRY
2017-04-07,5.87,5.97,5.85,5.9,7569448,TRY
2017-04-10,5.94,5.94,5.87,5.9,4547925,TRY
2017-04-11,5.9,5.95,5.89,5.9,2904930,TRY
2017-04-12,5.9,5.92,5.83,5.88,3924319,TRY
2017-04-13,5.87,5.92,5.86,5.92,4164606,TRY
2017-04-14,5.93,5.93,5.82,5.82,985988,TRY
2017-04-17,5.86,5.89,5.81,5.82,1063573,TRY
2017-04-18,5.82,5.92,5.82,5.89,19180772,TRY
2017-04-19,5.89,5.93,5.82,5.85,3211873,TRY
2017-04-20,5.85,5.95,5.84,5.94,5421267,TRY
2017-04-21,5.96,6.0,5.95,5.97,4524865,TRY
2017-04-24,5.99,6.02,5.96,5.97,4443370,TRY
2017-04-25,6.0,6.03,5.96,6.03,2785991,TRY
2017-04-26,6.15,6.43,6.15,6.36,10028566,TRY
2017-04-27,6.37,6.38,6.25,6.33,3883431,TRY
2017-04-28,6.34,6.42,6.28,6.38,4590159,TRY
2017-05-02,6.39,6.4,6.2,6.2,3932057,TRY
2017-05-03,6.2,6.33,6.2,6.3,2809462,TRY
2017-05-04,6.31,6.32,6.15,6.19,5609194,TRY
2017-05-05,6.15,6.25,6.15,6.25,2408809,TRY
2017-05-08,6.26,6.3,6.23,6.26,2746891,TRY
2017-05-09,6.24,6.29,6.18,6.23,4204865,TRY
2017-05-10,6.23,6.33,6.23,6.29,3529177,TRY
2017-05-11,6.29,6.3,6.19,6.25,3230891,TRY
2017-05-12,6.26,6.27,6.2,6.23,1877038,TRY
2017-05-15,6.26,6.28,6.19,6.25,1310388,TRY
2017-05-16,6.3,6.3,6.22,6.23,2366963,TRY
2017-05-17,6.21,6.25,6.14,6.17,2820309,TRY
2017-05-18,6.17,6.17,6.06,6.13,3165522,TRY
2017-05-22,6.17,6.28,6.14,6.28,3341710,TRY
2017-05-23,6.24,6.3,6.22,6.27,4248912,TRY
2017-05-24,6.27,6.38,6.26,6.34,5512886,TRY
2017-05-25,6.35,6.42,6.31,6.42,4584247,TRY
2017-05-26,6.44,6.51,6.38,6.5,2742450,TRY
2017-05-29,6.51,6.53,6.44,6.44,863005,TRY
2017-05-30,6.45,6.49,6.37,6.43,2447046,TRY
2017-05-31,6.46,6.52,6.42,6.45,2958315,TRY
2017-06-01,6.48,6.48,6.35,6.4,2642819,TRY
2017-06-02,6.5,6.5,6.36,6.38,3497786,TRY
2017-06-05,6.4,6.45,6.35,6.35,5282113,TRY
2017-06-06,6.35,6.43,6.28,6.4,1676924,TRY
2017-06-07,6.43,6.43,6.21,6.27,3748184,TRY
2017-06-08,6.3,6.3,6.19,6.22,2985314,TRY
2017-06-09,6.26,6.31,6.24,6.29,2056815,TRY
2017-06-12,6.31,6.31,6.22,6.3,1754628,TRY
2017-06-13,6.31,6.35,6.28,6.3,2189714,TRY
2017-06-14,6.36,6.39,6.28,6.3,3128346,TRY
2017-06-15,6.29,6.3,6.19,6.21,2030554,TRY
2017-06-16,6.22,6.25,6.15,6.19,2240772,TRY
2017-06-19,6.18,6.29,6.18,6.24,1938101,TRY
2017-06-20,6.27,6.27,6.2,6.22,1404138,TRY
2017-06-21,6.23,6.27,6.2,6.26,1169830,TRY
2017-06-22,6.28,6.29,6.23,6.27,1963136,TRY
2017-06-23,6.28,6.34,6.25,6.29,2971709,TRY
2017-06-28,6.24,6.3,6.21,6.28,2250578,TRY
2017-06-29,6.29,6.31,6.24,6.3,1947297,TRY
2017-06-30,6.26,6.31,6.23,6.24,3513384,TRY
2017-07-03,6.28,6.3,6.21,6.23,1547828,TRY
2017-07-04,6.24,6.26,6.19,6.2,2373272,TRY
2017-07-05,6.2,6.23,6.12,6.13,4021671,TRY
2017-07-06,6.13,6.15,6.03,6.05,3084145,TRY
2017-07-07,6.06,6.14,6.05,6.09,1698355,TRY
2017-07-10,6.11,6.14,6.09,6.11,1233251,TRY
2017-07-11,6.11,6.2,6.08,6.2,2493934,TRY
2017-07-12,6.19,6.24,6.17,6.21,3103131,TRY
2017-07-13,6.24,6.42,6.2,6.34,6269533,TRY
2017-07-14,6.36,6.43,6.33,6.33,1916460,TRY
2017-07-17,6.34,6.61,6.33,6.59,3747442,TRY
2017-07-18,6.59,6.59,6.49,6.5,1418551,TRY
2017-07-19,6.54,6.8,6.51,6.75,5342320,TRY
2017-07-20,6.75,6.98,6.74,6.9,4875040,TRY
2017-07-21,6.9,6.94,6.81,6.91,2749910,TRY
2017-07-24,6.95,7.1,6.92,6.95,1993773,TRY
2017-07-25,7.06,7.07,6.96,7.01,2315758,TRY
2017-07-26,7.25,7.28,7.11,7.16,7190070,TRY
2017-07-27,7.21,7.28,7.19,7.27,5232782,TRY
2017-07-28,7.29,7.33,7.21,7.27,4394782,TRY
2017-07-31,7.27,7.29,7.22,7.25,2421630,TRY
2017-08-01,7.3,7.3,7.07,7.11,2047020,TRY
2017-08-02,7.15,7.15,7.02,7.12,2761182,TRY
2017-08-03,7.09,7.11,7.02,7.03,2372665,TRY
2017-08-04,7.03,7.09,7.0,7.03,2311550,TRY
2017-08-07,7.04,7.09,6.99,7.06,2721652,TRY
2017-08-08,7.06,7.11,7.01,7.07,2200488,TRY
2017-08-09,7.03,7.17,7.02,7.14,2346601,TRY
2017-08-10,7.18,7.21,7.12,7.18,1480864,TRY
2017-08-11,7.11,7.12,7.01,7.06,2197571,TRY
2017-08-14,7.16,7.16,7.06,7.12,2028483,TRY
2017-08-15,7.16,7.32,7.0,7.05,2097409,TRY
2017-08-16,7.06,7.17,6.81,7.03,3665770,TRY
2017-08-17,7.06,7.1,6.99,7.08,3597894,TRY
2017-08-18,7.02,7.03,6.98,7.02,2473280,TRY
2017-08-21,7.01,7.1,6.99,7.07,1452601,TRY
2017-08-22,7.1,7.11,7.01,7.08,1363409,TRY
2017-08-23,7.07,7.08,7.02,7.04,1112111,TRY
2017-08-24,7.04,7.12,7.03,7.09,2483608,TRY
2017-08-25,7.09,7.1,7.02,7.03,2301586,TRY
2017-08-28,7.08,7.35,7.06,7.3,3274958,TRY
2017-08-29,7.3,7.38,7.24,7.32,3608459,TRY
2017-08-31,7.33,7.35,7.18,7.18,2243005,TRY
2017-09-05,7.21,7.22,7.06,7.11,3153876,TRY
2017-09-06,7.11,7.2,7.07,7.15,1597356,TRY
2017-09-07,7.15,7.19,7.09,7.15,2516375,TRY
2017-09-08,7.14,7.16,6.98,6.98,1455155,TRY
2017-09-11,6.98,7.11,6.97,7.03,2607999,TRY
2017-09-12,7.02,7.04,6.94,6.98,2994387,TRY
2017-09-13,6.96,7.0,6.92,6.92,1754977,TRY
2017-09-14,6.92,6.95,6.78,6.78,3918280,TRY
2017-09-15,6.79,6.8,6.56,6.56,7284660,TRY
2017-09-18,6.56,6.64,6.56,6.64,2737995,TRY
2017-09-19,6.63,6.65,6.51,6.58,2338199,TRY
2017-09-20,6.58,6.68,6.49,6.61,2195804,TRY
2017-09-21,6.67,6.68,6.54,6.62,1693718,TRY
2017-09-22,6.66,6.68,6.55,6.57,1200675,TRY
2017-09-25,6.58,6.58,6.31,6.41,3218500,TRY
2017-09-26,6.42,6.53,6.32,6.49,4500287,TRY
2017-09-27,6.45,6.47,6.34,6.42,2081304,TRY
2017-09-28,6.38,6.72,6.36,6.66,5647401,TRY
2017-09-29,6.66,6.84,6.52,6.79,3787945,TRY
2017-10-02,6.76,6.79,6.64,6.66,2886155,TRY
2017-10-03,6.65,6.65,6.55,6.63,1692253,TRY
2017-10-04,6.61,6.63,6.57,6.6,2060380,TRY
2017-10-05,6.58,6.86,6.58,6.86,4687211,TRY
2017-10-06,6.88,6.89,6.69,6.72,3398469,TRY
2017-10-09,6.66,6.67,6.28,6.47,2932595,TRY
2017-10-10,6.58,6.6,6.48,6.57,1435736,TRY
2017-10-11,6.57,6.7,6.57,6.62,1788586,TRY
2017-10-12,6.74,6.89,6.61,6.89,12353999,TRY
2017-10-13,6.88,6.88,6.74,6.81,1601031,TRY
2017-10-16,6.84,6.85,6.63,6.68,2577126,TRY
2017-10-17,6.68,6.9,6.67,6.81,3033741,TRY
2017-10-18,6.97,6.97,6.66,6.73,2692813,TRY
2017-10-19,6.72,6.85,6.71,6.78,2443195,TRY
2017-10-20,6.78,6.8,6.72,6.77,2710948,TRY
2017-10-23,6.75,6.76,6.66,6.72,1986362,TRY
2017-10-24,6.71,6.72,6.5,6.64,3670196,TRY
2017-10-25,6.64,6.66,6.36,6.37,14362515,TRY
2017-10-26,6.38,6.43,6.32,6.38,11319191,TRY
2017-10-27,6.36,6.37,6.26,6.28,4472625,TRY
2017-10-30,6.31,6.31,6.2,6.25,18139886,TRY
2017-10-31,6.29,6.45,6.27,6.45,10825630,TRY
2017-11-01,6.48,6.62,6.38,6.57,10969331,TRY
2017-11-02,6.64,6.75,6.51,6.51,7437513,TRY
2017-11-03,6.53,6.55,6.26,6.32,5954473,TRY
2017-11-06,6.39,6.44,6.23,6.4,7131823,TRY
2017-11-07,6.4,6.55,6.33,6.37,7631378,TRY
2017-11-08,6.39,6.49,6.25,6.29,6561450,TRY
2017-11-09,6.3,6.32,6.13,6.15,3855761,TRY
2017-11-10,6.18,6.19,5.95,5.97,5301152,TRY
2017-11-13,6.02,6.03,5.9,5.93,2507111,TRY
2017-11-14,5.94,6.04,5.86,5.97,2783931,TRY
2017-11-15,5.97,5.99,5.76,5.76,3131715,TRY
2017-11-16,5.78,5.97,5.77,5.84,3692068,TRY
2017-11-17,5.88,5.92,5.7,5.77,2181575,TRY
2017-11-20,5.78,5.81,5.62,5.68,1569435,TRY
2017-11-21,5.63,5.8,5.61,5.67,5223024,TRY
2017-11-22,5.7,5.71,5.49,5.67,4400526,TRY
2017-11-23,5.72,5.79,5.63,5.68,4531720,TRY
2017-11-24,5.65,5.68,5.55,5.55,3939119,TRY
2017-11-27,5.57,5.65,5.48,5.64,2703221,TRY
2017-11-28,5.62,5.65,5.33,5.33,5371807,TRY
2017-11-29,5.35,5.37,5.24,5.3,4700059,TRY
2017-11-30,5.32,5.69,5.32,5.69,8889418,TRY
2017-12-01,5.69,5.87,5.6,5.76,6411209,TRY
2017-12-04,5.8,5.84,5.6,5.63,4302510,TRY
2017-12-05,5.68,5.81,5.67,5.81,5967300,TRY
2017-12-06,5.81,6.08,5.78,5.94,12091804,TRY
2017-12-07,6.0,6.23,5.98,6.14,17902594,TRY
2017-12-08,6.17,6.2,6.01,6.12,8077442,TRY
2017-12-11,6.17,6.3,6.13,6.23,9970754,TRY
2017-12-12,6.23,6.26,6.13,6.17,7252436,TRY
2017-12-13,6.2,6.2,6.07,6.12,5104846,TRY
2017-12-14,6.13,6.32,6.12,6.17,24308670,TRY
2017-12-15,6.19,6.4,6.15,6.32,17065630,TRY
2017-12-18,6.38,6.4,6.26,6.26,9967584,TRY
2017-12-19,6.29,6.46,6.26,6.39,14291026,TRY
2017-12-20,6.39,6.48,6.31,6.32,9236851,TRY
2017-12-21,6.36,6.42,6.29,6.32,8057983,TRY
2017-12-22,6.34,6.37,6.3,6.31,3165082,TRY
2017-12-25,6.35,6.36,6.3,6.33,1477077,TRY
2017-12-26,6.34,6.37,6.3,6.31,1716766,TRY
2017-12-27,6.31,6.32,6.25,6.29,2358511,TRY
2017-12-28,6.3,6.44,6.3,6.43,6836740,TRY
2017-12-29,6.44,6.51,6.42,6.44,5127416,TRY
2018-01-02,6.18,6.44,6.15,6.4,6369755,TRY
2018-01-03,6.43,6.48,6.29,6.31,3604182,TRY
2018-01-04,6.31,6.37,6.27,6.35,2838106,TRY
2018-01-05,6.35,6.42,6.32,6.39,3483177,TRY
2018-01-08,6.41,6.55,6.41,6.47,4227612,TRY
2018-01-09,6.46,6.5,6.3,6.32,4155025,TRY
2018-01-10,6.29,6.31,6.15,6.22,3672406,TRY
2018-01-11,6.26,6.28,6.12,6.16,4172353,TRY
2018-01-12,6.18,6.26,6.17,6.17,5010006,TRY
2018-01-15,6.18,6.27,6.05,6.07,4416371,TRY
2018-01-16,6.02,6.22,6.02,6.22,2794793,TRY
2018-01-17,6.22,6.36,6.16,6.36,4289608,TRY
2018-01-18,6.4,6.44,6.27,6.4,5100868,TRY
2018-01-19,6.39,6.39,6.18,6.21,3489284,TRY
2018-01-22,6.21,6.35,6.16,6.32,4805655,TRY
2018-01-23,6.43,6.82,6.41,6.76,14813629,TRY
2018-01-24,6.78,6.98,6.7,6.79,17144802,TRY
2018-01-25,6.78,6.78,6.55,6.56,5927118,TRY
2018-01-26,6.6,6.66,6.46,6.48,3615179,TRY
2018-01-29,6.55,6.56,6.33,6.5,4562562,TRY
2018-01-30,6.43,6.57,6.39,6.43,4802356,TRY
2018-01-31,6.44,6.47,6.32,6.34,3046359,TRY
2018-02-01,6.32,6.45,6.29,6.32,3596894,TRY
2018-02-02,6.32,6.36,6.23,6.28,3101837,TRY
2018-02-05,6.28,6.35,6.22,6.32,3328092,TRY
2018-02-06,6.1,6.22,6.0,6.17,4390198,TRY
2018-02-07,6.6,6.6,6.34,6.39,26722508,TRY
2018-02-08,6.45,6.55,6.28,6.48,8194699,TRY
2018-02-09,6.37,6.44,6.1,6.22,10467910,TRY
2018-02-12,6.24,6.27,6.15,6.19,5886152,TRY
2018-02-13,6.2,6.23,6.02,6.05,5037385,TRY
2018-02-14,6.09,6.12,5.94,5.98,6252343,TRY
2018-02-15,6.01,6.17,6.0,6.16,5497552,TRY
2018-02-16,6.19,6.25,6.16,6.16,5531288,TRY
2018-02-19,6.2,6.23,6.13,6.19,3890225,TRY
2018-02-20,6.2,6.29,6.13,6.17,4447014,TRY
2018-02-21,6.17,6.26,6.17,6.26,3880663,TRY
2018-02-22,6.23,6.34,6.23,6.28,7089365,TRY
2018-02-23,6.32,6.48,6.31,6.46,6101124,TRY
2018-02-26,6.51,6.65,6.44,6.62,7697421,TRY
2018-02-27,6.63,6.67,6.47,6.5,6237024,TRY
2018-02-28,6.49,6.6,6.44,6.54,5510818,TRY
2018-03-01,6.54,6.74,6.52,6.58,11288322,TRY
2018-03-02,6.58,6.73,6.55,6.7,7297871,TRY
2018-03-05,6.72,6.82,6.68,6.74,11786332,TRY
2018-03-06,6.78,6.97,6.78,6.85,10720513,TRY
2018-03-07,6.85,6.9,6.79,6.83,5125865,TRY
2018-03-08,6.89,6.92,6.76,6.82,5571305,TRY
2018-03-09,6.83,6.93,6.79,6.85,4734989,TRY
2018-03-12,6.89,6.96,6.88,6.92,3686499,TRY
2018-03-13,6.92,7.12,6.83,7.09,8950679,TRY
2018-03-14,7.14,7.15,6.91,6.92,4929987,TRY
2018-03-15,6.95,7.03,6.86,6.9,4783596,TRY
2018-03-16,6.93,7.05,6.84,6.95,7922060,TRY
2018-03-19,6.96,7.0,6.87,6.96,3470527,TRY
2018-03-20,7.0,7.03,6.82,6.85,3833804,TRY
2018-03-21,6.89,6.95,6.82,6.89,2838240,TRY
2018-03-22,6.91,6.93,6.76,6.78,6490049,TRY
2018-03-23,6.76,6.76,6.64,6.72,5358665,TRY
2018-03-26,6.75,6.88,6.74,6.83,3918554,TRY
2018-03-27,6.9,6.9,6.85,6.85,3609894,TRY
2018-03-28,6.85,6.92,6.68,6.7,6252410,TRY
2018-03-29,6.71,6.8,6.69,6.71,3990549,TRY
2018-03-30,6.72,6.75,6.65,6.65,1436813,TRY
2018-04-02,6.66,6.68,6.55,6.55,1124406,TRY
2018-04-03,6.55,6.69,6.55,6.66,4841201,TRY
2018-04-04,6.67,6.71,6.6,6.66,2261157,TRY
2018-04-05,6.67,6.72,6.56,6.65,6340012,TRY
2018-04-06,6.61,6.62,6.49,6.5,5016681,TRY
2018-04-09,6.57,6.57,6.22,6.28,8097564,TRY
2018-04-10,6.3,6.32,6.04,6.1,6693656,TRY
2018-04-11,6.09,6.15,5.84,6.02,7622793,TRY
2018-04-12,6.02,6.17,5.99,6.1,9117174,TRY
2018-04-13,6.12,6.22,6.06,6.08,4550059,TRY
2018-04-16,6.1,6.15,6.07,6.1,2515455,TRY
2018-04-17,6.14,6.22,6.03,6.14,8898598,TRY
2018-04-18,6.15,6.34,6.09,6.34,6478148,TRY
2018-04-19,6.34,6.43,6.31,6.39,4244987,TRY
2018-04-20,6.34,6.37,6.29,6.36,6209385,TRY
2018-04-24,6.36,6.41,6.31,6.38,4937929,TRY
2018-04-25,6.4,6.4,6.23,6.35,7130949,TRY
2018-04-26,6.36,6.42,6.2,6.42,5747368,TRY
2018-04-27,6.45,6.47,6.37,6.44,4788124,TRY
2018-04-30,6.46,6.46,6.26,6.28,5647727,TRY
2018-05-02,6.28,6.28,6.12,6.16,5034184,TRY
2018-05-03,6.15,6.15,5.87,5.95,7400761,TRY
2018-05-04,5.95,5.95,5.66,5.8,7621153,TRY
2018-05-07,5.8,5.87,5.71,5.73,2889814,TRY
2018-05-08,5.78,5.79,5.65,5.68,3880064,TRY
2018-05-09,5.66,5.92,5.51,5.77,5165058,TRY
2018-05-10,5.86,5.86,5.67,5.81,2492953,TRY
2018-05-11,5.82,5.92,5.72,5.78,3189401,TRY
2018-05-14,5.74,5.97,5.74,5.92,2533948,TRY
2018-05-15,5.75,5.75,5.59,5.63,9558580,TRY
2018-05-16,5.63,5.77,5.51,5.62,5270160,TRY
2018-05-17,5.44,5.67,5.44,5.59,3928597,TRY
2018-05-18,5.6,5.74,5.54,5.7,4987483,TRY
2018-05-21,5.66,6.03,5.6,5.73,6858956,TRY
2018-05-22,5.76,6.31,5.68,6.19,23602476,TRY
2018-05-23,6.19,6.24,5.95,6.12,8525387,TRY
2018-05-24,6.16,6.46,6.15,6.34,6691747,TRY
2018-05-25,6.42,6.58,6.34,6.52,5098446,TRY
2018-05-28,6.63,6.65,6.49,6.52,2127037,TRY
2018-05-29,6.55,6.55,6.38,6.43,3698294,TRY
2018-05-30,6.43,6.43,5.9,5.9,23379508,TRY
2018-05-31,5.97,6.33,5.79,5.93,67569120,TRY
2018-06-01,5.98,6.22,5.58,5.6,19508488,TRY
2018-06-04,5.65,5.73,5.44,5.44,4816837,TRY
2018-06-05,5.52,5.62,5.27,5.29,7561115,TRY
2018-06-06,5.33,5.63,5.16,5.33,10923472,TRY
2018-06-07,5.32,5.37,5.15,5.31,9004028,TRY
2018-06-08,5.3,5.41,5.18,5.37,6467011,TRY
2018-06-11,5.39,5.4,5.26,5.32,6293576,TRY
2018-06-12,5.27,5.39,5.27,5.29,3938200,TRY
2018-06-13,5.29,5.36,5.21,5.21,2450437,TRY
2018-06-14,5.22,5.22,5.1,5.16,2954380,TRY
2018-06-18,5.16,5.16,4.87,4.93,5169598,TRY
2018-06-19,4.88,4.98,4.73,4.89,9670330,TRY
2018-06-20,4.89,5.09,4.86,4.98,11739104,TRY
2018-06-21,4.98,5.05,4.97,5.02,4045566,TRY
2018-06-22,5.03,5.05,4.95,4.96,2971514,TRY
2018-06-25,5.12,5.15,4.85,4.9,5855838,TRY
2018-06-26,4.61,5.01,4.61,4.93,3480172,TRY
2018-06-27,4.93,5.04,4.92,5.02,3990617,TRY
2018-06-28,5.02,5.18,4.98,5.1,6229082,TRY
2018-06-29,5.14,5.19,4.99,4.99,7074222,TRY
2018-07-02,4.97,5.02,4.92,4.98,3185298,TRY
2018-07-03,4.99,5.03,4.91,4.92,3658109,TRY
2018-07-04,4.94,5.17,4.9,5.11,12222722,TRY
2018-07-05,5.13,5.48,5.1,5.27,26133466,TRY
2018-07-06,5.34,5.8,5.34,5.58,35650216,TRY
2018-07-09,5.64,5.84,5.42,5.5,21426744,TRY
2018-07-10,5.37,5.48,5.23,5.25,13732863,TRY
2018-07-11,5.24,5.24,4.66,4.67,16837356,TRY
2018-07-12,4.69,4.85,4.54,4.71,15238697,TRY
2018-07-13,4.73,4.74,4.6,4.66,4874595,TRY
2018-07-16,4.73,4.77,4.6,4.65,4849958,TRY
2018-07-17,4.65,4.73,4.61,4.71,5466935,TRY
2018-07-18,4.71,4.85,4.7,4.82,10102000,TRY
2018-07-19,4.85,4.94,4.82,4.86,9040037,TRY
2018-07-20,4.89,5.17,4.87,5.1,11120195,TRY
2018-07-23,5.17,5.23,4.95,5.02,14324169,TRY
2018-07-24,5.04,5.06,4.72,4.72,7235548,TRY
2018-07-25,4.72,4.95,4.66,4.94,9885040,TRY
2018-07-26,4.97,5.02,4.78,4.87,8752163,TRY
2018-07-27,4.87,4.91,4.73,4.78,6757019,TRY
2018-07-30,4.8,4.83,4.73,4.78,5195742,TRY
2018-07-31,4.79,4.82,4.74,4.8,6642270,TRY
2018-08-01,4.78,4.92,4.76,4.79,8586393,TRY
2018-08-02,4.68,4.72,4.52,4.55,8134685,TRY
2018-08-03,4.55,4.64,4.54,4.57,8016111,TRY
2018-08-06,4.56,4.56,4.34,4.45,10667931,TRY
2018-08-07,4.45,4.59,4.34,4.56,13110348,TRY
2018-08-08,4.56,4.57,4.44,4.46,7302642,TRY
2018-08-09,4.38,4.52,4.34,4.38,12148503,TRY
2018-08-10,4.25,4.33,3.85,4.11,23700538,TRY
2018-08-13,4.11,4.11,3.88,3.91,17895648,TRY
2018-08-14,4.06,4.11,4.0,4.08,8801776,TRY
2018-08-15,4.14,4.17,3.84,3.86,9915698,TRY
2018-08-16,4.03,4.04,3.68,3.7,13560534,TRY
2018-08-17,3.7,3.73,3.45,3.67,16484309,TRY
2018-08-20,3.64,3.72,3.6,3.65,3315780,TRY
2018-08-27,3.69,3.73,3.61,3.67,5221772,TRY
2018-08-28,3.67,3.76,3.66,3.72,12947281,TRY
2018-08-29,3.76,3.88,3.74,3.75,22352922,TRY
2018-08-31,3.75,3.77,3.57,3.66,11419808,TRY
2018-09-03,3.64,3.73,3.61,3.7,13239563,TRY
2018-09-04,3.7,3.72,3.6,3.6,11190623,TRY
2018-09-05,3.6,3.6,3.46,3.48,9977065,TRY
2018-09-06,3.5,3.52,3.41,3.41,9701347,TRY
2018-09-07,3.43,3.47,3.34,3.41,11731928,TRY
2018-09-10,3.41,3.45,3.35,3.35,6194942,TRY
2018-09-11,3.37,3.39,3.32,3.32,7901905,TRY
2018-09-12,3.34,3.49,3.33,3.41,21145118,TRY
2018-09-13,3.43,3.62,3.39,3.58,34703496,TRY
2018-09-14,3.65,3.67,3.49,3.5,27615000,TRY
2018-09-17,3.48,3.53,3.39,3.39,11688100,TRY
2018-09-18,3.4,3.46,3.36,3.43,20905900,TRY
2018-09-19,3.46,3.69,3.44,3.65,57032100,TRY
2018-09-20,3.67,3.8,3.6,3.7,83293296,TRY
2018-09-21,3.74,3.85,3.72,3.77,95194400,TRY
2018-09-24,3.81,3.82,3.54,3.6,121748704,TRY
2018-09-25,3.62,3.92,3.54,3.66,215969792,TRY
2018-09-26,3.67,3.81,3.65,3.7,216100304,TRY
2018-09-27,3.71,3.88,3.62,3.69,326020192,TRY
2018-09-28,3.7,3.72,3.63,3.64,107659296,TRY
2018-10-01,3.65,3.87,3.64,3.79,322668000,TRY
2018-10-02,3.79,3.84,3.66,3.68,152121200,TRY
2018-10-03,3.69,3.78,3.65,3.71,138784496,TRY
2018-10-04,3.72,3.75,3.45,3.46,119826800,TRY
2018-10-05,3.47,3.54,3.37,3.53,116955800,TRY
2018-10-08,3.49,3.58,3.48,3.56,97237000,TRY
2018-10-09,3.57,3.65,3.55,3.65,119959200,TRY
2018-10-10,3.68,3.68,3.47,3.47,84200304,TRY
2018-10-11,3.44,3.51,3.43,3.49,57476900,TRY
2018-10-12,3.52,3.56,3.38,3.49,84405400,TRY
2018-10-15,3.52,3.68,3.52,3.67,104960400,TRY
2018-10-16,3.68,3.74,3.62,3.67,88311904,TRY
2018-10-17,3.72,3.72,3.61,3.66,57609200,TRY
2018-10-18,3.66,3.67,3.52,3.53,56700600,TRY
2018-10-19,3.54,3.56,3.48,3.48,35304400,TRY
2018-10-22,3.51,3.52,3.41,3.41,40489100,TRY
2018-10-23,3.38,3.41,3.25,3.25,52383000,TRY
2018-10-24,3.27,3.48,3.27,3.3,58992800,TRY
2018-10-25,3.3,3.31,3.25,3.29,30716100,TRY
2018-10-26,3.3,3.43,3.28,3.29,68075904,TRY
2018-10-30,3.33,3.35,3.17,3.24,39135000,TRY
2018-10-31,3.28,3.29,3.17,3.2,27312100,TRY
2018-11-01,3.22,3.39,3.19,3.39,43908500,TRY
2018-11-02,3.39,3.46,3.3,3.45,56417800,TRY
2018-11-05,3.44,3.59,3.41,3.59,63993000,TRY
2018-11-06,3.61,3.73,3.53,3.57,103789904,TRY
2018-11-07,3.61,3.84,3.59,3.83,148991808,TRY
2018-11-08,3.83,3.89,3.72,3.85,126240200,TRY
2018-11-09,3.82,3.88,3.71,3.74,69031504,TRY
2018-11-12,3.71,3.76,3.69,3.71,46135600,TRY
2018-11-13,3.72,3.73,3.62,3.7,46614300,TRY
2018-11-14,3.69,3.83,3.69,3.83,80219200,TRY
2018-11-15,3.83,3.96,3.82,3.85,78671600,TRY
2018-11-16,3.88,3.89,3.74,3.76,40083300,TRY
2018-11-19,3.76,3.82,3.73,3.82,25540600,TRY
2018-11-20,3.81,3.86,3.68,3.68,42254300,TRY
2018-11-21,3.7,3.74,3.67,3.73,23617900,TRY
2018-11-22,3.75,3.78,3.69,3.73,34526700,TRY
2018-11-23,3.73,3.78,3.69,3.73,44891000,TRY
2018-11-26,3.76,3.83,3.76,3.82,51756800,TRY
2018-11-27,3.83,3.93,3.8,3.89,72134800,TRY
2018-11-28,3.88,3.93,3.84,3.86,52787600,TRY
2018-11-29,3.9,3.98,3.89,3.93,58958700,TRY
2018-11-30,3.93,3.94,3.87,3.91,20524400,TRY
2018-12-03,3.95,4.04,3.92,4.03,69629104,TRY
2018-12-04,4.03,4.06,3.76,3.81,68598496,TRY
2018-12-05,3.78,3.89,3.76,3.87,37330500,TRY
2018-12-06,3.84,3.89,3.75,3.8,31069900,TRY
2018-12-07,3.83,3.88,3.79,3.86,19482800,TRY
2018-12-10,3.84,3.93,3.83,3.91,28940400,TRY
2018-12-11,3.91,3.97,3.88,3.94,35123400,TRY
2018-12-12,3.95,3.99,3.73,3.8,45760300,TRY
2018-12-13,3.82,3.88,3.77,3.87,21843400,TRY
2018-12-14,3.83,3.84,3.67,3.71,22942200,TRY
2018-12-17,3.72,3.74,3.66,3.66,15161000,TRY
2018-12-18,3.64,3.83,3.63,3.81,32788000,TRY
2018-12-19,3.83,3.94,3.81,3.91,30181500,TRY
2018-12-20,3.87,4.01,3.86,3.94,46029200,TRY
2018-12-21,3.94,3.98,3.89,3.96,22885300,TRY
2018-12-24,3.98,4.08,3.98,4.02,41454900,TRY
2018-12-25,3.98,4.01,3.9,3.94,12709900,TRY
2018-12-26,3.96,4.0,3.94,3.98,10098300,TRY
2018-12-27,4.01,4.02,3.93,3.93,14586100,TRY
2018-12-28,3.96,3.96,3.86,3.88,11371100,TRY
2018-12-31,3.88,3.9,3.85,3.9,6292700,TRY
2019-01-02,3.89,3.94,3.76,3.77,26097200,TRY
2019-01-03,3.74,3.78,3.51,3.53,47190000,TRY
2019-01-04,3.57,3.71,3.55,3.68,30638400,TRY
2019-01-07,3.72,3.79,3.7,3.72,31101600,TRY
2019-01-08,3.74,3.75,3.63,3.71,32327400,TRY
2019-01-09,3.73,3.75,3.66,3.71,26763800,TRY
2019-01-10,3.72,3.77,3.69,3.72,33909900,TRY
2019-01-11,3.73,3.76,3.7,3.73,21363600,TRY
2019-01-14,3.69,3.74,3.65,3.73,20149200,TRY
2019-01-15,3.75,3.77,3.72,3.74,20513600,TRY
2019-01-16,3.76,3.97,3.73,3.96,73962496,TRY
2019-01-17,3.96,4.1,3.93,4.05,62582100,TRY
2019-01-18,4.07,4.11,4.04,4.05,45336200,TRY
2019-01-21,4.07,4.19,4.05,4.1,61108200,TRY
2019-01-22,4.1,4.22,4.08,4.22,62167500,TRY
2019-01-23,4.24,4.32,4.19,4.29,64068900,TRY
2019-01-24,4.3,4.61,4.28,4.6,108971400,TRY
2019-01-25,4.62,4.74,4.5,4.5,63607900,TRY
2019-01-28,4.51,4.65,4.43,4.44,66250300,TRY
2019-01-29,4.47,4.77,4.46,4.76,86337296,TRY
2019-01-30,4.78,4.93,4.72,4.93,89421296,TRY
2019-01-31,4.96,5.04,4.86,5.04,79945104,TRY
2019-02-01,5.01,5.2,4.92,4.98,71272000,TRY
2019-02-04,5.0,5.2,4.93,5.16,82873400,TRY
2019-02-05,5.2,5.23,5.07,5.08,42068900,TRY
2019-02-06,5.11,5.12,4.86,4.88,39607900,TRY
2019-02-07,4.89,5.1,4.85,5.01,56672000,TRY
2019-02-08,5.01,5.14,5.01,5.1,36982100,TRY
2019-02-11,5.15,5.4,5.12,5.38,65326500,TRY
2019-02-12,5.39,5.53,5.34,5.44,67873200,TRY
2019-02-13,5.48,5.53,5.3,5.32,41428800,TRY
2019-02-14,5.32,5.48,5.27,5.42,42664300,TRY
2019-02-15,5.44,5.46,5.19,5.28,33295900,TRY
2019-02-18,5.3,5.43,5.28,5.28,35724200,TRY
2019-02-19,5.3,5.43,5.13,5.2,54816500,TRY
2019-02-20,5.23,5.48,5.08,5.46,68205104,TRY
2019-02-21,5.46,5.47,5.17,5.23,50529600,TRY
2019-02-22,5.26,5.29,5.17,5.2,27936500,TRY
2019-02-25,5.24,5.39,5.21,5.29,43002500,TRY
2019-02-26,5.29,5.35,5.26,5.3,28565800,TRY
2019-02-27,5.31,5.37,5.25,5.3,32133500,TRY
2019-02-28,5.31,5.48,5.31,5.43,42919800,TRY
2019-03-01,5.45,5.45,5.12,5.2,33543900,TRY
2019-03-04,5.23,5.3,5.14,5.28,27709700,TRY
2019-03-05,5.27,5.35,5.19,5.23,33308600,TRY
2019-03-06,5.26,5.29,5.06,5.14,33835800,TRY
2019-03-07,5.14,5.22,4.97,5.04,33284300,TRY
2019-03-08,5.05,5.22,4.99,5.21,38794300,TRY
2019-03-11,5.22,5.23,5.12,5.13,13920600,TRY
2019-03-12,5.17,5.27,5.11,5.26,22614700,TRY
2019-03-13,5.26,5.31,5.21,5.25,30300600,TRY
2019-03-14,5.24,5.27,5.17,5.21,15954000,TRY
2019-03-15,5.24,5.4,5.23,5.32,37669400,TRY
2019-03-18,5.35,5.45,5.34,5.36,25036100,TRY
2019-03-19,5.37,5.5,5.35,5.46,27578400,TRY
2019-03-20,5.43,5.5,5.39,5.4,24860400,TRY
2019-03-21,5.44,5.48,5.22,5.27,30019600,TRY
2019-03-22,5.29,5.3,4.79,4.79,37573400,TRY
2019-03-25,4.85,4.9,4.56,4.56,44979000,TRY
2019-03-26,4.63,4.69,4.46,4.57,62736300,TRY
2019-03-27,4.62,4.66,4.21,4.29,47252400,TRY
2019-03-28,4.27,4.41,4.15,4.31,46143100,TRY
2019-03-29,4.31,4.44,4.21,4.35,28849200,TRY
2019-04-01,4.37,4.52,4.24,4.49,28698000,TRY
2019-04-02,4.45,4.57,4.39,4.44,34323700,TRY
2019-04-03,4.48,4.49,4.4,4.43,19856200,TRY
2019-04-04,4.43,4.62,4.4,4.61,30108600,TRY
2019-04-05,4.63,4.64,4.47,4.5,37100000,TRY
2019-04-08,4.5,4.51,4.33,4.34,22460500,TRY
2019-04-09,4.41,4.45,4.35,4.43,29895800,TRY
2019-04-10,4.45,4.46,4.38,4.41,21943900,TRY
2019-04-11,4.43,4.49,4.39,4.43,23976000,TRY
2019-04-12,4.41,4.43,4.32,4.38,18807500,TRY
2019-04-15,4.39,4.46,4.37,4.39,10453900,TRY
2019-04-16,4.4,4.46,4.37,4.41,16103500,TRY
2019-04-17,4.44,4.63,4.42,4.6,43494000,TRY
2019-04-18,4.55,4.57,4.44,4.44,26351800,TRY
2019-04-19,4.47,4.51,4.44,4.45,7275000,TRY
2019-04-22,4.39,4.45,4.39,4.4,4800900,TRY
2019-04-24,4.4,4.43,4.38,4.41,11773200,TRY
2019-04-25,4.41,4.44,4.18,4.19,22142900,TRY
2019-04-26,4.21,4.29,4.19,4.24,16048400,TRY
2019-04-29,4.26,4.26,4.15,4.18,14093400,TRY
2019-04-30,4.2,4.3,4.19,4.26,17708700,TRY
2019-05-02,4.27,4.33,4.22,4.23,19475200,TRY
2019-05-03,4.23,4.24,4.09,4.15,17535900,TRY
2019-05-06,4.12,4.12,3.91,4.05,21933300,TRY
2019-05-07,3.9,4.05,3.86,4.05,18956900,TRY
2019-05-08,4.15,4.38,4.13,4.31,55105100,TRY
2019-05-09,4.32,4.43,4.23,4.25,31720000,TRY
2019-05-10,4.3,4.37,4.25,4.32,20551400,TRY
2019-05-13,4.33,4.34,4.13,4.15,25778800,TRY
2019-05-14,4.18,4.44,4.17,4.43,32289800,TRY
2019-05-15,4.41,4.45,4.21,4.36,38282400,TRY
2019-05-16,4.37,4.52,4.32,4.35,45971600,TRY
2019-05-17,4.28,4.3,4.17,4.19,27377200,TRY
2019-05-20,4.21,4.23,4.16,4.18,18521300,TRY
2019-05-21,4.2,4.26,4.03,4.07,27414000,TRY
2019-05-22,4.06,4.11,3.95,3.96,16177500,TRY
2019-05-23,3.91,4.09,3.91,4.09,22584800,TRY
2019-05-24,4.12,4.21,4.11,4.17,22150700,TRY
2019-05-27,4.2,4.25,4.13,4.15,19496500,TRY
2019-05-28,4.18,4.32,4.16,4.3,33308100,TRY
2019-05-29,4.31,4.31,4.21,4.26,19703800,TRY
2019-05-30,4.31,4.53,4.31,4.51,39479700,TRY
2019-05-31,4.48,4.64,4.41,4.64,25072200,TRY
2019-06-03,4.66,4.68,4.55,4.62,9761000,TRY
2019-06-07,4.65,4.8,4.59,4.74,18826100,TRY
2019-06-10,4.75,4.75,4.63,4.73,23439900,TRY
2019-06-11,4.75,4.78,4.59,4.67,24030200,TRY
2019-06-12,4.66,4.75,4.62,4.7,21000400,TRY
2019-06-13,4.67,4.75,4.55,4.57,26576200,TRY
2019-06-14,4.6,4.63,4.53,4.6,21496900,TRY
2019-06-17,4.58,4.78,4.56,4.75,41597200,TRY
2019-06-18,4.75,4.91,4.72,4.91,33953300,TRY
2019-06-19,4.86,4.94,4.76,4.87,22738400,TRY
2019-06-20,4.97,5.01,4.82,4.84,32372300,TRY
2019-06-21,4.82,4.87,4.73,4.87,14260500,TRY
2019-06-24,5.03,5.06,4.81,4.83,27513400,TRY
2019-06-25,4.84,4.96,4.81,4.96,25512100,TRY
2019-06-26,4.95,5.06,4.94,5.03,28357200,TRY
2019-06-27,5.05,5.13,5.03,5.04,28519100,TRY
2019-06-28,5.07,5.09,4.96,4.98,21760000,TRY
2019-07-01,5.11,5.29,5.08,5.25,37798800,TRY
2019-07-02,5.25,5.31,5.17,5.26,24547900,TRY
2019-07-03,5.26,5.28,5.16,5.22,21087000,TRY
2019-07-04,5.26,5.37,5.26,5.36,23542300,TRY
2019-07-05,5.36,5.38,5.26,5.28,17967200,TRY
2019-07-08,5.16,5.23,5.13,5.19,19728800,TRY
2019-07-09,5.18,5.22,5.02,5.02,15597300,TRY
2019-07-10,5.0,5.22,4.89,5.22,15169300,TRY
2019-07-11,5.27,5.44,5.21,5.41,24237900,TRY
2019-07-12,5.43,5.47,5.24,5.3,21225900,TRY
2019-07-16,5.3,5.38,5.22,5.32,19192500,TRY
2019-07-17,5.34,5.41,5.27,5.39,15907900,TRY
2019-07-18,5.39,5.63,5.35,5.56,34390100,TRY
2019-07-19,5.62,5.74,5.54,5.61,24824500,TRY
2019-07-22,5.6,5.67,5.45,5.47,18179600,TRY
2019-07-23,5.48,5.71,5.47,5.56,20973000,TRY
2019-07-24,5.57,5.59,5.44,5.49,13725200,TRY
2019-07-25,5.51,5.59,5.41,5.53,25274000,TRY
2019-07-26,5.56,5.78,5.49,5.73,29139900,TRY
2019-07-29,5.73,5.85,5.59,5.76,28859000,TRY
2019-07-30,5.78,5.79,5.58,5.6,22407300,TRY
2019-07-31,5.62,5.63,5.39,5.39,51537100,TRY
2019-08-01,5.37,5.39,5.27,5.27,14210700,TRY
2019-08-02,5.26,5.37,5.21,5.21,16849900,TRY
2019-08-05,5.21,5.34,5.19,5.23,15777100,TRY
2019-08-06,5.25,5.42,5.25,5.42,24050500,TRY
2019-08-07,5.45,5.53,5.37,5.41,28561000,TRY
2019-08-08,5.47,5.63,5.45,5.63,21389400,TRY
2019-08-09,5.62,5.67,5.43,5.64,20505900,TRY
2019-08-15,5.59,5.6,5.25,5.25,23884600,TRY
2019-08-16,5.31,5.34,5.16,5.16,20799500,TRY
2019-08-19,5.22,5.45,5.18,5.34,40110200,TRY
2019-08-20,5.32,5.47,5.29,5.47,36739400,TRY
2019-08-21,5.46,5.5,5.38,5.43,21458800,TRY
2019-08-22,5.41,5.47,5.21,5.27,25788500,TRY
2019-08-23,5.29,5.43,5.24,5.41,15805500,TRY
2019-08-26,5.26,5.46,5.25,5.37,16680800,TRY
2019-08-27,5.38,5.39,5.23,5.23,18998300,TRY
2019-08-28,5.25,5.36,5.23,5.3,22591500,TRY
2019-08-29,5.31,5.34,5.27,5.3,14421700,TRY
2019-09-02,5.31,5.54,5.3,5.46,20382500,TRY
2019-09-03,5.46,5.69,5.45,5.65,30197800,TRY
2019-09-04,5.73,5.81,5.66,5.7,15494700,TRY
2019-09-05,5.71,5.76,5.66,5.66,19483000,TRY
2019-09-06,5.66,5.75,5.54,5.54,20113500,TRY
2019-09-09,5.6,5.64,5.55,5.59,15580500,TRY
2019-09-10,5.6,5.61,5.47,5.48,16071700,TRY
2019-09-11,5.5,5.56,5.47,5.49,15209500,TRY
2019-09-12,5.51,5.62,5.49,5.52,35847900,TRY
2019-09-13,5.54,5.65,5.5,5.64,47893200,TRY
2019-09-16,5.61,5.63,5.5,5.52,17184200,TRY
2019-09-17,5.53,5.54,5.27,5.37,28219900,TRY
2019-09-18,5.38,5.47,5.33,5.43,29793000,TRY
2019-09-19,5.43,5.75,5.3,5.66,78144600,TRY
2019-09-20,5.66,6.04,5.57,5.74,164036704,TRY
2019-09-23,5.79,5.9,5.7,5.84,50844400,TRY
2019-09-24,5.93,5.95,5.66,5.71,58646400,TRY
2019-09-25,5.71,5.87,5.65,5.8,55859300,TRY
2019-09-26,5.82,5.87,5.74,5.82,35523100,TRY
2019-09-27,5.8,5.88,5.75,5.82,47921700,TRY
2019-09-30,5.84,5.95,5.8,5.81,46894600,TRY
2019-10-01,5.83,5.85,5.63,5.73,33467700,TRY
2019-10-02,5.73,5.77,5.66,5.66,22072200,TRY
2019-10-03,5.69,5.7,5.49,5.52,26902800,TRY
2019-10-04,5.55,5.58,5.46,5.47,28966500,TRY
2019-10-07,5.46,5.6,5.41,5.45,26081500,TRY
2019-10-08,5.41,5.53,5.33,5.49,30635300,TRY
2019-10-09,5.51,5.55,5.38,5.38,23184400,TRY
2019-10-10,5.4,5.43,5.24,5.35,22063100,TRY
2019-10-11,5.4,5.47,5.38,5.47,16277800,TRY
2019-10-14,5.39,5.41,5.02,5.04,25133800,TRY
2019-10-15,5.15,5.23,5.1,5.19,18133300,TRY
2019-10-16,4.99,5.28,4.97,5.24,16527000,TRY
2019-10-17,5.23,5.31,5.14,5.23,12555300,TRY
2019-10-18,5.41,5.53,5.37,5.52,20480500,TRY
2019-10-21,5.53,5.62,5.48,5.56,16952000,TRY
2019-10-22,5.57,5.67,5.56,5.62,19855100,TRY
2019-10-23,5.68,5.76,5.67,5.75,15306400,TRY
2019-10-24,5.8,5.86,5.68,5.76,24064000,TRY
2019-10-25,5.75,5.83,5.74,5.8,14706200,TRY
2019-10-28,5.82,5.89,5.78,5.85,7751800,TRY
2019-10-30,5.81,5.82,5.73,5.77,14820200,TRY
2019-10-31,5.79,5.84,5.76,5.81,15160200,TRY
2019-11-01,5.94,6.05,5.83,6.01,56011100,TRY
2019-11-04,6.05,6.24,6.0,6.19,34104000,TRY
2019-11-05,6.19,6.3,6.12,6.25,31583900,TRY
2019-11-06,6.27,6.46,6.23,6.4,36475700,TRY
2019-11-07,6.44,6.61,6.44,6.58,29928500,TRY
2019-11-08,6.6,6.69,6.46,6.62,33415600,TRY
2019-11-11,6.58,6.64,6.51,6.55,21593500,TRY
2019-11-12,6.58,7.02,6.58,6.99,39335600,TRY
2019-11-13,7.02,7.03,6.85,6.95,20469000,TRY
2019-11-14,6.86,7.08,6.83,6.95,31472000,TRY
2019-11-15,6.98,7.04,6.89,6.94,15000900,TRY
2019-11-18,6.96,7.12,6.96,7.04,13413200,TRY
2019-11-19,7.06,7.2,6.98,7.12,22748700,TRY
2019-11-20,7.09,7.14,6.95,7.07,16819100,TRY
2019-11-21,7.06,7.26,7.06,7.18,19894600,TRY
2019-11-22,7.2,7.27,7.04,7.11,13291900,TRY
2019-11-25,7.13,7.19,6.9,6.93,20108500,TRY
2019-11-26,6.9,6.94,6.76,6.86,20247800,TRY
2019-11-27,6.83,7.03,6.8,6.83,27469200,TRY
2019-11-28,6.89,6.92,6.79,6.82,21422900,TRY
2019-11-29,6.82,6.87,6.74,6.76,11678700,TRY
2019-12-02,6.8,6.95,6.78,6.92,17388900,TRY
2019-12-03,6.88,7.13,6.87,6.96,20761700,TRY
2019-12-04,7.01,7.07,6.86,6.92,15989000,TRY
2019-12-05,6.95,7.41,6.89,7.12,48805700,TRY
2019-12-06,7.14,7.46,7.13,7.23,60756100,TRY
2019-12-09,7.27,7.27,7.09,7.15,22706400,TRY
2019-12-10,7.11,7.4,7.09,7.18,66235200,TRY
2019-12-11,7.16,7.19,7.02,7.02,21215700,TRY
2019-12-12,7.03,7.18,7.03,7.15,19160400,TRY
2019-12-13,7.18,7.32,7.14,7.18,20492200,TRY
2019-12-16,7.16,7.35,7.13,7.31,16503200,TRY
2019-12-17,7.32,7.37,7.19,7.25,11238700,TRY
2019-12-18,7.22,7.26,7.1,7.14,11716600,TRY
2019-12-19,7.17,7.2,7.12,7.16,7025400,TRY
2019-12-20,7.19,7.21,7.12,7.15,6600600,TRY
2019-12-23,7.16,7.2,7.13,7.17,6743600,TRY
2019-12-24,7.21,7.38,7.21,7.36,12892500,TRY
2019-12-25,7.36,7.4,7.33,7.4,3872500,TRY
2019-12-26,7.39,7.48,7.3,7.4,5821000,TRY
2019-12-27,7.4,7.4,7.3,7.36,5118000,TRY
2019-12-30,7.37,7.41,7.31,7.34,8257500,TRY
2019-12-31,7.36,7.45,7.34,7.37,8068100,TRY
